0 0
1 1
2 0
3 0
4 0
5 0
6 0
7 0
8 0
9 1
10 0
11 0
12 1
13 1
14 0
15 1
16 0
17 0
18 1
19 1
20 1
21 1
22 1
23 1
24 1
25 1
26 1
27 1
28 1
29 1
30 1
31 1
32 1
33 1
34 1
35 1
36 1
37 1
38 1
39 1
40 1
41 1
42 1
43 1
44 1
45 1
46 1
47 1
48 1
49 1
50 1
51 1
52 1
53 1
54 1
55 1
56 1
57 1
58 1
59 1
60 1
61 1
62 1
63 1
64 1
65 1
66 1
67 1
68 1
69 1
70 1
71 1
72 1
73 1
74 1
75 1
76 1
77 1
78 1
79 1
80 1
81 1
82 1
83 1
84 1
85 1
86 1
87 1
88 1
89 1
90 1
91 1
92 1
93 1
94 1
95 1
96 1
97 1
98 1
99 1
100 1
101 1
102 1
103 1
104 1
105 1
106 1
107 1
108 1
109 1
110 1
111 1
112 1
113 1
114 1
115 1
116 1
117 1
118 1
119 1
120 1
121 1
122 1
123 1
124 1
125 1
126 1
127 1
128 1
129 1
130 1
131 1
132 1
133 1
134 1
135 1
136 1
137 1
138 1
139 1
140 1
141 1
142 1
143 1
144 1
145 1
146 1
147 1
148 1
149 1
150 1
151 1
152 1
153 1
154 1
155 1
156 1
157 1
158 1
159 1
160 1
161 1
162 1
163 1
164 1
165 1
166 1
167 1
168 1
169 1
170 1
171 1
172 1
173 1
174 1
175 1
176 1
177 1
178 1
179 1
180 1
181 1
182 1
183 1
184 1
185 1
186 1
187 1
188 1
189 2
190 2
191 1
192 1
193 1
194 1
195 2
196 2
197 2
198 2
199 2
200 2
201 1
202 2
203 1
204 2
205 2
206 2
207 2
208 2
209 2
210 2
211 2
212 2
213 2
214 2
215 2
216 2
217 2
218 2
219 2
220 2
221 2
222 2
223 2
224 2
225 2
226 2
227 2
228 2
229 2
230 2
231 2
232 2
233 2
234 2
235 2
236 2
237 2
238 2
239 2
240 2
241 2
242 2
243 2
244 2
245 2
246 2
247 2
248 2
249 2
250 2
251 2
252 2
253 2
254 2
255 2
256 2
257 2
258 2
259 2
260 2
261 2
262 2
263 2
264 2
265 2
266 2
267 2
268 2
269 2
270 2
271 2
272 2
273 2
274 2
275 2
276 2
277 2
278 2
279 2
280 2
281 2
282 2
283 2
284 2
285 2
286 2
287 2
288 2
289 2
290 2
291 2
292 2
293 2
294 2
295 2
296 2
297 2
298 2
299 2
300 2
301 2
302 2
303 2
304 2
305 2
306 2
307 2
308 2
309 2
310 2
311 2
312 2
313 2
314 2
315 2
316 2
317 2
318 2
319 2
320 2
321 2
322 2
323 2
324 2
325 2
326 2
327 2
328 2
329 2
330 2
331 2
332 2
333 2
334 2
335 2
336 2
337 2
338 2
339 2
340 2
341 2
342 2
343 2
344 2
345 3
346 2
347 2
348 3
349 2
350 3
351 3
352 2
353 2
354 3
355 2
356 3
357 3
358 2
359 3
360 3
361 3
362 3
363 3
364 3
365 3
366 3
367 3
368 2
369 3
370 3
371 3
372 3
373 3
374 3
375 3
376 3
377 3
378 3
379 3
380 3
381 3
382 3
383 3
384 3
385 3
386 3
387 3
388 3
389 3
390 3
391 3
392 3
393 3
394 3
395 3
396 3
397 3
398 3
399 3
400 3
401 3
402 3
403 3
404 3
405 3
406 3
407 3
408 3
409 3
410 3
411 3
412 3
413 3
414 3
415 3
416 3
417 3
418 3
419 3
420 3
421 3
422 3
423 3
424 3
425 3
426 3
427 3
428 3
429 3
430 3
431 3
432 3
433 3
434 3
435 3
436 3
437 3
438 3
439 3
440 3
441 3
442 3
443 3
444 3
445 3
446 3
447 3
448 3
449 3
450 3
451 3
452 3
453 3
454 3
455 3
456 3
457 3
458 3
459 3
460 3
461 3
462 3
463 3
464 3
465 3
466 3
467 3
468 3
469 3
470 3
471 3
472 3
473 3
474 3
475 3
476 3
477 3
478 3
479 3
480 3
481 3
482 3
483 3
484 3
485 3
486 4
487 3
488 3
489 3
490 3
491 3
492 3
493 3
494 3
495 3
496 4
497 4
498 3
499 3
500 3
501 3
502 4
503 3
504 3
505 4
506 4
507 4
508 4
509 4
510 3
511 4
512 3
513 3
514 4
515 3
516 3
517 3
518 3
519 4
520 4
521 3
522 4
523 3
524 4
525 4
526 4
527 3
528 3
529 4
530 4
531 4
532 4
533 4
534 4
535 3
536 4
537 4
538 4
539 3
540 3
541 4
542 3
543 4
544 4
545 4
546 4
547 4
548 4
549 4
550 4
551 4
552 4
553 4
554 4
555 4
556 4
557 4
558 4
559 4
560 4
561 4
562 4
563 4
564 4
565 4
566 4
567 4
568 4
569 4
570 4
571 4
572 4
573 4
574 4
575 4
576 4
577 4
578 4
579 4
580 4
581 4
582 4
583 4
584 4
585 4
586 4
587 4
588 4
589 4
590 4
591 4
592 4
593 4
594 4
595 4
596 4
597 4
598 4
599 4
600 4
601 4
602 4
603 4
604 4
605 4
606 4
607 4
608 4
609 4
610 4
611 4
612 4
613 4
614 4
615 4
616 4
617 4
618 4
619 4
620 4
621 4
622 4
623 4
624 4
625 4
626 4
627 4
628 4
629 4
630 4
631 4
632 4
633 4
634 4
635 4
636 4
637 4
638 4
639 4
640 4
641 4
642 4
643 4
644 4
645 4
646 4
647 4
648 4
649 4
650 4
651 4
652 4
653 4
654 4
655 4
656 4
657 4
658 4
659 4
660 4
661 4
662 4
663 4
664 4
665 4
666 4
667 4
668 4
669 4
670 4
671 4
672 4
673 4
674 4
675 4
676 4
677 4
678 4
679 4
680 4
681 4
682 4
683 4
684 4
685 4
686 4
687 4
688 4
689 4
690 4
691 4
692 4
693 4
694 4
695 4
696 4
697 4
698 4
699 4
700 4
701 4
702 4
703 4
704 4
705 4
706 4
707 4
708 4
709 4
710 4
711 4
712 4
713 4
714 4
715 4
716 4
717 4
718 4
719 4
720 4
721 4
722 4
723 4
724 4
725 4
726 4
727 4
728 4
729 4
730 4
731 4
732 4
733 4
734 4
735 4
736 4
737 4
738 4
739 4
740 4
741 4
742 4
743 4
744 4
745 4
746 4
747 4
748 4
749 4
750 4
751 4
752 4
753 4
754 4
755 4
756 4
757 4
758 5
759 5
760 5
761 5
762 5
763 5
764 5
765 5
766 5
767 5
768 5
769 5
770 5
771 5
772 5
773 5
774 5
775 5
776 5
777 5
778 5
779 5
780 6
781 6
782 6
783 6
784 6
785 6
786 6
787 6
788 6
789 6
790 6
791 6
792 6
793 6
794 6
795 6
796 6
797 6
798 6
799 6
800 6
801 6
802 6
803 6
804 6
805 6
806 7
807 7
808 7
809 7
810 7
811 7
812 7
813 7
814 7
815 7
816 7
817 7
818 7
819 7
820 7
821 7
822 7
823 7
824 7
825 7
826 7
827 7
828 7
829 7
830 7
831 7
832 7
833 7
834 7
835 7
836 7
837 7
838 7
839 7
840 7
841 7
842 7
843 7
844 7
845 7
846 7
847 7
848 7
849 7
850 7
851 7
852 7
853 7
854 7
855 7
856 7
857 7
858 7
859 7
860 7
861 7
862 7
863 7
864 7
865 7
866 7
867 7
868 7
869 7
870 7
871 7
872 7
873 7
874 7
875 7
876 7
877 7
878 7
879 7
880 7
881 7
882 7
883 7
884 7
885 7
886 7
887 7
888 7
889 7
890 7
891 7
892 7
893 7
894 7
895 7
896 7
897 7
898 7
899 7
900 7
901 7
902 7
903 7
904 7
905 7
906 7
907 7
908 7
909 7
910 7
911 7
912 7
913 7
914 7
915 7
916 7
917 7
918 7
919 7
920 7
921 7
922 7
923 7
924 7
925 7
926 8
927 7
928 7
929 7
930 7
931 7
932 7
933 7
934 7
935 7
936 7
937 7
938 7
939 8
940 8
941 7
942 7
943 8
944 7
945 7
946 8
947 7
948 7
949 8
950 7
951 7
952 8
953 8
954 8
955 8
956 8
957 8
958 8
959 8
960 8
961 8
962 8
963 8
964 8
965 8
966 8
967 8
968 8
969 8
970 8
971 8
972 8
973 8
974 8
975 8
976 8
977 8
978 8
979 8
980 8
981 8
982 8
983 8
984 8
985 8
986 8
987 8
988 8
989 8
990 8
991 8
992 8
993 8
994 8
995 8
996 8
997 8
998 8
999 8
1000 8
1001 8
1002 8
1003 8
1004 8
1005 8
1006 8
1007 8
1008 8
1009 8
1010 8
1011 8
1012 8
1013 8
1014 8
1015 8
1016 8
1017 8
1018 8
1019 8
1020 8
1021 8
1022 8
1023 8
1024 8
1025 8
1026 8
1027 8
1028 8
1029 8
1030 8
1031 8
1032 8
1033 8
1034 8
1035 8
1036 8
1037 8
1038 8
1039 8
1040 8
1041 8
1042 8
1043 8
1044 8
1045 8
1046 8
1047 8
1048 8
1049 8
1050 8
1051 8
1052 8
1053 8
1054 8
1055 8
1056 8
1057 8
1058 8
1059 8
1060 8
1061 8
1062 8
1063 8
1064 8
1065 8
1066 8
1067 8
1068 8
1069 8
1070 8
1071 8
1072 8
1073 8
1074 8
1075 8
1076 8
1077 8
1078 8
1079 8
1080 8
1081 8
1082 8
1083 8
1084 8
1085 8
1086 8
1087 8
1088 8
1089 8
1090 8
1091 8
1092 8
1093 8
1094 8
1095 8
1096 8
1097 8
1098 8
1099 8
1100 8
1101 8
1102 8
1103 8
1104 8
1105 8
1106 8
1107 8
1108 8
1109 8
1110 8
1111 9
1112 8
1113 8
1114 8
1115 8
1116 8
1117 8
1118 8
1119 8
1120 8
1121 9
1122 8
1123 8
1124 8
1125 8
1126 9
1127 8
1128 8
1129 8
1130 8
1131 9
1132 8
1133 9
1134 8
1135 8
1136 9
1137 9
1138 9
1139 9
1140 8
1141 9
1142 8
1143 9
1144 8
1145 9
1146 8
1147 9
1148 9
1149 9
1150 8
1151 8
1152 9
1153 9
1154 9
1155 9
1156 8
1157 8
1158 9
1159 9
1160 9
1161 9
1162 9
1163 9
1164 9
1165 9
1166 9
1167 9
1168 9
1169 9
1170 9
1171 9
1172 9
1173 9
1174 9
1175 9
1176 9
1177 9
1178 9
1179 9
1180 9
1181 9
1182 9
1183 9
1184 9
1185 9
1186 9
1187 9
1188 9
1189 9
1190 9
1191 9
1192 9
1193 9
1194 9
1195 9
1196 9
1197 9
1198 9
1199 9
1200 9
1201 9
1202 9
1203 9
1204 9
1205 9
1206 9
1207 9
1208 9
1209 9
1210 9
1211 9
1212 9
1213 9
1214 9
1215 9
1216 9
1217 9
1218 9
1219 9
1220 9
1221 9
1222 9
1223 9
1224 9
1225 9
1226 9
1227 9
1228 9
1229 9
1230 9
1231 9
1232 9
1233 9
1234 9
1235 9
1236 9
1237 9
1238 9
1239 9
1240 9
1241 9
1242 9
1243 9
1244 9
1245 9
1246 9
1247 9
1248 9
1249 9
1250 9
1251 9
1252 9
1253 9
1254 9
1255 9
1256 9
1257 9
1258 9
1259 9
1260 9
1261 9
1262 9
1263 9
1264 9
1265 9
1266 9
1267 9
1268 9
1269 9
1270 9
1271 9
1272 9
1273 9
1274 9
1275 9
1276 9
1277 9
1278 9
1279 9
1280 9
1281 9
1282 9
1283 9
1284 9
1285 9
1286 9
1287 9
1288 9
1289 9
1290 9
1291 9
1292 9
1293 9
1294 9
1295 9
1296 9
1297 9
1298 9
1299 9
1300 9
1301 9
1302 9
1303 9
1304 9
1305 9
1306 10
1307 10
1308 10
1309 9
1310 10
1311 10
1312 10
1313 10
1314 10
1315 10
1316 10
1317 10
1318 10
1319 10
1320 10
1321 10
1322 10
1323 10
1324 10
1325 10
1326 10
1327 10
1328 10
1329 10
1330 10
1331 10
1332 10
1333 10
1334 10
1335 10
1336 10
1337 10
1338 10
1339 10
1340 10
1341 10
1342 10
1343 10
1344 10
1345 10
1346 10
1347 10
1348 10
1349 10
1350 10
1351 10
1352 10
1353 10
1354 10
1355 10
1356 10
1357 10
1358 10
1359 10
1360 10
1361 10
1362 10
1363 10
1364 10
1365 10
1366 10
1367 10
1368 10
1369 10
1370 10
1371 10
1372 10
1373 10
1374 10
1375 10
1376 10
1377 10
1378 10
1379 10
1380 10
1381 10
1382 10
1383 10
1384 10
1385 10
1386 10
1387 10
1388 10
1389 10
1390 10
1391 10
1392 10
1393 10
1394 10
1395 10
1396 10
1397 10
1398 10
1399 10
1400 10
1401 10
1402 10
1403 10
1404 10
1405 10
1406 10
1407 10
1408 10
1409 10
1410 10
1411 10
1412 10
1413 10
1414 10
1415 10
1416 10
1417 10
1418 10
1419 10
1420 10
1421 10
1422 10
1423 10
1424 10
1425 10
1426 10
1427 10
1428 10
1429 10
1430 10
1431 10
1432 10
1433 10
1434 10
1435 10
1436 10
1437 10
1438 10
1439 10
1440 10
1441 10
1442 10
1443 10
1444 10
1445 10
1446 10
1447 10
1448 10
1449 10
1450 10
1451 10
1452 10
1453 10
1454 10
1455 10
1456 10
1457 10
1458 10
1459 10
1460 10
1461 10
1462 10
1463 10
1464 10
1465 10
1466 10
1467 10
1468 10
1469 10
1470 10
1471 10
1472 10
1473 10
1474 10
1475 10
1476 10
1477 10
1478 10
1479 10
1480 10
1481 10
1482 10
1483 10
1484 10
1485 10
1486 10
1487 10
1488 10
1489 10
1490 10
1491 10
1492 10
1493 10
1494 10
1495 10
1496 10
1497 10
1498 10
1499 10
1500 10
1501 10
1502 10
1503 10
1504 10
1505 10
1506 10
1507 10
1508 10
1509 10
1510 10
1511 10
1512 10
1513 10
1514 10
1515 10
1516 10
1517 10
1518 10
1519 10
1520 10
1521 10
1522 10
1523 10
1524 10
1525 10
1526 10
1527 10
1528 10
1529 10
1530 10
1531 10
1532 10
1533 10
1534 10
1535 10
1536 10
1537 10
1538 10
1539 10
1540 10
1541 10
1542 10
1543 10
1544 10
1545 10
1546 10
1547 10
1548 10
1549 10
1550 10
1551 10
1552 10
1553 10
1554 10
1555 10
1556 10
1557 10
1558 10
1559 10
1560 10
1561 10
1562 10
1563 11
1564 11
1565 11
1566 11
1567 11
1568 11
1569 11
1570 11
1571 11
1572 11
1573 11
1574 11
1575 11
1576 11
1577 11
1578 11
1579 11
1580 11
1581 11
1582 11
1583 11
1584 11
1585 11
1586 11
1587 11
1588 11
1589 11
1590 11
1591 11
1592 11
1593 11
1594 11
1595 11
1596 11
1597 11
1598 11
1599 11
1600 11
1601 11
