110 1.0
103 0.964886114817
114 0.96374176844
102 0.963148195468
96 0.962630545393
92 0.962554056321
94 0.962317260263
99 0.962141983074
83 0.961621042812
124 0.961497539378
88 0.961364693705
85 0.961233517252
89 0.961233413973
86 0.961016362054
77 0.960759616065
78 0.960715331884
80 0.960703203764
91 0.960623993019
120 0.960612292041
93 0.960608241542
75 0.960050016983
74 0.959991657318
68 0.959485171784
66 0.959454260151
65 0.959361373734
64 0.959310955429
63 0.959200740823
60 0.958986878618
56 0.958784144648
53 0.957997942392
52 0.957685799537
115 0.957249967075
48 0.956608800326
123 0.956111359336
41 0.955725258569
45 0.955554236173
36 0.955420602321
38 0.955420599283
119 0.955210873983
39 0.95507233086
26 0.9549682985
23 0.954854573734
29 0.954853993763
18 0.954807232592
125 0.954708762304
19 0.95470528066
20 0.954684700009
14 0.954673317243
17 0.954670028339
11 0.954482211124
10 0.954246196329
8 0.954217926207
9 0.954092596083
7 0.953856726789
133 0.953085180994
132 0.953085180994
5 0.951548913155
134 0.950552593237
136 0.950136751707
135 0.949640571622
140 0.949524673293
1 0.948587554503
2 0.948566064014
3 0.948430534875
138 0.948082211117
143 0.946245072817
149 0.94357927476
152 0.94250797552
159 0.940559036705
163 0.939842961278
164 0.939261183294
166 0.938992643499
167 0.938904470285
169 0.938893509322
170 0.938424055488
176 0.93796374985
173 0.937872526991
174 0.937865294129
179 0.937742002556
182 0.937599240671
178 0.93747475235
185 0.93742774421
186 0.937400614171
188 0.937201030613
195 0.937151908006
190 0.937145826086
189 0.93713137125
191 0.937119678533
196 0.936927213653
194 0.93691255927
199 0.93682775258
202 0.936770804759
203 0.936749057724
209 0.936480350875
210 0.936304498838
213 0.936288223236
212 0.93614760279
215 0.936144338024
224 0.935873417721
217 0.935841333861
223 0.935818277861
220 0.935808355633
222 0.935794149827
228 0.0166027444564
230 0.000390737747618
243 0.000386224098851
232 0.000378890600296
265 0.000304467951144
235 0.000300882545867
257 0.000299711279119
239 0.000297481086345
234 0.00029736566221
250 0.000296776175642
270 0.00029648994134
252 0.000295500415663
236 0.000292823676085
247 0.000292184949543
269 0.000287928838024
242 0.000284638321853
276 0.000284238437593
255 0.000282679656578
290 0.000281030558342
244 0.000280075761473
240 0.00027933045339
249 0.000278015522066
300 0.000277929422375
297 0.000277534265199
261 0.000277400614839
302 0.000276711356538
296 0.000276153532269
268 0.000274211755783
256 0.000273691412214
260 0.000273005883655
283 0.000272937115434
238 0.000272011330071
229 0.000271956404636
233 0.00027187409677
294 0.000271358697522
259 0.000271218550769
241 0.000270990691333
248 0.000270734460546
267 0.00027072838052
258 0.000270565785218
266 0.000269624192039
264 0.00026924063413
253 0.000269218111748
310 0.000269199707394
282 0.000269034935873
285 0.000268767508625
301 0.0002687311969
299 0.000268097178441
292 0.000267795199881
291 0.000267688209972
287 0.00026766641649
251 0.000267660450497
271 0.000267605261848
273 0.00026747896822
245 0.000267147605946
272 0.000267037523358
298 0.00026678934963
237 0.000266563658779
254 0.000266211193228
262 0.000266207492255
279 0.000266138539262
307 0.000265483057881
323 0.000265479587193
314 0.000265022806803
286 0.000265018983201
231 0.000264795823846
274 0.000264638457588
277 0.000263816078289
313 0.000263789080322
288 0.000263710878035
246 0.000263656515615
315 0.000263332799741
305 0.000263327527378
278 0.000263017029628
281 0.000262918889924
280 0.000262757793766
263 0.000262754797008
303 0.000262726943568
324 0.0002626242451
321 0.000262261210046
275 0.000261717727045
306 0.00026159918198
284 0.000261525576964
295 0.000260538446999
293 0.00026038311822
289 0.000259993102399
309 0.000259388928794
304 0.00025901332669
316 0.000258747518059
342 0.000258344319229
334 0.000258236120934
308 0.000258209138742
320 0.000258114232246
338 0.000257927509955
335 0.000257922162606
327 0.000257838612934
311 0.000257633468069
318 0.000257590377645
337 0.000257585231744
312 0.000257025110435
325 0.000256149389657
319 0.000256050499221
322 0.000255616803847
345 0.000255489085627
332 0.000255467860019
340 0.000255269938753
317 0.000255114258081
330 0.000255024737698
333 0.000254585219039
341 0.000254428405186
329 0.00025439578935
339 0.000254314469442
336 0.000253764775686
346 0.000253754841378
348 0.000253701411531
331 0.000253245207427
353 0.000252715796199
326 0.000252547202726
328 0.000252475942548
360 0.000251912130988
344 0.000251844413597
363 0.000250636689931
352 0.000250115185924
347 0.000250034536839
343 0.000249879847307
368 0.000249814137017
361 0.000249706378938
355 0.000249059462768
351 0.00024903157366
362 0.000248880682608
365 0.00024883652954
349 0.000248608894451
350 0.000248394671395
356 0.000248110986286
364 0.000247919504536
357 0.000247626427392
358 0.000247626121555
354 0.000247425602937
367 0.000247353065357
370 0.00024721994822
359 0.00024684521399
366 0.000246009258122
371 0.000245900956138
380 0.000245839494091
369 0.000245713274326
372 0.00024456686064
382 0.000244452182007
373 0.000244364216597
385 0.000244231021966
376 0.000244221252549
379 0.000244078687432
375 0.000243982710683
374 0.000243902797762
386 0.000243638534278
377 0.000242823312229
378 0.000242378760421
387 0.000241687669784
381 0.000241328332457
384 0.000241104279097
396 0.000240279907287
390 0.000239869755996
397 0.000239680587906
391 0.000239589842393
401 0.000239332698941
388 0.000238989316783
394 0.000238663961083
392 0.000238096710096
383 0.000238037458816
389 0.000237903621806
393 0.000236810260618
411 0.000236668850364
399 0.000236580127427
395 0.000236270794427
404 0.000236226929551
398 0.000236124616001
407 0.000235605684279
412 0.000235593388771
417 0.000235312462726
405 0.000235201609802
408 0.000234859716495
402 0.000234828207522
403 0.00023480546562
422 0.000234302959812
420 0.000233989530871
413 0.00023396996232
415 0.000233898250005
400 0.000233274038887
414 0.000233246561444
406 0.000232938384977
409 0.000232873804803
410 0.000232613509551
419 0.000232524423386
421 0.00023157568441
416 0.000231116725249
431 0.000230991983457
432 0.00023044508058
440 0.000230252732383
429 0.000230165512461
435 0.000229249105938
433 0.00022899325599
428 0.00022896909575
430 0.000228726108501
425 0.000228686320125
443 0.00022866635488
441 0.000228606023481
418 0.000228375269082
437 0.000228291831976
423 0.000228057196073
424 0.000227952202692
426 0.000227886279461
427 0.000227340301263
448 0.000227337131503
434 0.00022687977293
439 0.00022663779043
438 0.000226313891958
450 0.000226301600424
444 0.000226085130291
442 0.000226079111824
445 0.000225839547304
449 0.00022573609213
436 0.00022559490912
456 0.000225531443092
447 0.000225373266072
457 0.000225223869208
454 0.000225121880768
459 0.000224998903363
451 0.000224824105978
452 0.000224770251726
453 0.000224766621024
461 0.000224631854904
446 0.000224601289553
466 0.000224001351795
455 0.000223918797273
458 0.000223870478023
460 0.000223764804167
462 0.000223722112239
470 0.000222987265388
469 0.000222934620975
463 0.000222907757862
472 0.000222857530604
464 0.000222712781893
467 0.000222646985736
465 0.00022264508928
476 0.000222625025493
477 0.000222564878628
478 0.000222492253286
471 0.000222265928076
475 0.000222058773895
468 0.000221913247227
473 0.000221428092443
474 0.000221345449358
480 0.000221336638516
485 0.000221129773053
486 0.000221129477791
481 0.000221025288008
494 0.000220603810508
492 0.000220535875304
490 0.000220473426665
491 0.000220153602665
488 0.000219983338288
483 0.00021992605104
505 0.00021989832462
484 0.00021977299633
487 0.000219756853122
482 0.000219747967837
489 0.000219719558892
493 0.00021959803137
479 0.00021931129277
499 0.000219192792003
504 0.000218763784373
500 0.000218492327336
496 0.00021827018617
498 0.000218183248704
502 0.000218151876975
509 0.000217955669093
501 0.000217685999367
497 0.000217535930049
507 0.000217160533592
495 0.00021702066513
506 0.000216722101795
503 0.000216650392183
515 0.000216571885708
508 0.000216268242135
514 0.000215930082313
512 0.00021576789388
510 0.000215740516389
528 0.000215292326159
518 0.000215179072038
511 0.000214842192166
513 0.000214269361277
522 0.000214243598468
516 0.000214110437625
521 0.000214094718439
532 0.000213833164668
517 0.000213629656817
523 0.000213469365551
534 0.000213204144319
535 0.000213072885841
525 0.000213062381122
536 0.000212897004617
520 0.000212724016931
526 0.000212678149731
529 0.00021258120227
519 0.000212403550881
524 0.000212179451235
531 0.000212043877077
527 0.000211701374181
530 0.000210912344925
537 0.000210642248422
533 0.000210315140453
543 0.000210183648164
538 0.00020971290918
542 0.000209407694784
541 0.000209313293965
540 0.000209217093681
545 0.000209208781478
539 0.000208993134855
544 0.000208767370099
547 0.000208611352929
554 0.0002083247386
546 0.000208237817264
556 0.000207945020825
551 0.000207707927503
548 0.000207689435247
549 0.000207280166196
550 0.000207224215491
553 0.000207151385172
555 0.00020676435465
558 0.000206516490974
557 0.000206460446075
552 0.000206418968508
560 0.000206297932205
559 0.000206060786077
561 0.000205804467139
565 0.000205677909777
562 0.00020533032867
563 0.00020517157884
564 0.000205039885542
566 0.000204973349731
570 0.000204771750349
569 0.000204681136879
567 0.000204496319339
577 0.000204415917193
571 0.000204241857996
576 0.00020423303274
573 0.000204159028256
572 0.000204152710327
575 0.000204087870125
578 0.000204015205851
574 0.000203796786849
582 0.00020361504651
580 0.000203608204475
579 0.000203599413406
568 0.000203515829906
586 0.000203462961823
585 0.000203370422663
581 0.000203235425979
589 0.000203035753801
583 0.00020303402309
584 0.000202905974674
592 0.000202838020941
599 0.000202783430929
591 0.000202731937896
588 0.00020266972064
590 0.00020255305932
601 0.000202547405581
606 0.000202535130422
597 0.000202426281814
596 0.000202253573418
598 0.000202231151707
595 0.000202188157348
587 0.000202133856807
593 0.000202037033145
604 0.000201968621301
600 0.000201784487671
605 0.000201691843338
594 0.000201656376109
608 0.000201630880264
615 0.000201375372061
609 0.000201335829105
617 0.000201322638794
614 0.000201279463655
611 0.0002011515736
603 0.000201129838353
616 0.000200975727681
602 0.000200892393316
612 0.00020085207279
626 0.000200844923829
621 0.000200735997849
619 0.000200697928906
607 0.000200605686054
629 0.000200571306331
623 0.000200556645726
627 0.000200530034422
613 0.000200209832394
618 0.000200001351544
630 0.000199981021857
631 0.000199980009668
633 0.000199912554871
620 0.00019980495489
610 0.00019979925403
622 0.00019979175832
634 0.000199679858982
632 0.000199596514468
624 0.000199502098325
628 0.000199331073246
644 0.000199215301636
638 0.000199193319021
625 0.000199077163977
635 0.000198865913008
642 0.000198864810903
649 0.000198862268743
641 0.000198668739512
646 0.000198564264478
636 0.000198407822213
650 0.000198298884367
647 0.000198287647385
637 0.000198260075159
640 0.000198235981496
639 0.000198136668953
643 0.000198049419023
645 0.000198008640937
648 0.000197944747721
656 0.00019790272794
653 0.00019789529476
652 0.000197827694105
659 0.000197647042061
651 0.000197549012434
660 0.000197547245597
654 0.000197373294978
655 0.000197305438583
658 0.000197281297318
661 0.000197164193137
664 0.000197130328579
663 0.000196847564564
665 0.000196767872057
657 0.000196673356921
662 0.000196578079542
667 0.000196439848329
666 0.000196350901223
670 0.00019630084565
668 0.000196261904047
676 0.000196085420578
669 0.000196072671637
675 0.000196011576067
673 0.000195999133599
671 0.000195603600672
677 0.000195515132965
672 0.000195432657346
679 0.00019540805223
684 0.000195126238975
678 0.000194948150579
682 0.000194824467817
674 0.000194786320203
686 0.000194693717625
683 0.000194631784755
680 0.000194508032744
687 0.00019423269093
681 0.000194140459751
696 0.000194067828467
689 0.00019395169308
693 0.000193866723997
688 0.000193838286714
697 0.000193728349593
704 0.000193725652937
685 0.000193659170574
692 0.000193639674627
695 0.000193382149152
702 0.000193251597302
705 0.000193241335634
691 0.000193226023961
709 0.000193224957644
690 0.000193123678183
706 0.00019309475515
703 0.000193090853726
700 0.0001930559582
717 0.000192960801137
698 0.00019275700933
707 0.000192749544461
711 0.000192712673792
713 0.000192711423483
710 0.000192659578187
714 0.00019265030972
694 0.000192645439174
708 0.000192554828147
712 0.000192539247333
701 0.000192412673186
699 0.000192333712249
715 0.000192227598019
719 0.0001916342852
718 0.000191617862612
716 0.000191586948771
720 0.000191560783772
724 0.000191538122347
729 0.000191193857647
723 0.000191176910889
721 0.000191174727011
727 0.000191130355802
731 0.000191022965252
730 0.000191014425377
722 0.00019100630594
725 0.00019098929163
738 0.00019084993398
735 0.000190812391649
733 0.000190687294224
732 0.000190668483447
741 0.000190666598823
737 0.000190659435942
742 0.000190587478309
739 0.000190533440698
726 0.000190530463643
728 0.000190479115367
734 0.000190345342499
736 0.000190249030066
740 0.000190177342515
744 0.00019005485483
746 0.00018991071498
750 0.000189782033943
749 0.000189723517744
743 0.00018972183455
747 0.000189697525794
753 0.000189682171337
745 0.000189621101709
752 0.000189557326823
754 0.000189453894131
751 0.000189328733381
748 0.000189314992982
756 0.000189268188577
755 0.000189174825271
761 0.000189083699513
763 0.000189001337837
759 0.000189000965961
757 0.000188893928005
764 0.000188798105802
762 0.000188750992478
758 0.000188688007236
765 0.000188667617451
760 0.000188539630698
767 0.000188537340332
768 0.000188489608691
766 0.000188367145268
772 0.000188236889957
778 0.000188151487454
773 0.000188145705641
775 0.000188047933525
770 0.000188006006195
771 0.00018795020272
776 0.000187937216128
769 0.00018788809736
779 0.000187863847731
780 0.000187690686374
795 0.000187602143611
777 0.000187542662438
774 0.000187384224101
783 0.000187367114434
782 0.000187364091085
786 0.000187178536581
784 0.000187172804505
799 0.000187166490846
792 0.000187139285982
801 0.000187119716527
787 0.000187093084621
789 0.000187033606231
793 0.000187028903192
790 0.000187008483831
804 0.000186947990692
797 0.000186936738619
811 0.000186933476183
813 0.000186891693041
805 0.000186875906122
807 0.000186875761717
791 0.000186873050378
785 0.000186871225613
830 0.000186854206532
798 0.000186847781453
781 0.000186837926517
796 0.000186806620078
829 0.000186784092303
816 0.000186719269636
794 0.000186694800103
839 0.000186636771243
812 0.000186625566419
788 0.000186613294087
818 0.000186579896806
820 0.000186539261717
828 0.000186516944906
847 0.000186504653559
834 0.000186452736929
823 0.000186420705362
842 0.000186413575838
822 0.000186392746377
833 0.000186385523559
817 0.000186377812335
803 0.000186376882574
815 0.000186375639374
843 0.000186372480081
814 0.000186370154748
819 0.000186342002447
836 0.000186330143306
825 0.000186295393388
844 0.000186269145705
826 0.000186269104226
810 0.000186259719178
827 0.000186248082074
808 0.000186220184741
806 0.000186215569671
809 0.000186206265814
821 0.000186197838248
800 0.000186177041887
835 0.000186161580759
824 0.000186146192601
802 0.000186140150425
848 0.000186106936814
840 0.000186100318979
846 0.000186094161992
838 0.000186084021599
831 0.000185929815859
832 0.000185928355896
841 0.000185898008555
837 0.000185894733047
845 0.000185830546463
849 0.000185660132547
227 0.000150947143137
226 9.83106212758e-05
225 5.7303803784e-05
850 4.5478694946e-05
851 3.37553633342e-05
852 2.57247221082e-05
854 8.19166267491e-06
216 6.57852201186e-06
218 6.39764059303e-06
221 6.35033882678e-06
219 6.24006318989e-06
214 6.23014779997e-06
856 6.03398141291e-06
211 5.9905075478e-06
858 5.89253034757e-06
206 5.86501330948e-06
205 5.86115803644e-06
204 5.84964842674e-06
207 5.82114905201e-06
864 5.81577777323e-06
208 5.79720410618e-06
201 5.78878257788e-06
857 5.76896999672e-06
866 5.7595776814e-06
197 5.6981504768e-06
862 5.68135596036e-06
200 5.67376723355e-06
861 5.66920971168e-06
865 5.65237245012e-06
198 5.64183375186e-06
867 5.55086610339e-06
192 5.53768519073e-06
193 5.50911587312e-06
187 5.50890504088e-06
870 5.44586064552e-06
183 5.42214484495e-06
869 5.42011011685e-06
868 5.39601270775e-06
180 5.39440396717e-06
872 5.38862137563e-06
184 5.37538057569e-06
181 5.36446330535e-06
874 5.31195595074e-06
177 5.30382786224e-06
172 5.30077006177e-06
171 5.27512542839e-06
175 5.27452780522e-06
168 5.20887132847e-06
876 5.11362865111e-06
162 5.09584160449e-06
161 5.08908028896e-06
160 5.07752289258e-06
156 5.00347737613e-06
154 5.00166322578e-06
165 4.95105671052e-06
145 4.90787802231e-06
158 4.89301333138e-06
151 4.86329360684e-06
155 4.83949773785e-06
146 4.83588456359e-06
144 4.82659084243e-06
157 4.82575008457e-06
153 4.81790187413e-06
150 4.81125452847e-06
148 4.76913018888e-06
147 4.76025973251e-06
139 4.74512907897e-06
142 4.71102177291e-06
141 4.67635725478e-06
137 4.55067096805e-06
131 4.49457373646e-06
883 4.47718142329e-06
890 4.4581162266e-06
130 4.45404528944e-06
886 4.44889943379e-06
128 4.41062374315e-06
129 4.35285868069e-06
127 4.35001455912e-06
888 4.31651956523e-06
896 4.24504338551e-06
126 4.23544649237e-06
122 4.20894498537e-06
118 4.20229514864e-06
121 4.20146552457e-06
113 4.11394328992e-06
117 4.11058981737e-06
116 4.11054784196e-06
109 4.10014895222e-06
112 4.08373060545e-06
894 4.07898195646e-06
895 4.07608640386e-06
111 4.07241793156e-06
108 4.05074251677e-06
107 4.04621260752e-06
898 4.04076394903e-06
105 4.03007935184e-06
104 4.01708928345e-06
106 4.00890586106e-06
101 3.98666429371e-06
100 3.95745497361e-06
97 3.94196307918e-06
98 3.93356845458e-06
95 3.89883133478e-06
853 3.88981875762e-06
90 3.85402578848e-06
904 3.80020457094e-06
903 3.79953887026e-06
87 3.76408498916e-06
84 3.76163465493e-06
82 3.73965782505e-06
79 3.7181882054e-06
907 3.71249414662e-06
81 3.69783147647e-06
76 3.69292112338e-06
72 3.63020894074e-06
73 3.59785524956e-06
69 3.59170224619e-06
71 3.58120098791e-06
70 3.579079899e-06
67 3.56293731032e-06
62 3.54433413148e-06
61 3.53954504725e-06
57 3.52826535846e-06
911 3.52537135365e-06
59 3.52086117307e-06
58 3.51487344962e-06
55 3.48877732336e-06
917 3.47782448618e-06
915 3.47032711349e-06
54 3.45812882595e-06
919 3.44608509956e-06
50 3.4054462038e-06
49 3.40534276949e-06
51 3.3977152568e-06
923 3.34193535879e-06
924 3.3258046862e-06
47 3.32444122043e-06
925 3.3163369025e-06
46 3.3114764269e-06
922 3.31039430479e-06
44 3.30990572547e-06
43 3.30816967249e-06
35 3.30488177397e-06
42 3.30353663287e-06
34 3.30289828166e-06
37 3.30160885918e-06
32 3.30076597342e-06
40 3.30055102806e-06
13 3.30031199369e-06
31 3.2999229822e-06
33 3.29714620775e-06
30 3.29357972938e-06
6 3.29288351041e-06
27 3.28730874187e-06
28 3.28333738556e-06
24 3.28311752e-06
25 3.28276631134e-06
22 3.2798804715e-06
21 3.27921425326e-06
15 3.2768238265e-06
16 3.27639010408e-06
12 3.27441131852e-06
4 3.25923409551e-06
0 3.24837586602e-06
926 3.22202122453e-06
930 3.13001016865e-06
933 3.08114646515e-06
936 3.06577559325e-06
934 3.04687826538e-06
938 3.01247284484e-06
945 3.01140700915e-06
943 3.00538605292e-06
944 3.00538605292e-06
947 2.9671943111e-06
953 2.8742368966e-06
954 2.83439183312e-06
956 2.81887324204e-06
951 2.7978740697e-06
961 2.71090913224e-06
962 2.6660575879e-06
968 2.60194933102e-06
973 2.52222005593e-06
974 2.50242190512e-06
978 2.45450511701e-06
979 2.42294768507e-06
982 2.40478447301e-06
985 2.40466558699e-06
981 2.40010254068e-06
984 2.38268416136e-06
989 2.36347162027e-06
988 2.36346725495e-06
987 2.36339840874e-06
990 2.34623481005e-06
992 2.30937014481e-06
996 2.30848953235e-06
995 2.2737963578e-06
1002 2.25819032784e-06
1008 2.24796534118e-06
1011 2.24140744666e-06
1004 2.24112751887e-06
1013 2.23875495108e-06
1006 2.23170052555e-06
1009 2.23076233625e-06
1015 2.23044542527e-06
1010 2.22017662692e-06
1016 2.21002988803e-06
1019 2.20008292153e-06
1017 2.19997851493e-06
1020 2.19737679445e-06
1022 2.19230615181e-06
1026 2.17648799524e-06
1027 2.17418649304e-06
1029 2.17372293385e-06
1024 2.17367063939e-06
1025 2.1728996495e-06
1031 2.17145790348e-06
1035 2.16957301632e-06
1032 2.16776489302e-06
1037 2.15588398776e-06
1040 2.15486501355e-06
1043 2.15206334547e-06
1045 2.15060904343e-06
1039 2.14997772682e-06
1041 2.14921442865e-06
1048 2.14879064694e-06
1054 2.14536869212e-06
1050 2.14327470999e-06
1049 2.14327470999e-06
1051 2.13810376163e-06
1060 2.13107086092e-06
1055 2.130559313e-06
1062 2.13005753911e-06
1057 2.12776062313e-06
1061 2.12680694621e-06
1063 2.1252570433e-06
1067 2.122110841e-06
1068 2.11817518636e-06
1084 2.11344340609e-06
1073 2.11219667118e-06
1074 2.11160130483e-06
1080 2.10821393137e-06
1085 2.10096461318e-06
1087 2.09182751495e-06
859 5.62104428433e-07
860 5.50211098942e-07
863 5.0511493435e-07
855 4.88968766955e-07
873 3.91292372648e-07
877 3.81697411661e-07
875 3.72043223179e-07
871 3.69264931549e-07
880 3.49665005126e-07
879 3.4744312146e-07
878 3.42259721926e-07
887 3.3729633041e-07
882 3.37125426255e-07
881 3.35657170607e-07
885 3.34085737657e-07
889 3.33284532284e-07
884 3.3163388004e-07
891 3.28793783868e-07
892 3.218807101e-07
900 3.21195707536e-07
897 3.19427584884e-07
893 3.19362667637e-07
899 3.17205975808e-07
901 3.12831487568e-07
902 3.11153442022e-07
905 3.03075551846e-07
906 3.02819440572e-07
909 3.00986698378e-07
908 3.00986698378e-07
912 2.97281923616e-07
910 2.96644143641e-07
913 2.96578325148e-07
916 2.95103841969e-07
918 2.90768476503e-07
914 2.89761670988e-07
920 2.81879518073e-07
921 2.73742568593e-07
928 2.6185761097e-07
929 2.60642907594e-07
927 2.59788495581e-07
932 2.5969454767e-07
931 2.59026027568e-07
937 2.57580595414e-07
935 2.57518850706e-07
939 2.54780509497e-07
940 2.54661285177e-07
942 2.54077341721e-07
941 2.53894207892e-07
946 2.52284085001e-07
948 2.51505132541e-07
949 2.51311046269e-07
950 2.51227997668e-07
952 2.49114621631e-07
955 2.48551735042e-07
957 2.48115691292e-07
958 2.47328258509e-07
959 2.47239644882e-07
960 2.46699769596e-07
963 2.44632094263e-07
964 2.44632094263e-07
967 2.43390620252e-07
965 2.43356043186e-07
966 2.42852122256e-07
969 2.41234806337e-07
972 2.40773041395e-07
970 2.40595364972e-07
971 2.40097244428e-07
975 2.39030040089e-07
976 2.38920334346e-07
977 2.38147506521e-07
980 2.31944494663e-07
986 2.305249458e-07
983 2.30380998479e-07
991 2.25348918684e-07
994 2.25025637492e-07
993 2.23009466047e-07
997 2.20819944164e-07
998 2.20642380229e-07
1000 2.20425108649e-07
999 2.19573806342e-07
1001 2.18702600945e-07
1003 2.18224367748e-07
1005 2.1813726213e-07
1007 2.17103573913e-07
1012 2.16169665981e-07
1014 2.15543875237e-07
1018 2.14521255913e-07
1023 2.13414762069e-07
1021 2.13411297749e-07
1028 2.11456841879e-07
1030 2.08819824889e-07
1034 2.08281845605e-07
1036 2.07475174237e-07
1042 2.06903494359e-07
1033 2.06506034406e-07
1044 2.05532804384e-07
1038 2.05266167459e-07
1046 2.05243940708e-07
1047 2.04372517949e-07
1053 2.03514626802e-07
1052 2.03110165277e-07
1059 2.03025699314e-07
1058 2.01480892924e-07
1056 2.01052227754e-07
1064 1.99533876544e-07
1065 1.99471630845e-07
1066 1.98786426707e-07
1069 1.97970841071e-07
1072 1.97562516222e-07
1070 1.97427724679e-07
1071 1.97229793427e-07
1075 1.97127634464e-07
1077 1.9701065659e-07
1078 1.96866650784e-07
1081 1.96692486871e-07
1076 1.96684771381e-07
1079 1.96422174966e-07
1082 1.96287855795e-07
1088 1.96224654197e-07
1083 1.9606868068e-07
1086 1.95672586403e-07
