300 1.0
265 0.660059672577
290 0.652534101313
283 0.652496062712
297 0.652410547395
243 0.651965922102
301 0.649438121364
261 0.648425420946
270 0.648050338984
276 0.646741866864
235 0.645642507184
230 0.644734264597
302 0.644587007387
315 0.644521130673
299 0.643422755053
314 0.64316930915
323 0.64279668116
307 0.641739734099
310 0.641712824533
298 0.640577932331
269 0.639698477669
324 0.637277446272
257 0.636552437075
313 0.634829897807
250 0.634658628256
247 0.633549421168
228 0.63347203071
252 0.633142720624
335 0.627255431588
232 0.624888655612
334 0.624750132518
337 0.623914035152
342 0.623690871456
294 0.623221380865
239 0.623032057321
338 0.622928483518
293 0.622852525262
246 0.622807706383
340 0.622799261025
236 0.622776582291
286 0.622224571071
345 0.622172048836
296 0.622159987951
259 0.621972964875
242 0.621844738706
240 0.621432370739
284 0.621404320438
231 0.62118470158
263 0.62090224748
255 0.620888304142
264 0.620882310487
248 0.620868763632
266 0.620830026162
275 0.620778297141
229 0.620683784799
304 0.620661462069
233 0.620629349243
268 0.620555240486
279 0.620538908376
244 0.620512488179
262 0.620466253183
282 0.620424461193
234 0.620354539797
292 0.620270705308
272 0.620255822248
249 0.620227095804
238 0.620188163875
245 0.620184934843
241 0.620163455072
291 0.620132248694
237 0.620023542537
258 0.619980808395
277 0.619935684408
256 0.619912556052
361 0.619857526721
254 0.61983657564
281 0.619833957829
353 0.61981459034
260 0.619796286028
289 0.619660896156
278 0.61962912905
251 0.619617748536
253 0.61961627925
267 0.61960645205
271 0.619560525103
306 0.619492973599
274 0.619437291836
287 0.619175083405
309 0.61913929825
348 0.619086851946
285 0.618872750414
280 0.618825225409
273 0.618622186002
318 0.618527064663
288 0.618411107859
303 0.618245097713
327 0.618052687035
360 0.617635377392
295 0.61758710624
308 0.617554392144
321 0.617486511175
317 0.616796754673
311 0.616336723073
325 0.615958351553
305 0.61583534769
322 0.615597003405
312 0.615408468145
320 0.615291472046
316 0.615108849449
346 0.613783000646
329 0.613716202874
368 0.613584062867
336 0.613577339014
364 0.613526289376
363 0.61337096575
370 0.612741469724
341 0.612670364962
332 0.612548983652
339 0.612544379604
319 0.612393592098
333 0.612349222651
344 0.612218301014
326 0.612056411076
331 0.611898414211
328 0.611227896443
330 0.611221788733
343 0.611040199452
355 0.610258535497
351 0.608971186157
347 0.608967003724
380 0.608648789675
350 0.608431413643
354 0.608269491744
352 0.608134241183
349 0.608093210408
362 0.607984639161
365 0.607098605771
358 0.607023257391
382 0.607005065572
357 0.606974039865
385 0.606708502124
356 0.606657403073
367 0.606625556987
386 0.606056781056
366 0.605641715226
369 0.605228444383
359 0.60512127355
371 0.604679165926
376 0.603198178768
373 0.602828953746
372 0.602741279676
374 0.602636596688
379 0.602559461616
375 0.602060618449
377 0.601916892135
378 0.601447577005
396 0.601035190583
387 0.600769999808
391 0.600658862643
384 0.600049259099
401 0.600026658877
397 0.599851638607
381 0.599755140829
394 0.599680284635
390 0.59897109468
388 0.597708631657
389 0.597309474909
411 0.597019005358
383 0.596891080067
392 0.596631069023
405 0.595821277667
404 0.595452983963
399 0.595297842706
395 0.595287430109
393 0.595092974996
407 0.594245256495
412 0.594230654143
398 0.594057382673
417 0.593765618872
422 0.593544105805
403 0.593308433999
409 0.593030640778
402 0.592832809091
415 0.592670983055
408 0.592562603132
413 0.5923251601
419 0.591921993564
420 0.591765401218
414 0.591537697574
410 0.591216108801
406 0.590856020936
400 0.590736882553
421 0.589001276528
431 0.588996005821
429 0.588964685842
416 0.588800598161
440 0.587960383637
435 0.587709115838
432 0.587701933878
433 0.587331955736
430 0.586574137455
428 0.586491837995
425 0.586476143753
443 0.58632828274
441 0.586119624378
418 0.585427165799
437 0.585312629418
424 0.585221877261
448 0.585148331506
423 0.585062315827
426 0.584831009866
427 0.584516088344
439 0.583843322648
434 0.583721212386
442 0.583378340904
444 0.583259423782
438 0.583060686025
450 0.583012389025
445 0.583000535029
456 0.582988117894
436 0.582577167983
449 0.582446799609
457 0.582435348492
447 0.58208086598
459 0.581747998624
452 0.581746735288
454 0.581745397419
451 0.581676741005
453 0.581633582252
461 0.581575109127
446 0.581144117925
455 0.580794745601
466 0.580682690006
458 0.580601231095
462 0.580475534247
460 0.580436698747
470 0.579607322499
469 0.579481901785
476 0.579429335005
472 0.579349873735
467 0.579277860113
463 0.579219710068
465 0.579172712245
464 0.579137576256
477 0.579017266269
478 0.578951604598
471 0.578768620696
475 0.578506547058
468 0.578200996278
473 0.577997076714
474 0.57764482401
480 0.577581072842
485 0.577324431917
486 0.577324072591
481 0.576971554931
494 0.576755636734
492 0.576750556871
490 0.576571667405
488 0.576246080768
491 0.576048045183
505 0.57597815973
487 0.575916531688
483 0.575885610612
482 0.575607359252
489 0.575596552577
484 0.575556639221
493 0.575453973699
479 0.575389557915
499 0.575092370738
504 0.574580955483
500 0.574134210985
496 0.573850775098
498 0.573786105796
509 0.57374946369
502 0.573690825569
497 0.57318400661
501 0.573162539229
495 0.572590064075
507 0.572511330283
506 0.572189039076
503 0.572136801907
515 0.571906574087
508 0.571502108303
514 0.571057410324
512 0.570917229836
510 0.570835213624
528 0.570436609506
518 0.570216752768
511 0.569776034863
522 0.569133881791
513 0.569127116757
516 0.568942273736
521 0.56886163247
532 0.568592053878
517 0.56833870725
523 0.568180042027
534 0.567835292004
535 0.567736473037
525 0.56772971118
536 0.567482380877
520 0.567315149164
526 0.567240770845
529 0.567115812034
519 0.567107805551
524 0.566752269015
531 0.56646114817
527 0.566003455665
530 0.565211535644
537 0.564822048061
533 0.564496157569
543 0.564344200836
538 0.56360274781
542 0.563329941173
541 0.563198732922
540 0.563172134021
545 0.563099004132
539 0.562863945414
544 0.562618131369
547 0.562327471181
554 0.562013801373
546 0.561892447288
556 0.561552508215
548 0.561287729839
551 0.561270678269
550 0.560722562869
549 0.560712512684
553 0.560643237482
555 0.560142533195
558 0.559813565374
557 0.559761068457
552 0.559739134764
560 0.559549671453
559 0.559313059242
561 0.558958567926
565 0.558810984071
562 0.558376305095
563 0.558226928405
564 0.558031080679
566 0.557964611226
570 0.557730671595
569 0.557614120368
567 0.557422135369
577 0.557313742229
571 0.557112501064
576 0.557094525068
573 0.556976010653
572 0.556970709055
575 0.55688473055
578 0.556804211212
574 0.556590733714
580 0.556337129899
582 0.556302812738
579 0.556291741913
568 0.556173181089
586 0.556130107925
585 0.556048992724
581 0.555852184669
583 0.555616060278
589 0.555615953999
584 0.555457121109
592 0.555381226048
599 0.555313729867
591 0.555261044521
588 0.555189779519
601 0.555045822693
590 0.555027227923
606 0.555009359844
597 0.554871818209
598 0.554662251411
596 0.554662189244
595 0.554583639872
587 0.554511965751
593 0.554402915513
604 0.554321793592
600 0.554093322302
605 0.553973657995
594 0.553935974015
608 0.55390623222
615 0.553595793722
609 0.553543444487
617 0.553526693919
614 0.553474456748
611 0.553340855669
603 0.553301660641
616 0.553099251558
602 0.553028795408
612 0.552973469145
626 0.552944627429
621 0.552815748003
619 0.552783383316
607 0.552653918822
629 0.55260585672
623 0.552596349359
627 0.552575292069
613 0.552189561718
618 0.551915854293
630 0.551891375638
631 0.551890219499
633 0.551822821507
620 0.551679171613
610 0.551673680202
622 0.551656099258
634 0.551521235484
632 0.551438123031
624 0.551306537419
628 0.551108132334
644 0.550970542387
638 0.550928662365
625 0.550790303583
635 0.550529687798
642 0.5505190363
649 0.550518909801
641 0.550285736884
646 0.550141463388
636 0.549966760665
650 0.549837877218
647 0.549818500694
637 0.549790335793
640 0.549761817864
639 0.549639317262
643 0.549530917246
645 0.549475074882
648 0.549400117404
656 0.549343601596
653 0.549334784933
652 0.549263302701
659 0.549037810843
651 0.548895210902
660 0.548891133846
654 0.548690739163
655 0.54860334171
658 0.548582868649
661 0.548422520882
664 0.548395267334
663 0.548041255183
665 0.547939935931
657 0.547831285614
662 0.547705472044
667 0.547524613735
666 0.547441115065
670 0.547367538727
668 0.547311211009
676 0.547099189932
669 0.547082084132
675 0.547006966978
673 0.546986388768
671 0.546513115635
677 0.546400339361
672 0.546285393189
679 0.546267310086
684 0.545910043869
678 0.545689639692
682 0.545536082686
674 0.545494232414
686 0.545377747187
683 0.545296196211
680 0.545143372838
687 0.544802158337
681 0.544699265523
696 0.544594485422
689 0.54445671808
693 0.544350764088
688 0.544318022025
697 0.544180591174
704 0.544173512842
685 0.544088697873
692 0.544068751128
695 0.543744430583
702 0.543592619461
705 0.543580069349
691 0.543560525924
709 0.543551015032
690 0.543433080136
706 0.543397344929
703 0.543382526519
700 0.543344763414
717 0.543210996239
698 0.542968783448
707 0.542965667355
711 0.542917854175
713 0.542901437346
710 0.542843472403
694 0.542838358727
714 0.542835676132
708 0.542724373521
712 0.542698059264
701 0.542549337782
699 0.542446115398
715 0.542311015419
719 0.541568385233
718 0.54155066975
716 0.541505798329
720 0.541476778664
724 0.541445614212
729 0.541011217076
723 0.541004886097
721 0.540989384056
727 0.54093054118
731 0.540801291074
722 0.540787552828
730 0.540784719454
725 0.540758171289
738 0.540567249309
735 0.540538340107
733 0.540378293815
732 0.540361472283
737 0.540350403386
741 0.540344665483
742 0.540249643346
726 0.540195609385
739 0.540194925612
728 0.540132571716
734 0.53996395026
736 0.539843555744
740 0.539753201727
744 0.539596753477
746 0.539376428313
750 0.539213047906
743 0.539175293601
749 0.539174011788
747 0.539133392882
753 0.539128889766
745 0.539040320949
752 0.538962685354
754 0.538799516635
751 0.538672436111
748 0.538662018494
756 0.538605528902
755 0.538455340545
761 0.53836285555
759 0.538264060473
763 0.538241528227
757 0.53813410937
764 0.538011402127
762 0.53792127919
758 0.537876258699
765 0.537844817571
760 0.537688279061
767 0.537666627371
768 0.537617593878
766 0.537407412338
772 0.537301763525
773 0.537165931909
778 0.537165805685
775 0.537032322132
770 0.537004864564
771 0.536942298719
769 0.536861926553
776 0.536846028058
779 0.536819508945
780 0.536557211285
795 0.536476786428
777 0.53641516555
774 0.53616198854
782 0.53615014546
783 0.536122398613
786 0.535932805269
799 0.535925277337
801 0.535882526679
784 0.535856550587
787 0.535827661129
792 0.535822426712
789 0.535769177458
793 0.535763173259
790 0.535747463041
797 0.535640432633
811 0.535640177155
804 0.535614116692
813 0.535586822593
807 0.535565317734
785 0.535562657191
791 0.535506604217
796 0.535485253402
830 0.535484658319
781 0.535474367109
805 0.53543455555
798 0.535414328403
816 0.535369886984
794 0.535346850929
829 0.535327048921
788 0.535215606386
839 0.535177622172
818 0.535176771842
812 0.535117342019
828 0.53502613288
834 0.534953289306
820 0.534948385131
815 0.534944044075
803 0.534943936333
814 0.534932880581
842 0.534925057522
823 0.534909292808
819 0.534900934945
822 0.534873622319
847 0.534839521716
826 0.53480500613
827 0.534778081594
817 0.534778058409
825 0.53477227229
844 0.534760689686
833 0.534758569198
843 0.534732651223
806 0.53473219884
809 0.534720459473
810 0.534714716956
800 0.534673153013
808 0.534656372848
835 0.534633120869
821 0.534631880217
802 0.534626592992
824 0.534623793433
836 0.534613007407
840 0.534551813312
838 0.53449285915
848 0.534392651419
846 0.534379553785
831 0.534341613841
832 0.534339794584
841 0.534224354116
837 0.534146542702
845 0.534071737704
849 0.532800503449
227 0.328225630354
226 0.218171452706
850 0.134511399327
225 0.127351450228
851 0.100931299974
852 0.0782541629548
854 0.0281572923437
856 0.0220055533408
858 0.0216013371435
864 0.0213703077542
857 0.0212438285865
866 0.021208492093
862 0.0209879290568
861 0.0209583913949
865 0.0209089190656
867 0.0206155925727
870 0.0203008356203
869 0.0202324465024
868 0.0201619751648
872 0.0201328066506
874 0.0199125473529
876 0.0193229097711
216 0.0186922086919
218 0.0182928473937
221 0.0181957147605
219 0.017968164884
214 0.0179468747977
883 0.0174418158584
211 0.0174194073293
890 0.0173848187557
886 0.0173535099398
206 0.0171519853751
205 0.017140404461
204 0.0171143684106
207 0.017056117434
208 0.01700026515
201 0.0169851506821
888 0.0169605343952
197 0.0167850881412
896 0.0167491535399
200 0.016731849178
198 0.0166622538055
192 0.0164338408843
187 0.0163730701611
193 0.0163729167136
894 0.0162537667626
895 0.0162439172778
183 0.016183213748
898 0.016138022459
180 0.0161227909088
184 0.0160798896873
181 0.0160560278266
177 0.0159222882049
172 0.015916406177
171 0.0158599478574
175 0.0158581980192
168 0.0157133939329
162 0.0154634913809
161 0.0154486452164
160 0.0154229250903
904 0.0154174083373
903 0.0154168671547
156 0.0152583975707
154 0.015254397969
907 0.0151553524157
165 0.0151392311015
145 0.0150447224678
158 0.0150122869833
151 0.0149459694117
155 0.0148913247751
146 0.0148849597382
144 0.0148639786855
157 0.0148614176951
153 0.0148439839025
150 0.014828372198
148 0.0147349445425
147 0.0147150745771
139 0.0146801821231
142 0.01460397807
911 0.014592407681
141 0.0145244642221
917 0.0144479614258
915 0.0144254695141
919 0.0143504864624
137 0.014240948977
131 0.0141136941798
923 0.0140370938687
130 0.0140203461115
924 0.0139881367471
925 0.013959545381
922 0.0139389871839
128 0.0139227805978
129 0.0137911535074
127 0.0137847306984
926 0.0136718408956
126 0.0135217517898
122 0.0134632868807
118 0.0134462744021
121 0.0134461960412
930 0.0133908361288
113 0.013246070079
933 0.0132409046091
117 0.0132382765794
116 0.0132381789853
109 0.0132133740764
936 0.0131940004604
112 0.0131766050505
111 0.0131509606688
934 0.013135758986
108 0.013100767502
107 0.0130906444231
105 0.013053740667
938 0.0130296690043
945 0.0130279388474
104 0.0130237658725
943 0.0130093518015
944 0.0130093518015
106 0.0130046581517
101 0.0129528692509
947 0.0128913974277
100 0.0128848757161
97 0.0128501938412
98 0.0128306410914
95 0.0127495870606
90 0.0126457160983
953 0.0126043826873
954 0.0124810730446
87 0.0124376489899
956 0.0124325352807
84 0.0124319282308
82 0.0123809706614
951 0.0123674845581
79 0.0123310877166
81 0.0122833201963
76 0.0122721484181
72 0.0121261565517
961 0.0120986676924
73 0.0120507756781
69 0.0120364696455
71 0.0120119572132
70 0.0120069946854
67 0.0119693958085
962 0.0119597949289
62 0.0119259419328
61 0.0119148516293
57 0.0118884657486
59 0.0118712001317
58 0.0118571656971
55 0.011796212869
968 0.0117603176561
54 0.0117243816254
50 0.0116010818114
49 0.0116008426619
51 0.0115828703109
853 0.0115593117758
973 0.0115126206671
974 0.0114505366674
47 0.0114111399276
46 0.0113806849298
44 0.0113770343258
43 0.0113729714806
35 0.01136523412
42 0.0113620611934
34 0.0113605826837
37 0.0113575411832
32 0.0113555873897
40 0.0113550711367
13 0.011354550434
31 0.0113536182438
33 0.0113471076614
30 0.0113387416902
6 0.011337131872
27 0.0113240097896
28 0.0113146778192
24 0.0113141655954
25 0.0113133414697
22 0.011306562655
21 0.011304996911
978 0.0113018693761
15 0.0112993926833
16 0.0112983702934
12 0.0112937206526
4 0.0112580118249
0 0.0112324776619
979 0.0112032852276
982 0.0111469583032
985 0.0111465575747
981 0.0111321308994
984 0.0110777930506
989 0.0110182865184
988 0.0110181461067
987 0.0110178547264
990 0.0109641057211
992 0.0108489467583
996 0.0108463585568
995 0.0107375587821
1002 0.0106887479628
1008 0.0106567131747
1011 0.0106361815738
1004 0.0106352055837
1013 0.0106278456456
1006 0.0106055794617
1009 0.0106026632304
1015 0.0106018014734
1010 0.010569437243
1016 0.0105377360447
1019 0.0105064407651
1017 0.0105061521275
1020 0.0104979950906
1022 0.0104820197509
1026 0.010432283156
1027 0.010425051784
1029 0.0104235989878
1024 0.0104234478198
1025 0.0104210273263
1031 0.0104164456173
1035 0.0104105479527
1032 0.0104048904128
1037 0.0103674742061
1040 0.0103642566461
1043 0.0103553372653
1045 0.0103508474382
1039 0.0103488573795
1041 0.0103464437859
1048 0.0103450949191
1054 0.0103343286007
1049 0.0103277035012
1050 0.0103277035012
1051 0.0103113916008
1060 0.0102891852859
1055 0.0102875386758
1062 0.0102859508801
1057 0.0102787130993
1061 0.0102756913448
1063 0.0102708184654
1067 0.0102608802132
1068 0.0102484132691
1084 0.0102334459168
1073 0.010229504114
1074 0.0102276200597
1080 0.0102168977486
1085 0.0101939406748
1087 0.0101649968637
220 0.00291173341955
217 0.00289236043299
222 0.002828862878
212 0.00282866038865
223 0.00281800083488
224 0.0028028502431
213 0.00276845063625
210 0.00274860839916
215 0.0027401430958
209 0.00270427811477
203 0.00269309120551
202 0.00267272414494
199 0.00266331217691
194 0.00265855611369
196 0.00265498506766
189 0.00264690362602
195 0.00264495757683
191 0.0026408490222
190 0.0026386123677
188 0.00263763491422
186 0.00262559357407
185 0.00262491608774
178 0.00261865233416
182 0.00261682540177
179 0.00260936323205
174 0.00260550986824
173 0.00260533047031
176 0.00260487194808
170 0.00258828679377
166 0.00257618908061
169 0.00257589755717
167 0.00257507318048
164 0.00256534264879
163 0.00255688907578
159 0.00253418648799
152 0.00249093406601
149 0.00247127211665
143 0.00241585035451
138 0.0023695537046
140 0.00235035748074
135 0.0023382510304
136 0.00232915477704
134 0.00231999637305
132 0.00229511773989
133 0.00229511773989
125 0.00224419098802
119 0.00222684642246
123 0.00222124719492
120 0.00220533128355
124 0.00219000707848
115 0.00217911796736
114 0.0021675870153
110 0.00212366383187
103 0.00210407888587
99 0.002087760041
102 0.00207666805473
96 0.00207484872895
94 0.0020746868529
92 0.00207145599925
93 0.00207043545683
91 0.00207009016492
88 0.00205113519531
89 0.00205078322676
83 0.00205017340709
85 0.00204838112107
86 0.00204379309461
77 0.00203409857204
80 0.00203295062941
78 0.00203249262942
75 0.00201863547141
74 0.00201731891424
859 0.00201624497549
68 0.00200602584768
66 0.0020052420512
65 0.00200442355108
64 0.00200361935738
63 0.00200066504218
60 0.00199299365238
56 0.00198784659336
860 0.0019819770132
53 0.0019685262784
52 0.0019600943615
48 0.00193430098189
41 0.00191239836101
45 0.00190774270383
38 0.00190430055922
36 0.00190430044057
39 0.00189588684303
26 0.00189358653272
23 0.00189065730142
29 0.00189057981212
18 0.00188948965265
19 0.00188705108821
20 0.00188643832825
14 0.00188629671227
17 0.00188609554989
11 0.00188156782813
10 0.00187601569589
8 0.00187551585515
9 0.0018726562686
7 0.00186750575931
863 0.00185244344277
5 0.00181829232021
855 0.00180624549106
1 0.00175564007387
2 0.00175518753918
3 0.00175233572537
873 0.00152397906525
877 0.00149614604312
875 0.0014685312604
871 0.00146015643174
880 0.00140344827058
879 0.00139720490471
878 0.00138217616275
887 0.00136762941405
882 0.00136716650775
881 0.00136292761069
885 0.0013583429821
889 0.00135588283923
884 0.00135122346529
891 0.0013428337873
892 0.00132268748891
900 0.00132057406726
893 0.00131530881926
897 0.00131523746276
899 0.00130890646799
901 0.00129610608895
902 0.0012908382492
905 0.00126727824763
906 0.00126663416108
908 0.00126111938779
909 0.00126111938779
912 0.00125020898641
910 0.00124814588449
913 0.00124812202833
916 0.00124374630405
918 0.00123077035826
914 0.00122758793191
920 0.00120426386165
921 0.00117989914185
928 0.00114445060262
929 0.00114080377284
927 0.00113825249789
932 0.00113797245473
931 0.00113596005603
937 0.00113162869573
935 0.00113142691722
939 0.0011232312509
940 0.00112285959707
942 0.00112110495865
941 0.00112057331352
946 0.00111563489849
948 0.00111334636947
949 0.00111275852144
950 0.00111250865635
952 0.0011061403401
955 0.00110441806495
957 0.00110309675357
958 0.00110066938982
959 0.00110040473462
960 0.00109885635045
963 0.00109256825236
964 0.00109256825236
967 0.00108874772156
965 0.00108865642069
966 0.00108708534945
969 0.00108218562449
972 0.00108077106211
970 0.00108017210279
971 0.00107865376822
975 0.00107544948813
976 0.00107511314372
977 0.00107271405954
980 0.00105366248835
986 0.00104925843375
983 0.00104885294753
991 0.00103334807816
994 0.00103235904674
993 0.00102612895576
997 0.00101938093604
998 0.00101882913558
1000 0.00101813937079
999 0.00101551656735
1001 0.00101281181622
1003 0.00101134490959
1005 0.00101108151327
1007 0.00100788718209
1012 0.00100498994579
1014 0.00100303268689
1018 0.0009998641819
1023 0.000996428351804
1021 0.000996397277373
1028 0.000990321336706
1030 0.000982073738213
1034 0.000980413312463
1036 0.00097789777419
1042 0.00097610274674
1033 0.000974859326205
1044 0.000971823095947
1038 0.000970994028416
1046 0.000970926513501
1047 0.000968194628948
1053 0.000965512781888
1052 0.000964251473395
1059 0.000963975993596
1058 0.00095914601692
1056 0.000957798719374
1064 0.000953027332394
1065 0.000952835392048
1066 0.000950682395865
1069 0.000948125669746
1072 0.000946841475792
1070 0.000946415886231
1071 0.000945796099989
1075 0.000945476114123
1077 0.000945102064157
1078 0.000944656302763
1081 0.000944108308256
1076 0.000944082182818
1079 0.000943258922797
1082 0.000942834893139
1088 0.00094263757529
1083 0.000942147115525
1086 0.000940900816278
