35 1.0
13 0.959910774188
6 0.959691811671
27 0.959412325917
25 0.958532440307
30 0.958325906978
34 0.958223583414
33 0.957656232627
0 0.957639741247
16 0.957592508738
15 0.957529738944
4 0.957522093094
22 0.957165971921
24 0.957079688801
12 0.95704556316
31 0.957027180263
40 0.956804294579
44 0.956761452968
46 0.956124635134
21 0.955496361445
28 0.955006594846
32 0.953657870537
37 0.953370186889
43 0.953200849778
42 0.953101711451
47 0.951699433578
51 0.946920325079
49 0.94574812943
50 0.94574236218
54 0.940449716788
55 0.93705836529
58 0.934769735436
59 0.933614841601
57 0.932901906051
62 0.932573276414
61 0.932132566571
67 0.930680310127
70 0.929700853055
71 0.929529758705
69 0.928162147187
73 0.927858320911
72 0.926240518736
81 0.92171662741
76 0.921497143814
79 0.919988005083
82 0.918687893378
84 0.917548274722
87 0.917191223205
90 0.912558045586
95 0.910075952004
98 0.907765906169
97 0.907311587738
100 0.907293951926
101 0.905611625761
106 0.904081392215
104 0.903622847257
105 0.903008552242
107 0.902516870221
108 0.902440302812
111 0.901357685086
109 0.90115006164
112 0.901109497785
116 0.900003235425
117 0.900000463496
113 0.89994712602
118 0.897919502368
121 0.897022716243
122 0.896775724889
126 0.896736929506
127 0.892667303974
129 0.892594203309
128 0.890968960386
130 0.890122156247
131 0.888680094676
137 0.887246309829
141 0.884522532708
142 0.883417706158
139 0.882961695111
147 0.88234948087
148 0.882184520836
150 0.881701829353
153 0.881370943668
157 0.88127126201
155 0.881267699561
144 0.881193645
146 0.880988497577
151 0.880617630422
145 0.880213485368
158 0.880166093745
165 0.879711058469
154 0.878677121025
156 0.87866076419
160 0.877695537827
161 0.877538334291
162 0.877469038325
168 0.876290250411
175 0.875697354596
171 0.87554923479
177 0.87535715206
172 0.875286112286
181 0.874785669873
184 0.874711121405
180 0.874426600818
183 0.874275303692
192 0.873680873847
193 0.873678118378
187 0.873662889784
198 0.872838333856
200 0.872641964443
197 0.87254977787
201 0.872236502282
208 0.872018414719
204 0.871942882196
207 0.87193974606
206 0.871818449968
205 0.871807254093
211 0.871113475956
214 0.870323212661
219 0.870188222453
221 0.86983650541
218 0.869796426938
216 0.869180236889
225 0.712686309511
226 0.582022521689
227 0.424130676618
232 0.0036107584597
239 0.00340029537456
242 0.00331381701319
234 0.00329400612257
231 0.00318929032172
255 0.00289982735761
249 0.00283863225886
244 0.00280199258036
268 0.00269927589486
246 0.00263235963788
236 0.00259965090189
282 0.00254044752598
259 0.00253093063789
238 0.00250638330321
240 0.0024507324191
228 0.00243570346495
253 0.0024155331811
258 0.00241487418816
237 0.00241483068733
256 0.00240796172594
302 0.00239404140152
243 0.0023922678242
248 0.00239038028937
235 0.00238955128773
241 0.00238919365054
229 0.00238826105699
233 0.00238738978307
260 0.00238328620519
267 0.00238009149523
251 0.00237342754338
262 0.0023668321838
245 0.00235918123704
252 0.00235823624486
257 0.00235050129785
264 0.00234773068131
283 0.00234721185428
254 0.00234687311324
285 0.00234600622851
273 0.00233970975322
293 0.00233693886664
266 0.00233623567622
287 0.00233252674045
270 0.00233088326863
247 0.00232846130955
278 0.00232427143253
271 0.00232346646967
306 0.00232194322267
272 0.00232113149008
269 0.00231977319401
274 0.0023186354941
288 0.00231753965892
263 0.00231710663664
279 0.00231708966976
292 0.00231656289433
281 0.00231266178782
301 0.00231084709201
250 0.00231060358118
320 0.00231028555538
296 0.0023089961847
230 0.00230738260563
291 0.00230372643271
304 0.00229926010324
280 0.00229900194883
286 0.00229751146824
277 0.00229315035302
265 0.00228965021665
327 0.00228948926242
261 0.00228924798277
305 0.00228834268717
275 0.00228578187308
276 0.00228505700133
295 0.00227918817226
284 0.00227592999502
289 0.00227229397462
309 0.00227056823491
303 0.00226713235204
299 0.00226579992017
294 0.00226142784516
316 0.00226003078593
341 0.00225536234995
314 0.0022539087466
290 0.00225098805586
315 0.00224993541825
298 0.00224838887939
324 0.00224641977387
307 0.00224565751058
300 0.00224219174341
297 0.00223883876899
308 0.00223357829281
317 0.00222963418242
311 0.00222788184222
318 0.00222694974265
346 0.00222609799004
319 0.00222369063517
312 0.00222229875688
313 0.00221216391275
332 0.00221190849564
325 0.00220910107791
333 0.00220887724921
310 0.00220779981927
322 0.00220298841283
321 0.00220166534562
323 0.0021983699124
330 0.00219807426047
329 0.00219397540116
335 0.00218844812883
336 0.00218449271143
334 0.00217949859461
328 0.00217757268788
331 0.00217403201198
326 0.00217310485218
338 0.00217214171229
340 0.00216979429234
344 0.00216956052229
343 0.00216785068117
337 0.00216225283348
355 0.00215848039727
350 0.00215771929741
345 0.00215396282003
339 0.00215037951944
347 0.0021482620052
349 0.00214758626308
342 0.00214693553736
348 0.00214302311835
356 0.00214071588011
354 0.00213541486563
351 0.00213307673609
353 0.00212925233664
358 0.0021234645739
368 0.00212303713443
357 0.00211950618463
361 0.00211906313929
369 0.00211755363834
367 0.00211740002717
359 0.00211705922097
352 0.002116080993
360 0.00211509954027
365 0.00211027833496
362 0.00210763970673
366 0.00210625189116
364 0.00210578053671
363 0.00210497390569
372 0.00209893393232
371 0.00209691864122
370 0.0020960321358
375 0.0020955944742
377 0.00208387143115
374 0.00208331064287
380 0.00208187877449
378 0.00207916041214
387 0.00207449903815
379 0.00207393027081
373 0.00207356715057
382 0.00207116954709
376 0.00207110207111
385 0.00206941776647
386 0.00206486247016
381 0.00205960626794
384 0.00205638754173
388 0.00205255187772
396 0.00203656806902
392 0.00203642922331
390 0.0020344042177
383 0.00203241069391
397 0.00203239898917
401 0.00202957065217
391 0.00202739052024
394 0.00202656484464
389 0.0020259727989
399 0.00201285253251
398 0.0020123335305
395 0.00201045884137
404 0.00200775722708
393 0.00200683640364
417 0.00200168421488
411 0.00200108195718
408 0.00199989481824
402 0.00199885806355
403 0.00199730253502
407 0.0019964069522
412 0.00199629736891
413 0.00199598777341
405 0.00199420279062
415 0.00198839980367
400 0.0019867701244
422 0.0019860932258
420 0.00198533710007
414 0.00198281885025
406 0.00198199768844
410 0.00197726681364
409 0.00197631905221
419 0.00197003147813
421 0.00196955831394
416 0.00196578097094
431 0.00196207733955
432 0.00196098849467
440 0.00195727646181
429 0.00195092966755
428 0.00194764464782
418 0.00194559588441
443 0.00194315478157
435 0.00194292023304
441 0.00194270869824
433 0.00194223505916
437 0.00194192228573
426 0.00194161400428
423 0.00194151347286
430 0.00194136900613
425 0.00194083186285
424 0.00193729158742
434 0.00193100159119
427 0.00193008403043
448 0.00192584239358
439 0.00192357386229
438 0.00192336860395
450 0.00192117299665
442 0.00191832653771
444 0.00191831117786
449 0.001917058209
445 0.00191604610451
436 0.00191604600279
456 0.00191002949874
459 0.00190986076698
447 0.00190908892275
457 0.00190904938744
452 0.0019073827878
451 0.0019072815249
454 0.00190683892673
453 0.00190636115452
446 0.00190608208617
461 0.00190425689735
455 0.00189823786017
458 0.00189795627161
462 0.00189768459026
460 0.00189724285122
466 0.00189638730464
463 0.0018914925363
470 0.00189018406371
472 0.00188877142221
469 0.00188872142305
464 0.0018875393651
465 0.00188684525734
467 0.00188663380992
476 0.00188465717268
478 0.00188463735357
471 0.00188433311438
477 0.00188316306909
468 0.00188152992156
475 0.00188119995988
474 0.00187535340717
480 0.00187463429699
473 0.00187448174596
481 0.00187322730067
485 0.00187045610477
486 0.00187045342265
490 0.00186693268006
494 0.00186666304308
492 0.00186650330777
491 0.00186593228059
484 0.0018614829712
488 0.00186140261693
483 0.00186132984886
482 0.00186098964365
505 0.0018607426429
489 0.00185981533105
493 0.00185873275229
487 0.001858611021
479 0.00185534331103
499 0.00185477920061
504 0.00185091562407
500 0.00184793795948
498 0.00184725267587
502 0.00184646605301
496 0.00184510566409
509 0.00184250723057
501 0.00184233530945
497 0.00183772007198
507 0.00183659934807
495 0.00183418544559
503 0.00183165636462
506 0.00183120634989
515 0.00182956061163
508 0.00182813590247
514 0.00182433078148
512 0.00182394746595
510 0.00182348145248
528 0.00181865573823
518 0.00181727266998
511 0.00181498931828
513 0.00180983419238
521 0.00180900529855
522 0.00180867475614
516 0.00180828373812
532 0.00180538498095
517 0.00180378168726
523 0.00180272437684
534 0.0017996328001
535 0.00179889546049
525 0.00179855032008
536 0.00179652626147
520 0.00179543172552
526 0.00179493563387
529 0.00179456364096
519 0.00179138732464
524 0.00178981640593
531 0.00178928299571
527 0.00178651898864
530 0.00177851481466
537 0.00177639319704
533 0.00177346652243
543 0.00177192934194
538 0.00176832175419
542 0.0017650535545
541 0.0017642106655
545 0.00176324274187
540 0.00176308366393
539 0.00176116802576
544 0.00175905181484
547 0.00175788067959
554 0.00175522194565
546 0.00175450175661
556 0.0017514201802
551 0.00174934782517
548 0.00174910677467
549 0.00174579535851
550 0.00174482015054
553 0.00174427701646
555 0.00174075570092
558 0.00173874905508
557 0.00173824905587
552 0.00173751259672
560 0.00173679717206
559 0.00173423857927
561 0.00173217191946
565 0.00173100576859
562 0.00172786517465
563 0.0017261634215
564 0.00172520439939
566 0.00172464919517
570 0.00172263997842
569 0.00172183442976
567 0.00172002067993
577 0.00171922323845
571 0.00171770135455
576 0.00171757140159
573 0.00171716722447
572 0.00171705168496
575 0.00171641367668
578 0.0017157259905
574 0.00171348845711
579 0.00171203225978
582 0.00171193696915
580 0.00171192695364
568 0.00171138028331
586 0.00171077996917
585 0.00170969441106
581 0.00170873971349
589 0.00170685998877
583 0.00170680576469
584 0.00170563316982
592 0.00170495627703
599 0.00170443791584
591 0.00170391348529
588 0.00170331308906
590 0.00170236729934
606 0.00170220463943
601 0.0017021926965
597 0.00170126700409
596 0.00169964582936
598 0.00169934723622
595 0.00169909258125
587 0.0016984721802
593 0.00169770861598
604 0.00169704826187
600 0.00169538467027
605 0.00169447946642
594 0.00169412392329
608 0.00169400122268
615 0.00169159175385
609 0.0016912574801
617 0.00169112121926
614 0.0016907816021
611 0.00168948383713
603 0.00168929175537
616 0.00168796034724
602 0.00168706530284
626 0.00168676350436
612 0.00168667914906
621 0.00168567064408
619 0.00168534384962
607 0.00168452926196
629 0.00168426341284
623 0.00168416535956
627 0.00168383451117
613 0.00168091226121
618 0.00167906104054
630 0.00167892740399
631 0.0016789178675
633 0.00167818782312
620 0.00167729903444
622 0.00167716581904
610 0.00167715337951
634 0.00167610567331
632 0.00167523947023
624 0.00167444364878
628 0.00167281333963
644 0.00167183176196
638 0.0016716009621
625 0.00167058000981
642 0.00166865944932
649 0.00166865921955
635 0.00166863196191
641 0.00166686868567
646 0.00166596285206
636 0.00166443935859
650 0.00166343850821
647 0.00166338322489
637 0.00166310887905
640 0.00166282559504
639 0.00166197983574
643 0.00166112953651
645 0.00166080912587
648 0.00166025081673
656 0.00165984268788
653 0.00165974309303
652 0.00165915676829
659 0.00165749628588
660 0.00165663748355
651 0.00165661987469
654 0.00165503916845
655 0.00165440217364
658 0.00165415306018
661 0.00165313368685
664 0.00165278591024
663 0.00165018492658
665 0.00164950337421
657 0.00164859830759
662 0.00164772460584
667 0.00164652177825
666 0.00164564471073
670 0.00164522409251
668 0.00164487908257
676 0.00164320376966
669 0.00164311379926
675 0.00164259533843
673 0.00164249951731
671 0.00163885084366
677 0.00163801332933
672 0.00163729947096
679 0.00163703721866
684 0.00163445902574
678 0.0016328798343
682 0.00163175814026
674 0.00163140248482
686 0.00163056847993
683 0.00163001001384
680 0.00162885650331
687 0.00162636081746
681 0.00162549488313
696 0.00162481972074
689 0.00162378543004
693 0.00162301494496
688 0.00162274886545
697 0.001621754576
704 0.00162171617881
685 0.00162112607923
692 0.001620928814
695 0.00161857209953
702 0.00161739961868
705 0.00161730257485
709 0.00161715020443
691 0.00161714920333
690 0.00161622814239
706 0.00161596822148
703 0.00161591633397
700 0.00161560874952
717 0.0016147416794
698 0.00161287874106
707 0.00161282272057
711 0.00161248010445
713 0.00161246104114
710 0.00161200232759
714 0.0016119157027
694 0.00161187246369
708 0.00161104181653
712 0.0016109041633
701 0.00160974765897
699 0.00160902749954
715 0.00160805637251
719 0.00160263781023
718 0.00160248475857
716 0.00160221394799
720 0.00160196689607
724 0.00160176946018
729 0.00159863620562
723 0.00159847536319
721 0.00159845442657
727 0.00159805529298
731 0.00159707183876
730 0.00159699820471
722 0.00159691900337
725 0.00159676107116
738 0.00159549485513
735 0.00159515152484
733 0.00159400485653
732 0.00159383447004
741 0.00159382328347
737 0.00159374890265
742 0.00159309908233
739 0.0015926017284
726 0.0015925748001
728 0.00159210569305
734 0.00159088311359
736 0.00159000478143
740 0.00158935141386
744 0.00158824007343
746 0.00158693939285
750 0.00158576711002
749 0.00158521680593
743 0.00158519853821
747 0.00158498731567
753 0.00158484136708
745 0.00158429146437
752 0.00158370799955
754 0.00158277751841
751 0.00158162347715
748 0.00158149121611
756 0.00158106695714
755 0.00158022988097
761 0.0015793878823
763 0.00157864692668
759 0.00157863389454
757 0.00157765464672
764 0.00157678531408
762 0.00157636401401
758 0.00157577639093
765 0.00157559185023
760 0.00157442457669
767 0.00157441461479
768 0.00157397097407
766 0.00157288350437
772 0.00157166815389
778 0.00157090297501
773 0.00157084906559
775 0.00156996342564
770 0.00156956572605
771 0.00156905489406
776 0.00156897230838
769 0.00156849099652
779 0.00156827523949
780 0.0015667151012
795 0.00156589456746
777 0.00156534974511
774 0.00156393016588
783 0.00156378246044
782 0.00156373771996
786 0.00156203960875
784 0.0015620208014
799 0.00156192707243
792 0.00156171186105
801 0.00156149384102
787 0.00156126118894
789 0.0015607107111
793 0.00156066787275
790 0.00156047717767
804 0.00155995503508
797 0.00155983170802
811 0.00155979957517
813 0.00155941910775
805 0.00155933662674
807 0.00155927583185
791 0.00155927543209
785 0.00155923198605
830 0.00155910242932
798 0.00155907534185
781 0.00155895143534
796 0.00155864338124
829 0.00155849614785
816 0.00155784729403
794 0.00155762312871
839 0.00155713678638
812 0.00155705882598
788 0.00155689384699
818 0.00155658652667
820 0.00155629880297
828 0.00155604671076
847 0.00155601480536
834 0.00155545803697
823 0.00155516661868
842 0.0015550896347
822 0.00155491325663
833 0.00155489592689
817 0.00155481213394
843 0.0015547821317
803 0.00155472585214
815 0.00155471462966
814 0.00155466606527
836 0.00155443010478
819 0.00155440841195
825 0.0015540167912
844 0.00155376593645
826 0.00155374536557
810 0.00155369705995
827 0.00155355399223
808 0.00155334104279
806 0.00155326075484
809 0.00155317594603
821 0.00155313588445
800 0.00155291415038
835 0.00155278211646
824 0.00155263706801
802 0.00155257803299
848 0.00155236548105
846 0.00155224891583
840 0.00155222638116
838 0.00155209503593
831 0.00155067060701
832 0.00155065728428
837 0.00155042262804
841 0.00155041736616
845 0.00154983508103
849 0.00154878984265
850 0.000377892382001
851 0.000280100804895
852 0.000212956012488
854 6.6642120897e-05
856 4.86297648601e-05
858 4.74494089946e-05
864 4.68143296184e-05
857 4.64203642995e-05
866 4.63459082508e-05
862 4.56917847004e-05
861 4.55880478594e-05
865 4.5448160629e-05
867 4.46026299838e-05
870 4.37331814186e-05
869 4.3515898765e-05
868 4.33155542446e-05
872 4.32576024592e-05
874 4.26183917131e-05
876 4.09740018228e-05
883 3.56918899115e-05
890 3.55339609956e-05
886 3.54593401032e-05
888 3.43614688408e-05
896 3.37683106847e-05
894 3.2392218756e-05
895 3.23687838632e-05
853 3.23077675792e-05
898 3.20763146271e-05
904 3.00842512183e-05
903 3.00780731515e-05
907 2.93576096144e-05
911 2.78091560468e-05
917 2.74163443256e-05
915 2.73542743757e-05
919 2.71546078328e-05
923 2.62927910156e-05
924 2.61595046628e-05
925 2.60812076444e-05
922 2.60332558348e-05
926 2.530254787e-05
930 2.4543063206e-05
933 2.41400491872e-05
936 2.40131559342e-05
934 2.38574127253e-05
938 2.35738818097e-05
945 2.3564390747e-05
943 2.35147825808e-05
944 2.35147825808e-05
947 2.32001361473e-05
953 2.24342588244e-05
954 2.21061047111e-05
956 2.1978528759e-05
951 2.18056146606e-05
961 2.10892460859e-05
962 2.07198906108e-05
968 2.01923982491e-05
973 1.9536199411e-05
974 1.93735150641e-05
978 1.89790546499e-05
979 1.8719572274e-05
982 1.85700370685e-05
985 1.85690726971e-05
981 1.85316307556e-05
984 1.83883728303e-05
988 1.82301865617e-05
989 1.82301650856e-05
987 1.82296549101e-05
990 1.80885854012e-05
992 1.77854619976e-05
996 1.77781475213e-05
995 1.74930710191e-05
1002 1.73647759386e-05
1008 1.72807422366e-05
1011 1.72268399983e-05
1004 1.72245841125e-05
1013 1.7205052093e-05
1006 1.71471499444e-05
1009 1.71394290232e-05
1015 1.71367652756e-05
1010 1.70524582731e-05
1016 1.69690276742e-05
1019 1.68873381624e-05
1017 1.68864628061e-05
1020 1.68650832941e-05
1022 1.6823450569e-05
1026 1.66935300319e-05
1027 1.66746245816e-05
1029 1.6670815049e-05
1024 1.66703795485e-05
1025 1.66640454467e-05
1031 1.6652225616e-05
1035 1.66367312934e-05
1032 1.66218680435e-05
1037 1.65243124034e-05
1040 1.65159492829e-05
1043 1.64929876686e-05
1045 1.64810056702e-05
1039 1.64758226833e-05
1041 1.64695595315e-05
1048 1.64660862079e-05
1054 1.6437983433e-05
1050 1.64208032363e-05
1049 1.64208032363e-05
1051 1.63783561163e-05
1060 1.63206340435e-05
1055 1.63164496597e-05
1062 1.63123329346e-05
1057 1.62934745337e-05
1061 1.62856520103e-05
1063 1.6272921879e-05
1067 1.62471014926e-05
1068 1.62148178961e-05
1084 1.6175994147e-05
1073 1.61657640155e-05
1074 1.61608794665e-05
1080 1.61330898162e-05
1085 1.60736217727e-05
1087 1.59986716115e-05
220 7.72766250371e-06
217 7.65334911182e-06
212 7.40769800082e-06
222 7.40629615436e-06
223 7.3747740576e-06
224 7.30702329644e-06
213 7.18107157453e-06
210 7.1034634367e-06
215 7.06745693629e-06
209 6.93254264974e-06
203 6.88819455302e-06
202 6.81091620245e-06
199 6.77401399162e-06
194 6.75685893589e-06
196 6.74238431959e-06
189 6.71234811106e-06
195 6.70365411453e-06
191 6.68897970885e-06
190 6.6799488748e-06
188 6.67696022284e-06
186 6.63094425711e-06
185 6.62847338429e-06
178 6.60462034657e-06
182 6.59802098612e-06
179 6.5696183971e-06
174 6.55579042619e-06
173 6.55504073034e-06
176 6.55389276798e-06
170 6.4922306619e-06
166 6.44838418265e-06
169 6.44641966302e-06
167 6.44371087198e-06
164 6.40756642942e-06
163 6.3776449595e-06
159 6.29426244736e-06
152 6.13744580622e-06
149 6.06658475904e-06
143 5.86501140401e-06
138 5.69750707187e-06
140 5.62815890696e-06
135 5.58471107842e-06
136 5.55159007182e-06
134 5.51889875132e-06
132 5.42982800694e-06
133 5.42982800694e-06
125 5.24703276003e-06
119 5.1849051032e-06
123 5.16493132426e-06
120 5.10792480175e-06
124 5.05370197279e-06
115 5.01465365938e-06
114 4.97343026838e-06
110 4.8170531768e-06
103 4.74741271461e-06
99 4.68973512692e-06
102 4.65007529432e-06
96 4.64349586349e-06
94 4.64311549903e-06
92 4.63148552689e-06
93 4.62814614254e-06
91 4.62702687349e-06
88 4.55984751914e-06
89 4.55862032429e-06
83 4.55641885925e-06
85 4.55019166232e-06
859 4.54549431999e-06
86 4.53422137896e-06
77 4.49993823737e-06
80 4.49596859555e-06
78 4.49434477248e-06
860 4.44634786833e-06
75 4.44571625972e-06
74 4.44109431294e-06
68 4.40161980237e-06
66 4.39888276486e-06
65 4.39604318351e-06
64 4.39334804636e-06
63 4.38297482956e-06
60 4.35633707242e-06
56 4.33924297045e-06
53 4.27164622594e-06
52 4.24249295612e-06
48 4.15337484108e-06
41 4.07781154962e-06
863 4.07022186061e-06
45 4.06173779367e-06
38 4.04986887455e-06
36 4.04986845101e-06
39 4.02083915515e-06
26 4.01294171841e-06
23 4.00285359021e-06
29 4.00253764652e-06
18 3.99880654661e-06
19 3.99041510235e-06
20 3.98830313649e-06
14 3.98787265968e-06
17 3.98711809177e-06
11 3.97158828727e-06
10 3.95262116877e-06
8 3.95105154088e-06
9 3.9413473281e-06
855 3.93546952678e-06
7 3.9241214206e-06
5 3.76052689456e-06
1 3.55272968441e-06
2 3.55123079449e-06
3 3.54178700526e-06
873 3.12160271603e-06
877 3.04170424903e-06
875 2.96112922815e-06
871 2.9381436998e-06
880 2.7748622325e-06
879 2.75626597891e-06
878 2.71310004073e-06
887 2.671838897e-06
882 2.67040029815e-06
881 2.65816483963e-06
885 2.64509138211e-06
889 2.63848305408e-06
884 2.62467802521e-06
891 2.60109849137e-06
892 2.54357591061e-06
900 2.53793069517e-06
897 2.52330423889e-06
893 2.52264259797e-06
899 2.50475170153e-06
901 2.46837677628e-06
902 2.4545896861e-06
905 2.38738401807e-06
906 2.38520546631e-06
908 2.3700363698e-06
909 2.3700363698e-06
912 2.33926257301e-06
910 2.33405083597e-06
913 2.33342502742e-06
916 2.32119275875e-06
918 2.28527794203e-06
914 2.27701578861e-06
920 2.2115943815e-06
921 2.1441913435e-06
928 2.0456766098e-06
929 2.03561892219e-06
927 2.02853811216e-06
932 2.02775906992e-06
931 2.02222634211e-06
937 2.01025435256e-06
935 2.00975060348e-06
939 1.98706553327e-06
940 1.98608459011e-06
942 1.98125023015e-06
941 1.97972558662e-06
946 1.96644161335e-06
948 1.95996899494e-06
949 1.95836432746e-06
950 1.95767690037e-06
952 1.94018895396e-06
955 1.93554311738e-06
957 1.93193826789e-06
958 1.92544729838e-06
959 1.92471293912e-06
960 1.92020962228e-06
964 1.90312617197e-06
963 1.90312617197e-06
967 1.8928895069e-06
965 1.89259749287e-06
966 1.88845168011e-06
969 1.87508056961e-06
972 1.87127005831e-06
970 1.8698289028e-06
971 1.86571494147e-06
975 1.85687866497e-06
976 1.85597349705e-06
977 1.84961057348e-06
980 1.79844590284e-06
986 1.7867570826e-06
983 1.78555305479e-06
991 1.74406930178e-06
994 1.74140098311e-06
993 1.72478809823e-06
997 1.70673876186e-06
998 1.70527707312e-06
1000 1.70349512147e-06
999 1.69647702453e-06
1001 1.68930421146e-06
1003 1.68535870972e-06
1005 1.68463834709e-06
1007 1.6761210256e-06
1012 1.66843096687e-06
1014 1.66328523943e-06
1018 1.65486292006e-06
1023 1.64575318556e-06
1021 1.64573388252e-06
1028 1.62964610377e-06
1030 1.60796250188e-06
1034 1.60352876085e-06
1036 1.59689231321e-06
1042 1.59219470355e-06
1033 1.58892662405e-06
1044 1.58092047858e-06
1038 1.57872578179e-06
1046 1.57854210599e-06
1047 1.57137948935e-06
1053 1.56432463607e-06
1052 1.56099716936e-06
1059 1.56030773999e-06
1058 1.54760440763e-06
1056 1.54408257003e-06
1064 1.53160770287e-06
1065 1.53109462999e-06
1066 1.52546484094e-06
1069 1.51876111919e-06
1072 1.51540676805e-06
1070 1.5143002206e-06
1071 1.51267300712e-06
1075 1.51183318952e-06
1077 1.51087500849e-06
1078 1.50968878483e-06
1081 1.50825815471e-06
1076 1.508195613e-06
1079 1.50603722607e-06
1082 1.50493452579e-06
1088 1.5044146733e-06
1083 1.50313332855e-06
1086 1.49987970822e-06
