5 1.0
2 0.852272262281
1 0.849876054373
3 0.837133008626
7 0.278645985677
9 0.231152696061
8 0.216928148091
10 0.202953435721
11 0.191009602856
14 0.190045210118
19 0.18627345323
17 0.1857343455
20 0.185636986037
23 0.184798240524
18 0.184617382579
26 0.183829666909
29 0.18292711902
39 0.180796669051
36 0.178320267531
38 0.178320258052
45 0.177070910695
41 0.176623915892
48 0.16976354552
52 0.162785105951
53 0.16068002304
56 0.158288587009
60 0.154863648305
63 0.153312038804
64 0.153032330745
65 0.152584828964
66 0.15239502133
68 0.152280536255
74 0.150567952095
75 0.150422403919
78 0.148809909338
80 0.148779080627
77 0.148703060279
86 0.147756829258
85 0.147147591936
83 0.146963487895
89 0.146846445356
88 0.146826917983
91 0.145472092353
93 0.145283117066
92 0.144947011825
94 0.144924932755
102 0.144710101807
96 0.144674905231
99 0.144278086111
103 0.142986866552
110 0.141866314684
114 0.13947969847
115 0.138969602721
124 0.138402718393
120 0.137461282518
123 0.136763754591
119 0.136503316676
125 0.13570573069
133 0.133513581136
132 0.133513581136
134 0.13238195159
136 0.131928359646
135 0.131690500523
140 0.131153139052
138 0.130468426157
143 0.128860356612
149 0.127097599145
152 0.126363904256
159 0.124963550674
163 0.124380668941
164 0.124004536819
166 0.123828260773
167 0.12378190571
169 0.123738183075
170 0.123443929993
176 0.123113830227
174 0.12305162908
173 0.123050584983
179 0.122954829453
182 0.122862476211
178 0.122780470358
185 0.122752058013
186 0.122732252527
188 0.122600366472
195 0.122565375291
190 0.122559453483
189 0.122555419727
191 0.122544090284
196 0.122414244516
194 0.1224080574
199 0.122349891916
203 0.12232256243
202 0.122320649124
209 0.122139827911
213 0.122057801178
210 0.122051431631
212 0.122008100852
215 0.121929786224
217 0.121844406559
220 0.121837635262
224 0.121790465945
223 0.12176542038
222 0.121755960055
228 0.00215280546039
230 4.08914159952e-05
243 4.0310943502e-05
232 3.93590649615e-05
265 2.96853706543e-05
235 2.92049591481e-05
257 2.90614238842e-05
239 2.87700885756e-05
234 2.87510593045e-05
250 2.86738508635e-05
270 2.86485440751e-05
252 2.85051051581e-05
236 2.81668757815e-05
247 2.8082986538e-05
269 2.75291972992e-05
242 2.70960716468e-05
276 2.70586419567e-05
255 2.68421195103e-05
290 2.66424015972e-05
244 2.64965593868e-05
240 2.64041791109e-05
300 2.62426390942e-05
249 2.62330631919e-05
297 2.6193875425e-05
261 2.616288689e-05
302 2.60865523703e-05
296 2.60088922902e-05
268 2.57402630557e-05
256 2.5670024123e-05
283 2.55913099745e-05
260 2.55828693074e-05
238 2.5454147337e-05
229 2.54391463869e-05
233 2.54287209426e-05
294 2.53910084986e-05
259 2.53600030769e-05
241 2.53155796192e-05
267 2.5289165448e-05
248 2.52863758849e-05
258 2.52662389012e-05
266 2.51505627437e-05
310 2.51223232049e-05
264 2.51008228396e-05
253 2.50864496339e-05
282 2.50760380092e-05
301 2.50502742498e-05
285 2.50435159777e-05
299 2.49606718594e-05
292 2.49275422774e-05
291 2.4915883611e-05
287 2.49025989303e-05
271 2.48901132171e-05
251 2.48867024742e-05
273 2.48694050873e-05
245 2.48243699645e-05
272 2.48169444216e-05
298 2.47945723135e-05
237 2.47480908334e-05
254 2.47043296497e-05
262 2.47035835545e-05
279 2.47008565243e-05
323 2.46397608978e-05
307 2.46264787947e-05
314 2.4568962341e-05
286 2.4562464521e-05
231 2.45338062293e-05
274 2.45111398026e-05
313 2.44161949214e-05
277 2.44006891502e-05
288 2.43930032585e-05
246 2.43828067291e-05
315 2.43567643408e-05
305 2.43449759288e-05
278 2.42964028884e-05
281 2.42844443265e-05
324 2.42757444111e-05
280 2.42685284694e-05
303 2.42672167338e-05
263 2.42630377416e-05
321 2.42317127667e-05
275 2.41318303236e-05
306 2.4127012609e-05
284 2.4106595529e-05
295 2.39858881954e-05
293 2.39636649416e-05
289 2.39115199997e-05
309 2.38355470199e-05
304 2.37910846283e-05
316 2.37584546065e-05
342 2.37331162915e-05
334 2.37083747754e-05
320 2.36904430648e-05
308 2.36869502917e-05
338 2.36718050426e-05
335 2.36629991191e-05
327 2.36490592136e-05
337 2.36312221501e-05
311 2.36168561499e-05
318 2.36098399277e-05
312 2.35423780502e-05
325 2.34342898192e-05
319 2.34190946841e-05
345 2.33624630887e-05
322 2.33601938916e-05
332 2.33474099816e-05
340 2.33258687091e-05
317 2.32971495134e-05
330 2.32928579601e-05
333 2.3232567331e-05
341 2.32228632733e-05
339 2.32096040666e-05
329 2.32094151639e-05
348 2.31354244796e-05
346 2.31340129157e-05
336 2.31319930271e-05
331 2.30655403824e-05
353 2.30118230514e-05
326 2.29752442458e-05
328 2.29707320121e-05
360 2.29112235956e-05
344 2.28844597141e-05
363 2.27495647919e-05
352 2.2681730285e-05
347 2.26576707737e-05
343 2.26406655222e-05
368 2.26403939201e-05
361 2.26301865658e-05
355 2.25364329105e-05
351 2.25315230784e-05
362 2.25228306113e-05
365 2.25178582253e-05
349 2.2482329985e-05
350 2.24517275749e-05
356 2.24185968937e-05
364 2.24043322429e-05
358 2.23587683814e-05
357 2.23564455574e-05
354 2.23329168021e-05
367 2.23257727038e-05
370 2.23169780462e-05
359 2.22621113533e-05
366 2.21531187918e-05
371 2.21518007475e-05
380 2.2140231934e-05
369 2.21180571468e-05
372 2.19751480656e-05
382 2.19631353189e-05
373 2.19532028367e-05
376 2.19353387314e-05
385 2.19352853645e-05
379 2.191785296e-05
375 2.19009485076e-05
374 2.18917629481e-05
386 2.18606311137e-05
377 2.17544280176e-05
378 2.16987027284e-05
387 2.16129892706e-05
381 2.15680101415e-05
384 2.15379935178e-05
396 2.14395827067e-05
390 2.13872094541e-05
397 2.13647677483e-05
391 2.13556285796e-05
401 2.13203902128e-05
388 2.12750190658e-05
394 2.12403293291e-05
392 2.11629256552e-05
383 2.11581612604e-05
389 2.11395803218e-05
393 2.10081792991e-05
411 2.09935540634e-05
399 2.09738264939e-05
395 2.09347081728e-05
404 2.09293547831e-05
398 2.09180240565e-05
407 2.08567261473e-05
412 2.08552181125e-05
417 2.08153400798e-05
405 2.08072824774e-05
408 2.0760542887e-05
402 2.07575783929e-05
403 2.07553276444e-05
422 2.06934353722e-05
420 2.06544294942e-05
413 2.06501690284e-05
415 2.06397121141e-05
400 2.05646475434e-05
414 2.05605375404e-05
406 2.05201180514e-05
409 2.05174360121e-05
410 2.04811304627e-05
419 2.04719164862e-05
421 2.03519575785e-05
416 2.02957305243e-05
431 2.02793286798e-05
432 2.02109814834e-05
440 2.01877203118e-05
429 2.01793465437e-05
435 2.00652535189e-05
433 2.00344528231e-05
428 2.00291714987e-05
430 1.99975550462e-05
425 1.99912892905e-05
443 1.9991102636e-05
441 1.99840532024e-05
418 1.99561599605e-05
437 1.99446061262e-05
423 1.99168049718e-05
424 1.99001466305e-05
426 1.9894423026e-05
448 1.98291623805e-05
427 1.98248588605e-05
434 1.97695931673e-05
439 1.97390534402e-05
438 1.96993842857e-05
450 1.96991397381e-05
444 1.96689741887e-05
442 1.96679224469e-05
445 1.96398877879e-05
449 1.9627922385e-05
436 1.96083279521e-05
456 1.96047618498e-05
447 1.95859778786e-05
457 1.95673419567e-05
454 1.95554238233e-05
459 1.95369922107e-05
451 1.95151173522e-05
453 1.95080000973e-05
452 1.95061576498e-05
461 1.94902078371e-05
446 1.94886676548e-05
466 1.94172065394e-05
455 1.94008057389e-05
458 1.93975298935e-05
460 1.93821677836e-05
462 1.93767882402e-05
470 1.92896422023e-05
469 1.92826107497e-05
463 1.92794197093e-05
472 1.92707631757e-05
464 1.92551135111e-05
465 1.92460336917e-05
467 1.9244357146e-05
476 1.92436044979e-05
477 1.92388717252e-05
478 1.92306958622e-05
471 1.91998475277e-05
475 1.91722736115e-05
468 1.91567136176e-05
473 1.90954352229e-05
474 1.90839780134e-05
480 1.90839329808e-05
485 1.90617392297e-05
486 1.90617036026e-05
481 1.90492299519e-05
494 1.89937803087e-05
492 1.89877804462e-05
490 1.89795641338e-05
491 1.89418088216e-05
488 1.89180875555e-05
483 1.89144153073e-05
505 1.89076091552e-05
484 1.88943843934e-05
487 1.88939003654e-05
482 1.88907041779e-05
489 1.88880267035e-05
493 1.88731189205e-05
479 1.88381548893e-05
499 1.88212450741e-05
504 1.87681070305e-05
500 1.87368963062e-05
496 1.87107868457e-05
498 1.86991503516e-05
502 1.8696609341e-05
509 1.86714683011e-05
501 1.86401202187e-05
497 1.86211433061e-05
507 1.85747795715e-05
495 1.85585574087e-05
506 1.85242576899e-05
503 1.85119295652e-05
515 1.85027880792e-05
508 1.84651113812e-05
514 1.84244428344e-05
512 1.84036032688e-05
510 1.84012893302e-05
528 1.83467872806e-05
518 1.83324325933e-05
511 1.82943018534e-05
513 1.82221334056e-05
522 1.82183530653e-05
516 1.8201679805e-05
521 1.82006833923e-05
532 1.81685886793e-05
517 1.81464082221e-05
523 1.81263682186e-05
534 1.80920706698e-05
535 1.80757058487e-05
525 1.80745370606e-05
536 1.80546358099e-05
520 1.80332780768e-05
526 1.80290343445e-05
529 1.80179169966e-05
519 1.79959903937e-05
524 1.79681171001e-05
531 1.79506860856e-05
527 1.79094669104e-05
530 1.78139416207e-05
537 1.77796521862e-05
533 1.77409935832e-05
543 1.77244182093e-05
538 1.76679837247e-05
542 1.76296841288e-05
541 1.76190023392e-05
540 1.76064958666e-05
545 1.76055238684e-05
539 1.75798519643e-05
544 1.75517789435e-05
547 1.75337124307e-05
554 1.74993452339e-05
546 1.74880443484e-05
556 1.7452854706e-05
551 1.7425597677e-05
548 1.74214877284e-05
549 1.73725348951e-05
550 1.7365750422e-05
553 1.73559124992e-05
555 1.73103055004e-05
558 1.72803766642e-05
557 1.72734963152e-05
552 1.72680100365e-05
560 1.72527372512e-05
559 1.72240448692e-05
561 1.71928190243e-05
565 1.71777842604e-05
562 1.71358218729e-05
563 1.71163896198e-05
564 1.71015252593e-05
566 1.70924337938e-05
570 1.70678888631e-05
569 1.70572787517e-05
567 1.70348645073e-05
577 1.70249015177e-05
571 1.70044652386e-05
576 1.70026364575e-05
573 1.69940239728e-05
572 1.69931891231e-05
575 1.69854990626e-05
578 1.697646218e-05
574 1.69498577701e-05
582 1.69289695729e-05
580 1.6927838389e-05
579 1.69269017984e-05
568 1.6916864861e-05
586 1.69099983887e-05
585 1.68983690378e-05
581 1.68822777825e-05
589 1.68581921344e-05
583 1.68578330878e-05
584 1.68428053269e-05
592 1.6834307886e-05
599 1.68277323275e-05
591 1.68213864128e-05
588 1.68139601575e-05
590 1.68003179306e-05
601 1.67990651956e-05
606 1.67981880235e-05
597 1.67847394694e-05
596 1.67639549831e-05
598 1.67608221008e-05
595 1.67562574639e-05
587 1.67502611945e-05
593 1.6737858756e-05
604 1.67293267647e-05
600 1.67072649626e-05
605 1.66964904269e-05
594 1.66923449318e-05
608 1.6689275545e-05
615 1.66580781836e-05
609 1.66537127769e-05
617 1.66517007865e-05
614 1.66467411501e-05
611 1.66310584333e-05
603 1.66287432189e-05
616 1.66105406557e-05
602 1.6599979599e-05
612 1.65950911175e-05
626 1.65942825972e-05
621 1.65813533242e-05
619 1.65766044148e-05
607 1.65659531775e-05
629 1.6562161783e-05
623 1.65591276466e-05
627 1.65560277137e-05
613 1.65176210788e-05
618 1.64930333013e-05
630 1.64902332935e-05
631 1.64901089867e-05
633 1.64817885383e-05
620 1.64688563435e-05
610 1.64687731876e-05
622 1.64678669267e-05
634 1.64547839167e-05
632 1.64439111164e-05
624 1.64328042791e-05
628 1.64124636557e-05
644 1.63979616523e-05
638 1.63959150143e-05
625 1.63818039667e-05
642 1.63569424817e-05
635 1.63563308435e-05
649 1.63561826627e-05
641 1.63327996146e-05
646 1.63213080276e-05
636 1.63018010526e-05
650 1.62885835012e-05
647 1.62871078428e-05
637 1.62836643423e-05
640 1.6281171833e-05
639 1.62688419541e-05
643 1.62585054966e-05
645 1.62538205147e-05
648 1.62459657774e-05
656 1.62413813549e-05
653 1.62402759131e-05
652 1.62317545209e-05
659 1.62104400984e-05
651 1.61999363839e-05
660 1.61994056933e-05
654 1.61780537827e-05
655 1.61702292175e-05
658 1.61670441811e-05
661 1.61535244928e-05
664 1.6148939691e-05
663 1.61153831235e-05
665 1.61058616716e-05
657 1.60943502469e-05
662 1.60833126801e-05
667 1.60671454299e-05
666 1.60554455932e-05
670 1.60498835688e-05
668 1.60455557623e-05
676 1.60243836406e-05
669 1.60229743281e-05
675 1.6015509994e-05
673 1.60142178163e-05
671 1.59662625881e-05
677 1.59559242433e-05
672 1.59469775195e-05
679 1.59431834058e-05
684 1.59100095349e-05
678 1.5889061012e-05
682 1.58739777569e-05
674 1.58693535814e-05
686 1.58582382984e-05
683 1.58511046475e-05
680 1.583659107e-05
687 1.58034673372e-05
681 1.57921483147e-05
696 1.57841309694e-05
689 1.57700110177e-05
693 1.5759833138e-05
688 1.57564999563e-05
697 1.57432375128e-05
704 1.57432309246e-05
685 1.57356128081e-05
692 1.57328985249e-05
695 1.57025265123e-05
702 1.56864390308e-05
705 1.56852477182e-05
709 1.56836377776e-05
691 1.56834408649e-05
690 1.56713558624e-05
703 1.56678172599e-05
706 1.56678016826e-05
700 1.56633569146e-05
717 1.56526230509e-05
698 1.56281336238e-05
707 1.56268941051e-05
713 1.56230611158e-05
711 1.56225483522e-05
710 1.5616551565e-05
714 1.56153050591e-05
694 1.56145281115e-05
708 1.56036752719e-05
712 1.56021580602e-05
701 1.55868413823e-05
699 1.55776778262e-05
715 1.55650417261e-05
719 1.54947982626e-05
718 1.54927565539e-05
716 1.54893037875e-05
720 1.54860620986e-05
724 1.54834773013e-05
729 1.54427375055e-05
721 1.54404740102e-05
723 1.54402596737e-05
727 1.5435157367e-05
731 1.54223604119e-05
730 1.54214328476e-05
722 1.54201146246e-05
725 1.54185967176e-05
738 1.54024351567e-05
735 1.53973203978e-05
733 1.53828207136e-05
741 1.5380421745e-05
732 1.53802718218e-05
737 1.53791165225e-05
742 1.53710012712e-05
739 1.53642796609e-05
726 1.53637476338e-05
728 1.5357606394e-05
734 1.53417231677e-05
736 1.53303039078e-05
740 1.53218297985e-05
744 1.53074374974e-05
746 1.52916196996e-05
750 1.52763344636e-05
749 1.52684941506e-05
743 1.52682119256e-05
747 1.52655804289e-05
753 1.52634139787e-05
745 1.52566496287e-05
752 1.52488223564e-05
754 1.5237794809e-05
751 1.522207677e-05
748 1.52201897688e-05
756 1.52146311797e-05
755 1.52045732151e-05
761 1.51930011922e-05
763 1.51838671277e-05
759 1.51831864698e-05
757 1.51703636893e-05
764 1.51591805376e-05
762 1.51543454721e-05
758 1.5146088206e-05
765 1.51437148741e-05
767 1.51288004694e-05
760 1.51285942886e-05
768 1.51227689004e-05
766 1.51098255816e-05
772 1.50928950909e-05
778 1.50835365331e-05
773 1.50827253765e-05
775 1.50714867664e-05
770 1.50658414055e-05
776 1.50595631952e-05
771 1.50590661145e-05
769 1.50519096487e-05
779 1.5049223942e-05
780 1.50298267977e-05
795 1.50185843278e-05
777 1.50114687761e-05
774 1.49942015957e-05
783 1.49925126075e-05
782 1.49912337388e-05
784 1.49700083835e-05
786 1.49690120074e-05
799 1.49673402755e-05
792 1.49658533862e-05
801 1.49614767812e-05
787 1.495888689e-05
789 1.49514459737e-05
793 1.49508905074e-05
790 1.49482736438e-05
804 1.49425332333e-05
797 1.49402146381e-05
811 1.49397159223e-05
805 1.49360847243e-05
813 1.49348061275e-05
791 1.49339538416e-05
807 1.49329746476e-05
798 1.49325142582e-05
785 1.49324201223e-05
830 1.49316054813e-05
781 1.49297290472e-05
829 1.49250131191e-05
796 1.49247326135e-05
816 1.49144509787e-05
794 1.49115029283e-05
839 1.49067704622e-05
812 1.49067389595e-05
788 1.49026071884e-05
818 1.48984888976e-05
820 1.48978718603e-05
847 1.48952974398e-05
828 1.48927544903e-05
834 1.488501304e-05
823 1.48812856196e-05
842 1.48798227511e-05
833 1.48796186067e-05
843 1.48783047854e-05
817 1.48781004553e-05
822 1.48780304781e-05
836 1.48750546307e-05
803 1.48740643525e-05
815 1.48738892581e-05
814 1.48733429763e-05
819 1.48699408353e-05
825 1.48661183754e-05
844 1.48624236801e-05
810 1.48622088878e-05
826 1.48614376763e-05
827 1.48589726251e-05
808 1.48578000679e-05
806 1.48553123151e-05
821 1.48550336535e-05
809 1.48542140975e-05
800 1.48510145367e-05
835 1.48496104445e-05
824 1.48475604677e-05
848 1.48471828303e-05
802 1.484667002e-05
846 1.48456598718e-05
840 1.48424888745e-05
838 1.48414546043e-05
831 1.48223417091e-05
832 1.48221681148e-05
837 1.48217993215e-05
841 1.48204029777e-05
849 1.48191543333e-05
845 1.48140606337e-05
227 1.43700335803e-05
226 9.27304715851e-06
225 5.38805086329e-06
850 3.57757949324e-06
851 2.64384924136e-06
852 1.99655828195e-06
854 5.97170656966e-07
216 5.26034520201e-07
218 5.08908024327e-07
221 5.04282012303e-07
219 4.93604120706e-07
214 4.92677683246e-07
211 4.69952174062e-07
206 4.57990761358e-07
205 4.57675699127e-07
204 4.56611710886e-07
207 4.53813373988e-07
208 4.51599940399e-07
201 4.50788813387e-07
197 4.42205482762e-07
200 4.39898170148e-07
198 4.36880716817e-07
192 4.27092864772e-07
856 4.24637356784e-07
193 4.24344993416e-07
187 4.24320243531e-07
183 4.16144742444e-07
180 4.13520175499e-07
858 4.13353912434e-07
184 4.11768283555e-07
181 4.10738401217e-07
864 4.07472805499e-07
177 4.05068081082e-07
172 4.04755812545e-07
857 4.03586198073e-07
866 4.03012795503e-07
171 4.02355755458e-07
175 4.02330117188e-07
862 3.96707954347e-07
168 3.96178372764e-07
861 3.95632790986e-07
865 3.9431579731e-07
867 3.86285935878e-07
162 3.85633920536e-07
161 3.8499977714e-07
160 3.83928877113e-07
870 3.78214695344e-07
156 3.77055450835e-07
154 3.76885617107e-07
869 3.76051991043e-07
868 3.74162556263e-07
872 3.73741670804e-07
165 3.72294094766e-07
145 3.68232370236e-07
874 3.67649010117e-07
158 3.6682888661e-07
151 3.64081683142e-07
155 3.61945024791e-07
146 3.61541559131e-07
144 3.60692160049e-07
157 3.60640841496e-07
153 3.59912162668e-07
150 3.59331990136e-07
148 3.55413375693e-07
147 3.54596669409e-07
139 3.5324464547e-07
876 3.52305059169e-07
142 3.50095556025e-07
141 3.46980437536e-07
137 3.35486676718e-07
131 3.30385974366e-07
130 3.2675816952e-07
128 3.22772023245e-07
129 3.17543786294e-07
127 3.17283932816e-07
126 3.06990704154e-07
853 3.05905652943e-07
122 3.04514548419e-07
118 3.03986462905e-07
121 3.03839420052e-07
883 3.02832145917e-07
890 3.01363776275e-07
886 3.00730968164e-07
113 2.9594462526e-07
117 2.95647542086e-07
116 2.95643819043e-07
109 2.94745645302e-07
112 2.93234665317e-07
111 2.92205422845e-07
888 2.9047747825e-07
108 2.90275042863e-07
107 2.89857035758e-07
105 2.88402507624e-07
104 2.87241437766e-07
106 2.86519008233e-07
896 2.84922743535e-07
101 2.8454902065e-07
100 2.81961735484e-07
97 2.80535245967e-07
98 2.79792193439e-07
95 2.76722578965e-07
90 2.72736752726e-07
894 2.72109571798e-07
895 2.71911324164e-07
898 2.69195821892e-07
87 2.64718635381e-07
84 2.64502185605e-07
82 2.62547585557e-07
79 2.60642027961e-07
81 2.58853575797e-07
76 2.58408540061e-07
72 2.52853515723e-07
904 2.50694464522e-07
903 2.50613923572e-07
73 2.49990142535e-07
69 2.49444410021e-07
71 2.48516757729e-07
70 2.48329831594e-07
67 2.46900692757e-07
62 2.45258500111e-07
61 2.44832035574e-07
907 2.43934801498e-07
57 2.43837833637e-07
59 2.43183105052e-07
58 2.42656405128e-07
55 2.40352666613e-07
54 2.37656560955e-07
50 2.33015444846e-07
49 2.33006218435e-07
51 2.32338935364e-07
911 2.29592154114e-07
917 2.259758828e-07
47 2.25892993456e-07
915 2.2539998945e-07
46 2.24755169683e-07
44 2.24615811412e-07
43 2.24462863032e-07
35 2.24174845432e-07
42 2.24057298783e-07
34 2.24000464099e-07
37 2.23887785936e-07
32 2.2381280133e-07
40 2.2379437456e-07
13 2.2377182286e-07
31 2.2373839053e-07
919 2.23582974138e-07
33 2.23494222667e-07
30 2.23180760381e-07
6 2.23118670598e-07
27 2.2263044047e-07
28 2.2228202059e-07
24 2.22262560425e-07
25 2.22231703032e-07
22 2.21978426941e-07
21 2.21919987175e-07
15 2.21709771777e-07
16 2.21671843932e-07
12 2.21498232912e-07
4 2.20168409263e-07
0 2.19216516299e-07
923 2.15601254952e-07
924 2.14373454531e-07
925 2.13649941401e-07
922 2.13247986262e-07
926 2.06499902616e-07
930 1.99530815507e-07
933 1.95843898639e-07
936 1.94678897135e-07
934 1.93258032172e-07
938 1.90672027786e-07
945 1.90561256176e-07
943 1.90109143897e-07
944 1.90109143897e-07
947 1.87242437302e-07
953 1.80263186005e-07
954 1.77277307438e-07
956 1.76124260592e-07
951 1.74552021233e-07
961 1.68028420608e-07
962 1.64668621367e-07
968 1.59885283638e-07
973 1.53928975972e-07
974 1.5246112736e-07
978 1.48877617041e-07
979 1.46530583138e-07
982 1.45171701721e-07
985 1.45163413744e-07
981 1.44827393637e-07
984 1.43530457535e-07
988 1.42093782921e-07
989 1.42091650125e-07
987 1.42090128355e-07
990 1.40816120319e-07
992 1.3807429015e-07
996 1.3800565045e-07
995 1.35433497038e-07
1002 1.34273929599e-07
1008 1.33515239922e-07
1011 1.33028375472e-07
1004 1.33009508998e-07
1013 1.32832047091e-07
1006 1.32311784235e-07
1009 1.3224172484e-07
1015 1.32215684788e-07
1010 1.31457439954e-07
1016 1.30702849076e-07
1019 1.29967304742e-07
1017 1.2995882859e-07
1020 1.29765893208e-07
1022 1.29391361681e-07
1026 1.28221074343e-07
1027 1.28050700967e-07
1029 1.28016314209e-07
1024 1.28012190348e-07
1025 1.27955079125e-07
1031 1.27849330304e-07
1035 1.27709327909e-07
1032 1.27575031803e-07
1037 1.26697170236e-07
1040 1.2662203747e-07
1043 1.26416850763e-07
1045 1.26307685342e-07
1039 1.26261072936e-07
1041 1.26204858998e-07
1048 1.26173815388e-07
1054 1.25920774685e-07
1049 1.25766634977e-07
1050 1.25766634977e-07
1051 1.25385074511e-07
1060 1.24866519366e-07
1055 1.24829396004e-07
1062 1.24792464288e-07
1057 1.24622827462e-07
1061 1.24552707524e-07
1063 1.24438032621e-07
1067 1.24206132816e-07
1068 1.23916704378e-07
1084 1.23568322155e-07
1073 1.23476496988e-07
1074 1.23432678032e-07
1080 1.23183422084e-07
1085 1.2265018077e-07
1087 1.21978240497e-07
859 4.02279092817e-08
860 3.92820911637e-08
863 3.56866058617e-08
855 3.4395268233e-08
873 2.66463201781e-08
877 2.58874353628e-08
875 2.51152256564e-08
871 2.49026845513e-08
880 2.33490373836e-08
879 2.31689220391e-08
878 2.27588454351e-08
887 2.23695173134e-08
882 2.23552688361e-08
881 2.22387587828e-08
885 2.21150089631e-08
889 2.20545655948e-08
884 2.19212776299e-08
891 2.16998738809e-08
892 2.11551278922e-08
900 2.11036637806e-08
897 2.09683048139e-08
893 2.09575838716e-08
899 2.07901481216e-08
901 2.04465942998e-08
902 2.03224238515e-08
905 1.9686340458e-08
906 1.96639903008e-08
908 1.95232855788e-08
909 1.95232855788e-08
912 1.92337957461e-08
910 1.91879054759e-08
913 1.91791321382e-08
916 1.90646311049e-08
918 1.87303186133e-08
914 1.86562485588e-08
920 1.80427228167e-08
921 1.74154512983e-08
928 1.64962608422e-08
929 1.64028145737e-08
927 1.63368102261e-08
932 1.63295056071e-08
931 1.62782067453e-08
937 1.61668244259e-08
935 1.61624031392e-08
939 1.59512200711e-08
940 1.5942317447e-08
942 1.58974219967e-08
941 1.58829687728e-08
946 1.57612056777e-08
948 1.57002694196e-08
949 1.56854423044e-08
950 1.56790591211e-08
952 1.55169478479e-08
955 1.54743028971e-08
957 1.54410026274e-08
958 1.5381697916e-08
959 1.53748516092e-08
960 1.53318551151e-08
964 1.51744117613e-08
963 1.51744117613e-08
967 1.50807842512e-08
965 1.50778729632e-08
966 1.50402808704e-08
969 1.49167499673e-08
972 1.48817902337e-08
970 1.48694446841e-08
971 1.48315846521e-08
975 1.47494908006e-08
976 1.47411913424e-08
977 1.46833232717e-08
980 1.42147485039e-08
986 1.41083958514e-08
983 1.40967927128e-08
991 1.37176615089e-08
994 1.3693161869e-08
993 1.35416143549e-08
997 1.33766851459e-08
998 1.33633981281e-08
1000 1.3347424574e-08
999 1.32832841558e-08
1001 1.32180488142e-08
1003 1.31818864063e-08
1005 1.31752242651e-08
1007 1.30975298324e-08
1012 1.30275547098e-08
1014 1.29809771203e-08
1018 1.29042780655e-08
1021 1.28215724017e-08
1023 1.28214338713e-08
1028 1.26753789538e-08
1030 1.24791036569e-08
1034 1.24386275666e-08
1036 1.23784410157e-08
1042 1.23360277142e-08
1033 1.23064509118e-08
1044 1.22338604903e-08
1038 1.2213920539e-08
1046 1.22122267092e-08
1047 1.21474904251e-08
1053 1.20836097306e-08
1052 1.20534339641e-08
1059 1.20473665551e-08
1058 1.19323526717e-08
1056 1.19005742132e-08
1064 1.17879982004e-08
1065 1.17833119994e-08
1066 1.17325038649e-08
1069 1.16719126492e-08
1072 1.16416581348e-08
1070 1.16317030068e-08
1071 1.16169850113e-08
1075 1.1609390318e-08
1077 1.16008419962e-08
1078 1.15900337725e-08
1081 1.15771339809e-08
1076 1.15765982014e-08
1079 1.15570907869e-08
1082 1.15471692606e-08
1088 1.15424582477e-08
1083 1.15308999721e-08
1086 1.15015626742e-08
