0 0
1 0
2 1
3 1
4 0
5 1
6 0
7 1
8 0
9 1
10 1
11 1
12 0
13 0
14 1
15 1
16 0
17 0
18 0
19 1
20 0
21 0
22 0
23 1
24 1
25 1
26 1
27 0
28 0
29 1
30 1
31 0
32 1
33 0
34 1
35 0
36 0
37 1
38 0
39 0
40 0
41 1
42 1
43 1
44 0
45 1
46 0
47 0
48 0
49 0
50 1
51 1
52 1
53 1
54 1
55 1
56 1
57 0
58 1
59 1
60 1
61 0
62 0
63 1
64 0
65 1
66 1
67 1
68 1
69 0
70 1
71 1
72 1
73 0
74 0
75 0
76 0
77 1
78 0
79 1
80 1
81 1
82 0
83 1
84 1
85 0
86 1
87 0
88 1
89 0
90 1
91 0
92 1
93 1
94 1
95 1
96 1
97 0
98 1
99 0
100 0
101 0
102 1
103 0
104 1
105 1
106 1
107 0
108 0
109 0
110 0
111 1
112 0
113 1
114 0
115 0
116 1
117 0
118 0
119 0
120 1
121 0
122 1
123 0
124 0
125 1
126 1
127 1
128 1
129 0
130 1
131 1
132 1
133 1
134 0
135 1
136 0
137 1
138 1
139 0
140 1
141 1
142 1
143 0
144 1
145 1
146 1
147 0
148 0
149 1
150 0
151 1
152 1
153 1
154 1
155 1
156 2
157 1
158 1
159 1
160 2
161 2
162 2
163 1
164 2
165 1
166 2
167 1
168 1
169 2
170 1
171 2
172 1
173 2
174 1
175 2
176 1
177 2
178 2
179 1
180 2
181 1
182 2
183 1
184 1
185 1
186 2
187 1
188 2
189 1
190 1
191 1
192 1
193 1
194 1
195 1
196 1
197 1
198 2
199 2
200 1
201 2
202 2
203 1
204 1
205 1
206 2
207 3
208 2
209 2
210 3
211 3
212 3
213 3
214 4
215 4
216 4
217 4
218 4
219 4
220 4
221 4
222 4
223 4
224 4
225 4
226 4
227 4
228 4
229 4
230 4
231 4
232 4
233 4
234 4
235 4
236 4
237 4
238 4
239 4
240 4
241 4
242 4
243 4
244 4
245 4
246 4
247 4
248 4
249 4
250 4
251 4
252 4
253 4
254 4
255 4
256 4
257 4
258 4
259 4
260 4
261 4
262 4
263 4
264 4
265 4
266 4
267 4
268 4
269 4
270 4
271 4
272 4
273 4
274 4
275 4
276 4
277 4
278 4
279 4
280 4
281 4
282 4
283 4
284 4
285 4
286 4
287 4
288 4
289 4
290 4
291 4
292 4
293 4
294 4
295 4
296 4
297 4
298 4
299 4
300 4
301 4
302 4
303 4
304 4
305 4
306 4
307 4
308 4
309 4
310 4
311 4
312 4
313 4
314 4
315 4
316 4
317 4
318 4
319 4
320 4
321 4
322 4
323 4
324 4
325 4
326 4
327 4
328 4
329 4
330 4
331 4
332 4
333 4
334 4
335 4
336 4
337 4
338 4
339 4
340 4
341 4
342 4
343 4
344 4
345 4
346 4
347 4
348 4
349 4
350 4
351 4
352 4
353 4
354 4
355 4
356 4
357 4
358 4
359 4
360 4
361 4
362 4
363 4
364 4
365 4
366 4
367 4
368 4
369 4
370 4
371 4
372 4
373 4
374 4
375 4
376 4
377 4
378 4
379 4
380 4
381 4
382 4
383 4
384 4
385 4
386 4
387 4
388 4
389 4
390 4
391 4
392 4
393 4
394 4
395 4
396 4
397 4
398 4
399 4
400 4
401 4
402 4
403 4
404 4
405 4
406 4
407 4
408 4
409 4
410 4
411 4
412 4
413 4
414 4
415 4
416 4
417 4
418 4
419 4
420 4
421 4
422 4
423 4
424 4
425 5
426 4
427 5
428 4
429 5
430 5
431 4
432 5
433 5
434 5
435 5
436 5
437 5
438 5
439 5
440 5
441 5
442 5
443 5
444 5
445 5
446 5
447 5
448 5
449 5
450 5
451 5
452 5
453 5
454 5
455 5
456 5
457 5
458 5
459 5
460 5
461 5
462 5
463 5
464 5
465 5
466 5
467 5
468 5
469 5
470 5
471 5
472 5
473 5
474 5
475 5
476 5
477 5
478 5
479 5
480 5
481 5
482 5
483 5
484 5
485 5
486 5
487 5
488 5
489 5
490 5
491 5
492 5
493 5
494 5
495 5
496 5
497 5
498 5
499 5
500 5
501 5
502 5
503 5
504 5
505 5
506 5
507 5
508 5
509 5
510 5
511 5
512 5
513 5
514 5
515 5
516 5
517 5
518 5
519 5
520 5
521 5
522 5
523 5
524 5
525 5
526 5
527 5
528 5
529 5
530 5
531 5
532 5
533 5
534 5
535 5
536 5
537 5
538 5
539 5
540 5
541 5
542 5
543 5
544 5
545 5
546 5
547 5
548 5
549 5
550 5
551 5
552 5
553 5
554 5
555 5
556 5
557 5
558 5
559 5
560 5
561 5
562 5
563 5
564 5
565 5
566 5
567 5
568 5
569 5
570 5
571 5
572 5
573 5
574 5
575 5
576 5
577 5
578 5
579 5
580 5
581 5
582 5
583 5
584 5
585 5
586 5
587 5
588 5
589 5
590 5
591 5
592 5
593 5
594 5
595 5
596 5
597 5
598 5
599 5
600 5
601 5
602 5
603 5
604 5
605 5
606 5
607 5
608 5
609 5
610 6
611 5
612 5
613 6
614 6
615 5
616 6
617 6
618 6
619 6
620 6
621 6
622 6
623 6
624 6
625 6
626 6
627 6
628 6
629 6
630 6
631 6
632 6
633 6
634 6
635 6
636 6
637 6
638 6
639 6
640 6
641 6
642 6
643 6
644 6
645 6
646 6
647 6
648 6
649 6
650 6
651 6
652 6
653 6
654 6
655 6
656 6
657 6
658 6
659 6
660 6
661 6
662 6
663 6
664 6
665 6
666 6
667 6
668 6
669 6
670 6
671 6
672 6
673 6
674 6
675 6
676 6
677 6
678 6
679 6
680 6
681 6
682 6
683 6
684 6
685 6
686 6
687 6
688 6
689 6
690 6
691 6
692 6
693 6
694 6
695 6
696 6
697 6
698 6
699 6
700 6
701 6
702 6
703 6
704 6
705 6
706 6
707 6
708 6
709 6
710 6
711 6
712 6
713 6
714 6
715 6
716 6
717 6
718 6
719 6
720 6
721 6
722 6
723 6
724 6
725 6
726 6
727 6
728 6
729 6
730 6
731 6
732 6
733 6
734 6
735 6
736 6
737 6
738 6
739 6
740 6
741 6
742 6
743 6
744 6
745 6
746 6
747 6
748 6
749 6
750 6
751 6
752 6
753 6
754 6
755 6
756 6
757 6
758 6
759 6
760 6
761 6
762 6
763 6
764 6
765 6
766 6
767 6
768 6
769 6
770 6
771 6
772 6
773 6
774 6
775 6
776 6
777 6
778 6
779 6
780 6
781 6
782 6
783 6
784 6
785 6
786 6
787 6
788 6
789 6
790 6
791 6
792 6
793 6
794 6
795 6
796 6
797 6
798 6
799 6
800 6
801 6
802 6
803 6
804 6
805 6
806 6
807 6
808 6
809 6
810 6
811 6
812 6
813 6
814 6
815 6
816 6
817 6
818 6
819 6
820 6
821 6
822 6
823 6
824 6
825 6
826 6
827 6
828 6
829 6
830 6
831 6
832 6
833 6
834 6
835 6
836 6
837 6
838 6
839 6
840 6
841 6
842 6
843 8
844 8
845 8
846 7
847 7
848 7
849 7
850 7
851 7
852 7
853 7
854 8
855 8
856 7
857 8
858 7
859 7
860 8
861 8
862 7
863 7
864 7
865 7
866 7
867 8
868 7
869 8
870 7
871 7
872 8
873 8
874 7
875 8
876 8
877 8
878 8
879 7
880 8
881 7
882 7
883 8
884 8
885 7
886 7
887 7
888 7
889 8
890 8
891 8
892 8
893 8
894 8
895 8
896 8
897 8
898 7
899 8
900 8
901 8
902 8
903 9
904 9
905 8
906 8
907 9
908 9
909 9
910 9
911 8
912 9
913 9
914 9
915 8
916 8
917 8
918 8
919 8
920 8
921 9
922 8
923 9
924 8
925 8
926 8
927 8
928 9
929 9
930 8
931 8
932 8
933 9
934 8
935 9
936 9
937 9
938 9
939 8
940 8
941 8
942 8
943 9
944 9
945 8
946 8
947 8
948 9
949 9
950 9
951 9
952 9
953 8
954 8
955 8
956 9
957 8
958 8
959 9
960 9
961 9
962 8
963 9
964 9
965 9
966 8
967 9
968 9
969 8
970 8
971 9
972 9
973 9
974 8
975 8
976 9
977 8
978 8
979 9
980 9
981 8
982 9
983 8
984 8
985 9
986 8
987 8
988 8
989 9
990 9
991 9
992 9
993 9
994 8
995 9
996 9
997 8
998 9
999 9
1000 9
1001 9
1002 9
1003 9
1004 8
1005 9
1006 9
1007 9
1008 8
1009 8
1010 8
1011 8
1012 8
1013 9
1014 8
1015 8
1016 8
1017 9
1018 9
1019 9
1020 8
1021 8
1022 8
1023 9
1024 8
1025 8
1026 9
1027 9
1028 8
1029 8
1030 9
1031 9
1032 9
1033 8
1034 8
1035 9
1036 8
1037 9
1038 9
1039 9
1040 9
1041 9
1042 9
1043 10
1044 10
1045 10
1046 10
1047 10
1048 10
