53 1 0.704191053394764 0.21093958415027955
2671 0.4999092529400812 0.49747584577073 0.14938927957705989
6942 0.999230648939297 0.9148590514871378 0.31860848039297196
10330 1 0.8613359709173803 0.246349722208972
12079 0.833012173276008 0.7517353523053344 0.27959444758816593
12411 0.6666179068894165 0.6625883651244573 0.20419863146237377
15355 0.4999807127726198 0.4774604231008834 0.1683867323458734
15826 0.6994467518749265 0.686490810413134 0.2203761483489127
15895 0.4999241835435689 0.4644851628945919 0.1524202229159717
18557 0.6997709168578186 0.4607594727391913 0.14047008937462058
21901 0.8325953892174009 0.6504598250544685 0.21622225773511763
22148 0.9962232109702775 0.9310840072030099 0.2904525816304506
22420 0.5993699148048378 0.4716736219792227 0.13137699476103964
26834 0.6664651880327775 0.520557460385128 0.12689993349576395
27520 0.9999970045205852 0.8843157796149843 0.31277726666314015
29192 0.4998422983227797 0.4356634971139888 0.12611544099815905
30190 0.8333155417215957 0.7283309594208109 0.2185843104848309
31796 0.5328935023216404 0.4790701003553866 0.160513638482931
32006 0.5999864508183844 0.5417450169052181 0.19159487418183394
33216 0.599932604538108 0.5606604272788264 0.21696440971860764
33669 0.4999042589184851 0.4869687179191519 0.17738244125746158
37863 0.6666644539848724 0.660296618340189 0.19038230901557557
39169 0.6630124623665049 0.5113902420702401 0.17120739390839745
42781 0.9994263196732395 0.8169638586517333 0.2551139325056265
45935 0.663850171237745 0.4884697461195638 0.16350313805147468
47583 0.8310425341482215 0.5951475694625391 0.17877986561118048
48258 0.4998859767203023 0.4556386206860882 0.14086568856326614
48289 1 0.7765631096059085 0.22393616173996767
48338 0.666644297106076 0.6146334523713379 0.18208286513525962
51960 1 0.8633785813309984 0.237060977410597
52216 0.4999512041315955 0.4515081229147082 0.12029541992097406
53415 0.6665283490551214 0.5358197458385796 0.19719296671765252
53925 0.4666413341499785 0.3885369785579555 0.11385082996989931
57996 0.5995509877742347 0.5150608376613323 0.16291374571172937
64439 1 0.9921230066203299 0.27192977307812755
67524 0.6665512842807111 0.581344032373887 0.17320213555288522
70090 0.6998853468617286 0.6390404535766314 0.19755753845847546
71137 0.8333223809664674 0.5971162904265775 0.18369282378408686
71150 0.7959127383476455 0.6428662835854222 0.22706365420202265
71335 0.9996426947332414 0.660204499996673 0.18619846493926853
76217 0.4761015471941364 0.3569773202590379 0.08105765035374746
76958 0.599792683454616 0.5721069637736772 0.15659107181893664
77701 0.6995957874069719 0.675612046593946 0.18546699132219469
89210 0.6998658475931432 0.695707792545939 0.2429976003281829
90256 0.5997803207439031 0.5109411162321188 0.15011419046683125
91133 0.4998383498607197 0.4087519266410793 0.12125401202215783
91364 0.5999699765377393 0.4886238296492648 0.1476094975568351
94065 0.6665657660168594 0.6608604185042414 0.20497564978782568
94092 0.4974801442334011 0.4353092037315769 0.11502566098280217
94952 0.83283628660814 0.654888834061848 0.17855091170672574
95825 1 0.6680506526728978 0.19977123377262776
97077 0.4998928797386353 0.4482736964280497 0.11674398713950494
98676 0.6666153051002816 0.64876993637691 0.14963197835240744
99358 0.8329877678725061 0.8164213140157504 0.2623085944955632
100451 0.9990725337519691 0.7103915014819752 0.2188779297961134
102602 1 0.9854967781998014 0.2970543866788883
105200 0.6665835320327274 0.4614010819550755 0.1390188455582641
106338 0.9998000518673191 0.570510858497346 0.18576344148280793
107306 0.6665127455263898 0.6471244991564588 0.1601465220274014
112290 0.4662331149102865 0.4446611717679063 0.14426129677939897
115802 0.999967768080789 0.6997902088519915 0.23050615023154686
116385 0.5999884702492112 0.560691770276924 0.17111725042121773
119142 0.4270326727426096 0.3639549841719302 0.0944756192662862
120080 0.6666216118488038 0.570864833009225 0.18397943070469128
121162 0.4665766377854356 0.3841147707385369 0.10911136244935424
122541 0.6665584678281934 0.5279338624387667 0.18163073963787935
125109 0.9992769793917102 0.7649451130123778 0.2306783794885039
126875 0.6665796444746122 0.5069137042795201 0.17394452407968705
127459 0.5328257912554347 0.3800740690819668 0.09322616340053516
127578 0.9995271623998435 0.6315492355121376 0.19402255851155553
128869 1 0.744029064134257 0.2617589796086122
129898 1 0.6581210384396862 0.17277645554396537
134180 0.9996616829780518 0.9191345413625184 0.26917617067464805
136124 0.6990228057158511 0.4495767148165313 0.11979660805082643
136542 0.4663406587697793 0.4361466517981655 0.14120201386664333
136667 0.5998031455047799 0.57372166158629 0.19613684296545406
143172 0.4996922743817976 0.473974212959126 0.16285943096675368
144391 0.5201682050329426 0.4486908352932222 0.1492387188396049
150987 0.6662806006575457 0.5757549433722691 0.17975869949964446
153454 0.4998864247086105 0.4778266049263625 0.15468858297670462
155762 0.5999807181545321 0.4028577188683024 0.09928341332225372
156650 0.9998074834031534 0.6597647720645587 0.1767619373578728
157206 0.9997737856098386 0.9855634156957915 0.29780164233424455
158693 0.6998240664215268 0.574390461692133 0.20220979136213713
159278 0.9998853386098498 0.7751025660623144 0.2547181724342662
159741 1 0.9235831811890249 0.2751435936333273
160861 0.599722055607122 0.5997150436578773 0.20805736322875057
161431 0.999890952684052 0.7539185616272286 0.2601373031082049
163504 0.4285206468950179 0.372921840835049 0.1089685825560259
165272 0.6998025732106676 0.686830054826174 0.19491591587169613
167054 0.6654426566975091 0.5636878800236177 0.18770381974068215
167402 0.9991664764899322 0.8115986239031832 0.2588092088061727
168953 0.9996794881455158 0.7699412545506175 0.25900537545782076
169242 0.6666429404411601 0.6574992481496191 0.19979810868174636
169605 0.4999976018882964 0.4162617455846909 0.12072801186313177
169664 0.5994033966689711 0.5820892203673208 0.18453879717805266
170707 1 0.8030631287665732 0.25090923970633205
174222 0.8330357754321751 0.6851061075454654 0.21006383565651665
177714 0.6646542470908525 0.5484770976658933 0.17379539027783375
179569 0.4996985311075042 0.449836903895283 0.13093064042967792
180771 0.6992632656499464 0.4037328968050053 0.10423689178283972
181590 0.5315502886343316 0.4217820302814116 0.12778286043471856
183349 0.9992345053876962 0.6747845983580347 0.20905202951668594
185209 0.8327215765004003 0.551257530777331 0.2073076253705863
185539 0.4284371600590721 0.3609243459584531 0.09430899333498902
186730 0.9997961182555844 0.6188524946845183 0.18891642238051604
186898 0.6658512059697686 0.5121343539006528 0.1659022671462172
186941 0.6665759405541737 0.6272941820066869 0.1883326274592526
187139 0.6663758520536763 0.6042459714813838 0.18062637356581626
187964 0.4999795407590267 0.4666320291814853 0.13384448831266008
191036 0.9998244836040537 0.7186841064052949 0.20000316053612938
192816 0.5995831748245826 0.5721397710246597 0.1799500745398805
195711 0.9997294664278539 0.5727679369870688 0.17534040547867677
195788 0.8320642369500734 0.7111138098860008 0.2269889803333314
197068 0.666582215082151 0.6403994887864775 0.19263582207920585
197993 0.9992625091998281 0.6309882345106211 0.21661370708292177
199374 0.9991334908488733 0.8755563117500569 0.3202167790882312
199709 0.6666048453045247 0.6502689446392182 0.16818304176638882
200308 0.8321007405956717 0.6204975518998654 0.1834510101934439
201961 0.4998260378187543 0.4385620710436131 0.13515245581428276
203628 0.699967604104147 0.6524039442367852 0.18804802630321285
203958 0.5998037707753889 0.5656152887853126 0.14406380838813576
205860 0.5999168781911648 0.5598404791324072 0.19332648068019603
205928 1 0.9531861054385957 0.266674893357122
206087 0.6659319113869829 0.5495513961203596 0.16401416818690315
206810 0.4998430407352844 0.4768247582679382 0.12955787706461055
207172 0.4284111318229827 0.3822848587776363 0.11831868289862518
207343 1 0.8984002897790132 0.2634380472198287
207576 0.4663764377211728 0.4570353779764375 0.1503224636803973
207927 0.6662450603663374 0.5755173202470525 0.19033389498048947
208855 0.5995728069268988 0.406059297203441 0.11198746397799135
210982 0.5998819584574841 0.5876508829853505 0.18913003161326525
211239 1 0.8585007733216489 0.25069790966782207
214868 0.9999022484182681 0.8842471509013942 0.2860498415359437
216288 0.6665689079790639 0.6593586173548611 0.1991093734032239
216596 0.5332125831621964 0.4647023346202099 0.16955890106419116
221523 0.6665903444412817 0.5504702519882441 0.17914008917943688
222037 0.8313182456489269 0.7185907134839871 0.20754263660311636
222650 0.9995942270831155 0.7079948533907467 0.2275389690386452
222659 0.8320045078362964 0.6621271417054224 0.21844073673531011
223124 0.9996261313154411 0.7915796696466256 0.249624208930457
224980 0.599423235470575 0.543960211881698 0.18613872617634164
225673 0.8329086994969629 0.4609202403965669 0.12354588841547351
229395 0.4665710860673694 0.4471904358889068 0.12897896470121412
229853 0.6999397777403623 0.5905088247905178 0.17721001059824643
231654 0.6999658509365414 0.5252295259139657 0.13671651015630565
231959 0.6665749970571686 0.5818722784230848 0.1556158234148546
233019 0.4998876207285871 0.4344047440386143 0.13290835087805777
233920 0.5990987929732407 0.5734956559737128 0.18015322768204892
234429 0.5685631044923395 0.5536490948706082 0.17973376011860628
235216 0.6665318867545005 0.6635190377923279 0.2033576792612842
236633 0.6665793222931624 0.4609618958143042 0.13889237696559342
237149 0.4663844223626073 0.4611157155568815 0.13461855580695797
237400 0.4662611432828697 0.4454683616342027 0.1346640541324325
