649 0.1999693447985621 0.6214642212157853 0.2945370531776696
770 0.1523118546261305 0.4135146420935241 0.16982217228179924
929 0.1662277917155276 0.5297254655829143 0.20629544908768432
1026 0.3329377744082236 0.8510083175896472 0.3560402667511239
1497 0.2499168259864069 0.7389534746179367 0.29614471742946896
1669 0.1816716327067264 0.5373214455768986 0.2149490143785496
2156 0.2851845882849761 0.7809001063544078 0.34254535420997245
2458 0.1538120374804219 0.5214593604751545 0.17317878540297704
2626 0.2220057757425573 0.6351016562172908 0.24697074805232222
2943 0.2776265747625354 0.736959350062299 0.32335457344587815
3143 0.1331622522185383 0.3987852305650608 0.16425645713630452
3347 0.179191599715999 0.5227870773619375 0.20698549469217337
3406 0.1711513711879158 0.547128124037901 0.24033196729069398
3435 0.1666058503819892 0.6541166280058628 0.27279120927566997
3684 0.1663624332659461 0.5324553456027596 0.20968580919878016
3812 0.09685606977119286 0.4191490514666677 0.15277273196584418
3853 0.1817385657347472 0.4325231469359456 0.18422136414654874
3982 0.1199482016050281 0.5739611033952655 0.27224633682478916
4048 0.1202612297780976 0.3634454407846292 0.20468138559237867
4473 0.2362364711309597 0.6608354205560056 0.24307733476929907
4554 0.2178602754978655 0.645027434376494 0.22087360609965992
5182 0.1665353892189546 0.4799924751593327 0.17706658649587426
5271 0.1665472334691841 0.4896053536710774 0.21529406562038866
5622 0.1817326590366038 0.608073282060279 0.25318010339022295
5991 0.2361282311427388 0.6711583037772209 0.2878381328320851
6132 0.1472961398781741 0.4116202999915935 0.2224363966792357
6685 0.1427255513985831 0.4592746881324691 0.17197666961452843
6773 0.2305750088148538 0.5491325048411246 0.2308641461522411
7354 0.2774100828520461 0.7098493538977086 0.32896252577018004
7742 0.2434857054163175 0.6514250140358819 0.25431712234514603
7772 0.1194771007364814 0.355573609717096 0.1863389793058721
8009 0.18171032496385 0.5543006308700779 0.18383488477383286
8181 0.1997946902303538 0.6628968510935336 0.2791122834185708
8448 0.1781061337479889 0.6740758571421944 0.3389821865760142
8903 0.1764335177573211 0.6205514981690978 0.2707923796259355
8904 0.1425770221509326 0.4253257352873203 0.14914294256625182
9117 0.08092386501115119 0.3202030963606829 0.15918127498629825
9255 0.1646758664169733 0.4150734962076334 0.16880452562810017
9310 0.1965057726992305 0.5935121687908168 0.22112636558419677
9746 0.1284927416474203 0.4841735611009127 0.17412558898375
10254 0.2486510036901537 0.5974463223648072 0.250051392797852
10578 0.199801255524925 0.6183605313575614 0.23052194250743427
10810 0.2362424403161675 0.6101115015562439 0.2414719749857414
10886 0.222153584691638 0.6199584458130788 0.24575491589421536
11230 0.1643794505903159 0.5689571108213143 0.2654547699266835
11494 0.1817634199303123 0.5190078736136883 0.22364461371037045
11907 0.1968410617259577 0.5190813287127334 0.22335118045916424
12004 0.2499792325546971 0.8768911571749411 0.38971435409772975
12046 0.2497989813491002 0.6270945119583996 0.27477105451016764
12047 0.2498017664862558 0.6308695475036841 0.26565743141094544
12235 0.2856390449540186 0.7522649226454166 0.2942314566377658
12369 0.2544110957901005 0.5590675304899096 0.26934049532616944
12925 0.08325816623744408 0.4147881187124292 0.19982743899530228
13033 0.1499315204400764 0.5595331391050076 0.21713701277734423
13277 0.11311319406545 0.4580673122552855 0.2825393455896901
13319 0.2401327665939706 0.5375218959094231 0.2996276983407856
13597 0.1848692824224699 0.567419937521906 0.3075329627246234
14022 0.332891532997694 0.8819177119178998 0.3761970210351517
14067 0.2856074658694916 0.7018196293513996 0.3218820034807687
15011 0.157807523627607 0.4231206060248916 0.17610795956293349
16184 0.1617080764249999 0.4129290401783492 0.1823201202457415
16512 0.2423060236446143 0.5419750135158866 0.2714280475071193
17135 0.1977775846725951 0.6786225250872006 0.2975296617256224
17435 0.2498927577144116 0.8643332985497839 0.3694364657032385
17754 0.2499345249615315 0.825179703387654 0.35290031745709777
18232 0.2173498488641962 0.7131332629297072 0.29090503885288016
18323 0.2499238202711556 0.7820311296322615 0.3488158126671376
18765 0.1565217085305092 0.4553225302152647 0.22044651587309486
18798 0.2856698966059335 0.9419187943285721 0.31167332335333564
18846 0.2856827287057422 0.8482379281766422 0.2899308958283904
18983 0.2358237452211655 0.5501000605565494 0.2370815775018261
19347 0.1645500131334243 0.4824274081766864 0.20399737184332414
19719 0.1525207252820315 0.6935410089553229 0.2791629654135161
19835 0.1817298029085139 0.576063227883729 0.20630906984195144
20177 0.2430474070146714 0.7138430752090213 0.35589651145163104
20813 0.2499321285356532 0.833960884847962 0.30709009346344335
21046 0.2777186236914679 0.7680385967353128 0.348998325005185
21619 0.2362915907107134 0.765972009399469 0.2918076101439378
21810 0.2050696281444457 0.6298772991599568 0.2882519038753697
22022 0.2399763280114441 0.660821482546984 0.3199422868530669
22373 0.1817695751858864 0.6815191908255771 0.2898749060954945
22569 0.1542511216087734 0.4057269068981919 0.16066181791498052
22813 0.2221895644089493 0.6947462428356362 0.29086769408950586
23256 0.1666475914560464 0.5367334073566555 0.21466999771180797
23471 0.2499870907838499 0.7830514280521914 0.33568645803953484
23760 0.1630776664370148 0.5559049149484251 0.2747764969869057
23896 0.1816805594544474 0.7060157778954744 0.3123260371502194
23967 0.1998617397081378 0.5694539257281699 0.23672698342511952
24055 0.181760101246335 0.6174825410567042 0.2881517054528758
24379 0.2496961386952205 0.7106963914806208 0.2885735157488768
24699 0.1968908535433945 0.5446873178022877 0.23212196309856112
25308 0.2499271596404046 0.6465124289067672 0.25639215308914387
25368 0.2497127029607952 0.69016041823545 0.2514342733526503
25496 0.2775977579378496 0.7595053412410258 0.31032538579522584
25584 0.1998717305929856 0.5194082127225965 0.2021915814459293
25694 0.2856639877134584 0.7994496228516621 0.28631870858280406
25759 0.2221150453262678 0.8477090713889942 0.3489996849048157
26220 0.17120125109376 0.6038807284373479 0.2924861896104041
26230 0.1322704877071137 0.375796420828996 0.1631316463472712
26452 0.1221213319890416 0.4539967341384606 0.21904840042156717
26519 0.1921532783462585 0.5369942115946144 0.21737275511903772
26815 0.2283394772944591 0.6647805299900086 0.34033009444671164
26817 0.2218318340734665 0.6411088640557281 0.3003121712332535
27042 0.2499286547973035 0.646657161868743 0.26763101024773095
27136 0.3330595760094329 0.8554265555120651 0.37213126894543314
27548 0.1095600728376592 0.4360477558963423 0.24119308024754066
28082 0.1817748520501593 0.5229314651298907 0.20377865340080423
28433 0.179390889547764 0.5235344095784507 0.2219119047821319
28658 0.2573852569496331 0.680557063819552 0.28671293523693064
29368 0.149826967807483 0.4348565329771392 0.15951128427757152
29583 0.1581960479977303 0.4770306878159813 0.17915672571736765
30025 0.1901817402442495 0.6355261469169567 0.22240725393701619
30265 0.153782031832871 0.5010774905487436 0.20564193980734302
30552 0.133237428413864 0.4207456541123698 0.1696263571632973
30857 0.2856800525732611 0.8049513703821065 0.31513009254600993
31543 0.1997905300122898 0.6315565491051071 0.25125528147977044
31844 0.1421677802406478 0.531793043948523 0.22877703904829244
32249 0.1340536800184072 0.5578855925205631 0.23383930773432643
32544 0.1543320644203496 0.5914518176695479 0.20438920130489888
32912 0.2776995039704179 0.7555307454719848 0.3422620268451952
33122 0.2015355769853562 0.4743665309574238 0.21844441540060286
33456 0.1665734354707659 0.7459420719868487 0.2995321655023639
33580 0.181283262774682 0.5028070259979579 0.18160663769459945
33765 0.2271763313590563 0.6389617490237242 0.2593541891755213
33780 0.1468804409853329 0.4668747619609486 0.20773553526834862
33817 0.3054826751115321 0.7496201755679219 0.3359805807347816
34551 0.1468884761189773 0.4937743685324988 0.23046873345374233
34636 0.2221638636088835 0.5524853553877511 0.28664992382575266
34991 0.1663061617579659 0.5368344088242544 0.21263514548566076
35051 0.2499848865544861 0.7671895919424639 0.30195461935316137
35376 0.2222132969153247 0.7001782543190845 0.2556170660120191
35686 0.1536556822856794 0.4363511481183299 0.16624810793282016
36135 0.174855597794405 0.5104078500694311 0.20531682988267658
36255 0.2363044442193942 0.5079770543748294 0.23756811732519736
36258 0.2723779210377516 0.7696620884232874 0.36243680409314905
36882 0.199956079991897 0.5866073334699623 0.21628878751445638
37756 0.14147305338143 0.3710009943708421 0.18145259353154655
37851 0.2221132901770578 0.7326049350676086 0.32805786322146013
37997 0.2120418605979547 0.7479170699234493 0.2847805209893292
38141 0.1320610892156109 0.521407524174971 0.2928378431290204
38150 0.277585573548389 0.6859090522671905 0.3007510424687671
38450 0.2219847002544865 0.7012849418961367 0.2923086188777871
39629 0.2776144079839668 0.8914758213287401 0.32413125353047234
40211 0.1999017763536908 0.6390963015943484 0.2753014425533167
40567 0.1049676665177909 0.70494108271739 0.4154227034257585
40892 0.1646527474673819 0.6223150731951402 0.3062216309703912
41096 0.1428203838989238 0.430188235014813 0.16385762981961316
42172 0.1457833723253181 0.3097302356812644 0.14896943405748647
42502 0.2854978964924716 0.8091590689839435 0.33005215765053797
43033 0.222145342096632 0.6557496462748563 0.28750902184199534
43090 0.1336913519776284 0.5288327480638279 0.2740376384205296
43143 0.09870261152501121 0.4326085647579595 0.19476910724912563
43150 0.1249369514103632 0.5313826134655788 0.21255411242221478
43157 0.1258573564385198 0.5683127203808115 0.334008404332742
43240 0.1520212466403203 0.649949011303307 0.2545913462713766
43835 0.2776836955105459 0.7346580661536962 0.3081975931683078
44193 0.1497731980029849 0.6175864244796875 0.2776358400338775
44325 0.1582170950923945 0.5975628149482016 0.29082727906768063
44501 0.2499493845610198 0.7343330941113723 0.2884814661891206
44888 0.1966913987210465 0.559332800980654 0.20918741090096807
45223 0.1641061410316255 0.4252830079989778 0.18322842641813125
45352 0.2221210028698159 0.8511906057131055 0.26997038051948236
45426 0.2363254779996717 0.5885588875792904 0.2684667566316156
45705 0.2850908130045761 0.8238364317076323 0.3168046897109569
45857 0.1968740461239176 0.4913403755728463 0.20453129765908834
45988 0.1816965875303243 0.4763689311380848 0.23647126293766785
46202 0.1665866687677836 0.4777595162648385 0.21760733095765478
46256 0.1999488314114251 0.6684411017618814 0.26714139226681577
46717 0.2268992039397325 0.6311648578835065 0.2999659493859105
46789 0.1643872259873926 0.5701332535299067 0.2985091814322166
46864 0.2856291909698012 0.8262588535877469 0.3530498045490512
47009 0.1996722250383931 0.5843872126932141 0.22813671050072473
47444 0.1816896237938147 0.5502427377974187 0.266208488143776
47692 0.09976717731085792 0.4799521672279093 0.14217361481084279
48324 0.1999651714680401 0.5442327387369129 0.21275658351513296
48509 0.2856635321256613 0.7976183754217627 0.2988960750399625
48905 0.2491426225028969 0.6479503733013369 0.27218788305857117
48955 0.1414217405891921 0.3884931000403308 0.1628616977206301
48984 0.1402952991354004 0.6361216940229851 0.31442948496714973
49034 0.1966425462582266 0.747351474067931 0.3354202613044517
49203 0.249926166155531 0.9191519650468855 0.4276562823812272
49465 0.2443811000336748 0.752343593918455 0.2919762090378527
50054 0.1384734956570507 0.3912613730869135 0.1673330349220821
51163 0.1344178104890359 0.4483538394865881 0.147806993202551
51220 0.1997947821243191 0.6390398389159471 0.274267507686494
52160 0.1666204665895822 0.4778048848653315 0.1821697891463066
53007 0.1999397000834878 0.6021872013826041 0.21677541844187237
53262 0.199937773342773 0.5861813869114078 0.2083481482912243
53266 0.1998749653738216 0.6610214936809989 0.2865178331281279
53405 0.222123775240787 0.6159675097809755 0.22421695451699394
53658 0.1231411254424609 0.4971587180180351 0.27079194032684795
53787 0.1999030951528543 0.6171706555130761 0.29119234307293707
54101 0.1436323644693174 0.594338963476331 0.29959531674624035
54953 0.2498173272545891 0.7024320903094119 0.2796243500489846
55059 0.1437056160991709 0.4236138538451666 0.17554184370654902
55132 0.1757312287658132 0.5489639966219533 0.22166272306714735
55270 0.1537699205778994 0.4197159672206983 0.17760608270106099
55696 0.2495157960409842 0.982647363740991 0.43809160282956117
56115 0.249939591737738 0.6353445365085274 0.2609199175048267
56213 0.3332999350033934 0.9380133717669416 0.37164670561352536
56349 0.1794342589533051 0.689307386288483 0.30887869785532013
56969 0.3332309959954372 0.8804447653711815 0.34483523390066534
57142 0.2181619083829224 0.598464086091 0.24026815618095146
57314 0.1427266895113242 0.3655991342061845 0.1527348308688073
58152 0.09979019409590727 0.507584307416936 0.2174428617203888
58541 0.2443601705901804 0.6190163646397806 0.27074160664658703
59154 0.2497151199668579 0.8197571443655476 0.31875857900760696
60028 0.1331727611120851 0.4724567794692749 0.1682917969675854
60230 0.104989182605607 0.3986872068458949 0.18659783299149807
60472 0.2443899097515781 0.703700641081728 0.2812804708569141
60549 0.2439249330832256 0.7166318414874079 0.29491285009692647
60603 0.2221553530101182 0.5654077794465265 0.2388345634231195
61113 0.218154563684269 0.5482409900393757 0.26046415453585386
61151 0.1425038245124285 0.5782896656983894 0.2342607717211394
61335 0.1998688172973595 0.6139841173896962 0.2721760499090599
61848 0.1538281688818061 0.4693340180875349 0.18619099420965074
62196 0.1969259243599289 0.6191051542214848 0.25086247950312196
62388 0.2174289641881522 0.5187869122202151 0.2233080125331443
62477 0.1794035395083058 0.5105396365029496 0.22173457981031028
62886 0.2499169184350495 0.6793589245228941 0.2873949464214179
63031 0.1616704876375323 0.3648349835305923 0.2045610469990044
63216 0.1828969533191794 0.6147305072093228 0.28295887339595915
63223 0.2498696238956262 0.6312142050682991 0.28491389364645403
63227 0.1998251972361991 0.5383933310852718 0.2179555794695051
63414 0.198393488310986 0.7895898711806982 0.3390150683696959
63507 0.2888271576399381 0.7948101196238988 0.30444431747892675
63783 0.1713652612783414 0.5652438051802959 0.271082300575908
64016 0.2715845235678032 0.6590789087019276 0.2999093491134172
64459 0.2855675187426311 0.814683613889287 0.32909621865935235
64634 0.1957719345036019 0.6699943456583712 0.27981078042074714
64753 0.1757468814178446 0.4403789416056228 0.20707140213238562
64760 0.1986249661383838 0.6199607445777111 0.2923002635046026
64843 0.2852757566293422 0.7507295718822437 0.29168269818685494
64917 0.1997675297729532 0.6841903890220573 0.31513051162332045
65632 0.2856170168896392 0.7769308677474261 0.3000840560350718
65723 0.1998492732097494 0.6678776009112724 0.21918019728668464
66062 0.1554048474377873 0.4636070248210213 0.2263514399626047
66848 0.2542860276763713 0.5941616385108721 0.2613116740914066
67227 0.2575346436875378 0.7261529982113313 0.3158856766618028
67271 0.1691432832696083 0.4621418692570852 0.20162795444176435
67486 0.1866921039589528 0.4222312210586027 0.19457423883169153
68209 0.1808230385710495 0.5741117780639837 0.2700991186207951
68407 0.1743920764069366 0.4465674762219691 0.19719667345184624
68887 0.06393541192298561 0.3538641016757242 0.21578751933006407
68899 0.132194803334652 0.5559777111910387 0.24302121933350893
69068 0.2856629616982693 0.6848416299656674 0.2904797465081566
69271 0.1816891738878973 0.606083053177358 0.265866498517106
69469 0.2857028638660366 0.883423477285668 0.35415815981203275
69936 0.1977610756961422 0.6152453924136407 0.29016675205104
70211 0.1996857722869197 0.54791457316305 0.22597395246666319
70311 0.2855390203161832 0.772954257507137 0.2932268720098415
70327 0.2049139123055234 0.6378416112285423 0.2940980245412053
70488 0.2659819580795298 0.8628609300387045 0.4012359744295264
70634 0.2496779024383228 0.6058737055748393 0.2834067752117186
70720 0.1869727286543057 0.5038866271060674 0.24689622979573428
70780 0.143111377816708 0.421787494235062 0.18045486138517886
70807 0.1333048268533348 0.3796712505875633 0.14564287151119534
71064 0.2439097158800171 0.6326333922647027 0.27691352750559833
71530 0.3211350339395564 0.7757595674128422 0.3355378212426564
71713 0.180733007513155 0.3937825843783911 0.1979329111709766
72014 0.2221838373008982 0.5847543975884746 0.2288576578475087
72357 0.2855250420531591 0.6818824667826642 0.30544898617002736
72539 0.1999553944338962 0.6535230091485201 0.2978000205936454
72644 0.2499711178428337 0.756463665929776 0.2809818223399978
72784 0.1614948680262018 0.6529656565192629 0.3233515690243288
72791 0.1695178426590527 0.4483693605807843 0.18365731897825263
72852 0.3808161737485323 0.97239429188788 0.42848984042497545
72918 0.1396320981927835 0.365213057286569 0.1674866523837334
73197 0.2490193603526199 0.8360330811989791 0.34909602986792454
73957 0.1616200746103539 0.4642878236199241 0.21902196017145256
74113 0.1073192891204058 0.358340287973932 0.22276054278973925
74129 0.2833634676529028 0.7055126383924144 0.300101452834049
74238 0.3808835156014008 0.9176419097688365 0.390319726052847
74259 0.199795408694185 0.4839655093168733 0.22017239665790983
74299 0.2362361355164846 0.6364510332926749 0.30306435912930707
74469 0.1995079062029968 0.5312043265989087 0.22396316115341877
74498 0.1999269476437288 0.5368984441110853 0.23682408978827865
75025 0.1384964189721857 0.4390608550119639 0.19580512796628904
75171 0.1468872738556045 0.6997253922349075 0.24712467410761438
75499 0.1748823071571146 0.5082581745452921 0.23642799482313595
75846 0.2665695993524184 0.6695383522781602 0.2869223607316063
76169 0.2221998899791697 0.7013301072515258 0.2922680625756784
76571 0.1968889499833101 0.6325836621702944 0.24934320786489642
77205 0.3054961300809625 0.9074711769817516 0.32749568718100314
77463 0.2648640414635487 0.7178493374174438 0.32093827209412185
77846 0.2848892226297013 0.7570750722060994 0.32828796048183173
77915 0.2846156665594594 0.7373804718136104 0.29733943865129353
77942 0.2218179006263892 0.5921015160063033 0.22585535816687083
78067 0.1999044835110303 0.5763544020846781 0.22060681386683967
78589 0.2221886178631437 0.592625296584939 0.24888482655301522
78918 0.1246950398502062 0.4136562415392464 0.16901141068373327
79267 0.1899680268205372 0.5413922494605669 0.21925507363452137
79277 0.2050369224231618 0.5266014952172116 0.22874216080323556
79504 0.1519470683671017 0.4155734593370245 0.18343074068581336
79843 0.1663162618444697 0.5282476191518145 0.19753982118642874
80192 0.2222049386976051 0.6927768134245251 0.23150601357600387
80314 0.2272363619798154 0.5715776816058664 0.25665680224885223
80487 0.2360770546112025 0.7319404830017406 0.2894912888292213
80719 0.2498531440396332 0.7180537395887607 0.28353836785956105
80793 0.3200989402452744 0.769817928196827 0.35488297899014143
80873 0.249962736653086 0.6576062585585273 0.3036135118124731
80982 0.2275162778220176 0.8310592919007423 0.4244868659341517
81432 0.1997903915041445 0.4974821764001673 0.23272163256439182
81526 0.1808739107258394 0.4950967985092637 0.2228720939486538
81547 0.08908681016927391 0.3957059510238091 0.18768570128052556
81897 0.166627725215781 0.6128736894212432 0.27258208622928837
82063 0.1470053892051651 0.4775917383569885 0.22149956147473404
82299 0.1536719343330061 0.4729413848662475 0.23562179019548582
82345 0.1522632647866331 0.4138522527655122 0.19303952781403763
82533 0.2196785953578857 0.7401416899665911 0.34373348931168807
82560 0.2880915059532616 0.7191530071771465 0.2986884260687863
82727 0.2221530414934204 0.6114746803257941 0.2476777313299737
82856 0.2220142237398487 0.7523981501588533 0.29012387110814586
83073 0.2543313393408926 0.6808432359787382 0.3037341905067672
83568 0.1142164704311098 0.3469815715827759 0.1793909665475861
83950 0.1664340986576269 0.5024278279114609 0.21448461364001112
84204 0.09988696192314552 0.4477662783361238 0.19659120019296666
84444 0.1757398171881225 0.6542144449341112 0.3207916376186962
84729 0.2855914401350332 0.6706903383023137 0.2910236281051993
85214 0.249962339940427 0.7007190349041666 0.27021625277951933
85229 0.1999432224872361 0.5938437851370058 0.2506030895374577
85435 0.3331818869731877 0.9322123322344803 0.4022447497475786
85886 0.2306672850119798 0.7441331303822473 0.23172130959678625
86032 0.3213375019214167 0.8654999624176208 0.32438120145671473
86061 0.2361587443444292 0.7508552815478756 0.36452895653156603
86502 0.321410383294218 0.7505032453987314 0.3253460964152085
86626 0.2887339198561793 0.7892069226036738 0.3388168042678979
86909 0.1999785521140719 0.4754532562215947 0.20813957480451717
87040 0.1902658304079096 0.7362528292685967 0.25569808738153804
87127 0.1665241332884234 0.5878099256017448 0.23785229902188776
87172 0.1427553013660282 0.5296447133816896 0.20934038023791798
87469 0.222205854837404 0.6602756360287196 0.2676821914798222
87634 0.176129236737959 0.6567806161010243 0.35067285264604314
87915 0.211739396036047 0.84400968085093 0.35937031588345897
88070 0.2442754692557684 0.7254419456684255 0.2850126186127284
88082 0.2498206338954637 0.7585679527997833 0.2619466832845743
88288 0.1793119810057359 0.4650927711185509 0.18470666136977273
88358 0.2497407349932741 0.801694064288944 0.30797810409867477
89289 0.2499108856718966 0.8270497013445367 0.3295643065714759
89844 0.2112791365304558 0.8243312499552928 0.39304968053147965
90192 0.1506033535186365 0.5655844941844286 0.2239728629552212
90506 0.1536853157976064 0.488792983020251 0.27009152499788375
90672 0.3053036265219334 0.7722936845228208 0.349708603195421
91026 0.2222185677402175 0.6669905841979991 0.25302191370284
91469 0.2886891139981943 0.7896481733085271 0.3156289182293062
91687 0.2221246226886628 0.6440819171392005 0.27263864327071974
91856 0.3332001224243851 0.8828703838041545 0.3683165030960291
92065 0.1199160849439846 0.4348588353444515 0.24297882414877864
92304 0.1010470857870959 0.4303585201930344 0.21715283238910327
92484 0.1425781565215922 0.5117384587859789 0.23337995249657956
92510 0.1534127222417523 0.5213721137867542 0.19833492536196023
92527 0.2269783546533329 0.5453990012472513 0.2579900614265837
92568 0.199482289270978 0.6295164418680567 0.2554417607952783
92858 0.1662477547055537 0.4851298535623849 0.22027840428289905
93315 0.08116842935136151 0.3404219166364887 0.20173672815396132
93518 0.1647165841483989 0.6142702617781471 0.2776604180999247
94040 0.1816721775560347 0.5019440012890762 0.20400318349650703
94203 0.2120819661969234 0.7400651718679756 0.2820309335660763
94290 0.18148542630937 0.519551955776474 0.187583964257311
94560 0.1396489376041248 0.6027650810803094 0.3200410877135571
95098 0.1406459197163303 0.3768290854186294 0.20319431682715736
95230 0.1794585553520681 0.6265806907823932 0.2595957900354336
95313 0.1662242520791863 0.503263429623655 0.18513861117563243
95726 0.199814929433909 0.5942731469330836 0.2838294714590708
95887 0.2498753359519532 0.6588189304708666 0.2995361062977203
96055 0.1997549739067496 0.5248078039744895 0.20145472036498505
96632 0.3332716992886719 0.8753495578873388 0.3486904055068723
96735 0.1665557808198728 0.4957693311353581 0.17912242546428844
96983 0.1665540052128258 0.5100728670409062 0.24843007930561503
97129 0.1166667371015802 0.5867673387083475 0.2722878509883371
97492 0.1998329781349587 0.5599034301046503 0.24273224538093183
97512 0.2774490988760137 0.7417968435415285 0.316776114033849
97597 0.222029894720493 0.6014707733174616 0.22507271691508315
97694 0.2495061276432248 0.624335741128369 0.24988097927490102
97994 0.2554693423277029 0.8424249818740402 0.41559349918116806
98456 0.1126571255984344 0.3920308982478029 0.22135034662884107
98766 0.2361039593739304 0.6238503178470765 0.2534028063528311
98971 0.1538074494106958 0.4691894965830806 0.19443678398383762
99138 0.2856417727672302 0.682492941472507 0.2916637633606571
99278 0.2220397195980526 0.578299162052092 0.24260617063043138
99314 0.199920367423104 0.6520606213300413 0.2704122012621039
99741 0.2855050879509292 0.7777842442713758 0.3204011844476359
99846 0.2494495003441209 0.7087709904138161 0.28171686799094664
99878 0.1755186996413895 0.454690143856616 0.18078157046565457
99895 0.2218912064396432 0.525050520753922 0.24206743862544883
100032 0.2444192789142762 0.8755474073568198 0.3530375089549325
100048 0.2360860178665791 0.6620563782849074 0.34935872328158857
100222 0.1330766446272418 0.4608116972923024 0.21996502520603334
100623 0.2495245362663801 0.8551495769704583 0.37991088099050324
100790 0.1567848985920483 0.4525634638564349 0.20754570903227687
100879 0.2441822313130015 0.6746480253066377 0.2809067888403458
101075 0.1999356277820907 0.5914864788345574 0.23758456630211613
101234 0.1811340698659541 0.512516323624508 0.19786918605647746
101598 0.1224478325775342 0.3676083947541954 0.2111463264556567
101798 0.1998630331014674 0.6780808757993212 0.30967636800073994
102043 0.1647454459100554 0.5871601844735612 0.30233050765298997
102258 0.1097924366395973 0.4770602379140302 0.2527786276383156
102378 0.2496339733730048 0.606213658929496 0.25189508637848906
102407 0.2117335392825099 0.6241743037586112 0.21386254885257838
102463 0.2855460798655722 0.88293067585518 0.39978914584264447
103203 0.1990053424073602 0.4936644499427626 0.22318912249780165
103245 0.2419649334357479 0.8589683898473796 0.40524254385847164
103527 0.2856303969163101 0.8212873692083194 0.30827816295954585
103608 0.1415442001456229 0.3647428800792611 0.14636844435021817
103925 0.2853582253823235 0.707065455358628 0.29035783500107026
104240 0.2221712020125766 0.6428519683333953 0.26221565038408035
104283 0.1532017651510316 0.3945073506819495 0.15459665472494946
104874 0.1817737758957598 0.5451505681235393 0.24680420242365578
105220 0.333114895608915 0.8535013328540129 0.35204596423954115
105221 0.2489980336832727 0.6773665757929412 0.30743217391994265
105226 0.3212158893544598 0.8495105747287058 0.33022238413082405
105270 0.2539760812156123 0.6395493969282448 0.2987976016061919
105273 0.2499774317588846 0.7304654087145196 0.28020057642180557
105831 0.2499505951229837 0.6375193568356443 0.2776176855626562
106446 0.2499328219484366 0.6578233826530305 0.27950156885398947
106503 0.1793664015247467 0.5815736822396427 0.2569609014119674
106693 0.249864631410304 0.9625640391807541 0.2768523455659939
106695 0.2220712737773327 0.6254376327289055 0.2517883966599052
106805 0.2179348739002078 0.6086033776200275 0.28672534006232014
107136 0.2499786874027549 0.6984916460162998 0.2635574562700089
107341 0.161751707915034 0.5350366545296703 0.2671465757397025
107515 0.1394861393069525 0.4094901934120003 0.16981697413864916
107813 0.2269141261238499 0.7406386379417329 0.3550951891493324
107973 0.2494641281906804 0.6538683984823258 0.2503357846660999
108128 0.3332462728693874 0.8674192483611664 0.3728421648454969
108211 0.1412357208152447 0.4747379333112036 0.2139115991511091
108249 0.360917012621848 0.9030553228506684 0.40909200415465924
108349 0.1792617032993482 0.5245553082636664 0.2274174612284486
108356 0.188211440380833 0.6017548073151883 0.34724006628969095
108504 0.19169876193066 0.4076099392749079 0.19206947436540842
108846 0.1998735084982966 0.6082163513526768 0.2259582204033399
109389 0.1813906553701335 0.6745755758105282 0.24969340561650763
109657 0.2443971431342733 0.6044231380324566 0.25460749828458024
109844 0.1597738626640189 0.6949745680070024 0.39284841106006135
109928 0.1986028127538946 0.5312002627394202 0.23108806297447257
110190 0.1254972076710243 0.3863564085358538 0.19036348248629337
110495 0.18102026927555 0.5563179360457725 0.2097376495461346
110704 0.221937908213621 0.5882739660329743 0.22862254156512146
111235 0.1999270897725006 0.7419781871658243 0.294692887883496
111311 0.1322110631726441 0.5763448824460513 0.3102356328193299
111709 0.1038455305122283 0.4845293525430198 0.18208014739617612
111838 0.2220179784409974 0.6829347967658795 0.23649933508396867
112316 0.1922520690673814 0.5467798578815511 0.24887437654115524
112354 0.2856330436955352 0.753746366118959 0.2900092967109466
112505 0.166270538017058 0.5682833220597011 0.22629240077003324
112709 0.2773930750779608 0.7081187690692237 0.3378271902189103
112825 0.2357839040152696 0.7639014550754522 0.36759750729507257
112876 0.1327034108315104 0.4359613528399964 0.15522117799971413
112979 0.2839492342299033 0.8016931220184552 0.3134953644178827
113040 0.1999209037169205 0.588209687281571 0.23719512864873374
114176 0.197538138047636 0.5521163731175971 0.219383342594569
114319 0.1537831941884965 0.5199145204290906 0.20447252163704055
114462 0.285193554039208 0.8518859866551238 0.33713833126256043
114484 0.2218277646844949 0.5276444095655712 0.23279160390999323
114505 0.2439336144379352 0.7906445155162173 0.32271510893485583
114709 0.2221289810982633 0.6832656435008334 0.29595513536088985
115165 0.1991819113211831 0.5909382746336479 0.2941287149825752
115182 0.1999764364062533 0.5632763788817502 0.26678279638532315
115246 0.199899482328063 0.6621555614479625 0.25151041120859696
115822 0.1966365412658018 0.5385676118558945 0.21758707988554715
116056 0.1817709690846701 0.5176454205671368 0.2243976373339083
116063 0.1665827988099746 0.5982928269070128 0.2510417944183081
117134 0.2499514945810002 0.8482856659869125 0.3757571349292181
117891 0.1634210688804081 0.5737857067784475 0.21286846269086543
117903 0.1999730763342536 0.7149473402089721 0.2684026382206202
118274 0.3054978262904424 0.7412387791210494 0.3253287898893699
118473 0.2854821700477721 0.8810883736100589 0.32322927211836056
118560 0.1666471268679498 0.5609318542225684 0.19049558128550714
118739 0.1666308246241053 0.5218626436392404 0.2286657502657819
118755 0.2195232405255807 0.6982284255973981 0.2991379528162486
119062 0.2221175323241613 0.7051201496044539 0.28954073813030856
120099 0.1647158096289838 0.5359216833799192 0.21161310854468063
120284 0.2208311056105909 0.6872591364983245 0.26708923628262204
120806 0.2773523623077532 0.893122027720471 0.36541209993395285
120922 0.1090777544764464 0.2775867650316093 0.114490799908487
120938 0.29140955781749 0.7078876692786052 0.3040054512114502
121251 0.2180767194098058 0.6250738144268712 0.2844744540730876
121299 0.2856736349658603 0.7929593347235026 0.29880815091418106
121809 0.1912779865606211 0.5872677976091065 0.3127407639325579
122028 0.2495764337898044 0.787838746045862 0.37290776583357294
122090 0.1967973118031614 0.5335713063710272 0.22420560024070652
122363 0.222199448960086 0.8054264476921892 0.3469449746040579
122666 0.1537928262238249 0.6133994908071576 0.2977995776944712
122806 0.1755675960568063 0.7260082045080402 0.37044303974479625
123246 0.2120820772448857 0.5760469005631409 0.26232804523953246
123275 0.2499385327739567 0.7615526657897046 0.31586522992007415
123855 0.2498870702620337 0.7127533360656108 0.2845819525038142
123952 0.155463279107259 0.4154646329795909 0.20173271989029148
123953 0.2177381387637956 0.8133774050142326 0.38621095581408865
124138 0.1617790030093485 0.5245584423948635 0.2504154343556861
124315 0.2166075567243032 0.6745971538978286 0.26027302599658036
124426 0.1761353386811808 0.54183794539863 0.2614012783611228
124430 0.1713441901457796 0.6206494078581966 0.3243505293159799
124510 0.1647802082502626 0.521907242700878 0.2110668184018049
124686 0.1802480459559543 0.6128622713638171 0.33818893086886226
124846 0.1167334969796155 0.4582143223351823 0.21625195662140825
124908 0.1997375875707007 0.8133438840881076 0.40574295030453195
124926 0.1647416497406783 0.5706960634691604 0.26679024528228473
124964 0.1665214669819191 0.5255131077306856 0.22234367298109461
125114 0.1371762026202018 0.3568322499035582 0.17643681317534993
125159 0.3333108819901783 0.9611626948912789 0.35847854392251377
125300 0.3046097038138102 0.8676384266622759 0.3628278394118753
125809 0.1247693037393185 0.4820206256321857 0.27887071134968605
125995 0.1982296613812414 0.5456029312229753 0.257416473094291
126094 0.1749433649602787 0.6181561275314957 0.3304888619819548
126544 0.2854654422147259 0.7937871224350102 0.3150194215289898
126865 0.1262280946390458 0.3148014959284358 0.12707552778849235
126960 0.2776694382405123 0.6312939905547593 0.2929385226230734
127141 0.1470169527318519 0.4353274385473303 0.14923182927253204
127243 0.1665678330512485 0.5181829785723205 0.21986391940286476
127618 0.2221736463071869 0.5815574549146348 0.2281561377761202
127964 0.2775531860891968 0.7461751049575298 0.34780724583006595
127977 0.305483074930524 0.6956147037801598 0.3149702205936317
128146 0.3007546929095757 0.6916547802636851 0.3622944816984494
128171 0.1679118497163421 0.421231382733374 0.20968668870619944
128381 0.1998990715479497 0.6754749479135865 0.30718931006470906
128635 0.3333145012971249 0.9736101026567724 0.41822825084110565
128828 0.1533810417067849 0.5908571232760788 0.2416973029365155
128916 0.2566554015200363 0.6746817831282033 0.27690241381544956
128918 0.1999122395070588 0.4825767189522729 0.2206021744229317
128968 0.199994181317656 0.7290904462364873 0.3188239182570897
129163 0.1813311539568823 0.4899121018098216 0.19518482570389226
129504 0.3329977153585916 0.9013535027513525 0.3701435726365866
129780 0.1319997837819205 0.4762205456207202 0.24724788866874553
130614 0.1901583074746598 0.5360711147399623 0.22743378149940083
130814 0.3213691327865547 0.7532726412961753 0.3609841249184544
131010 0.2665908693480501 0.7886801022571897 0.32724754506928994
131024 0.1997087958656941 0.7597176510552011 0.33282233998079064
131150 0.1999826577251888 0.7440783854668324 0.3078188520528215
131194 0.1713228117169571 0.6709287611894758 0.335013146353247
131214 0.1665425600022118 0.4347324627191702 0.2304900907400226
131395 0.1411503172913328 0.4196417905915117 0.20098120278730697
131466 0.1867988616006777 0.556557994622971 0.18937483861508145
131648 0.1518980622842254 0.7100347221507108 0.3841496260656569
131943 0.1528136225324422 0.4324768166700073 0.17497949091340287
132046 0.1332616590434103 0.5545946743236146 0.25128079803940034
132126 0.254441858332868 0.6409631572462469 0.31077298890152194
132564 0.2480822717489903 0.6563206073922484 0.2552440004775166
132627 0.1998922809047001 0.609729358894943 0.26208374394249506
132665 0.2221695070973988 0.6013460372490234 0.2354500242368834
132701 0.221337227527026 0.5706380464826081 0.2328646716515129
133184 0.08378723901135082 0.3746842367169435 0.20008706432753406
133311 0.1814403472080133 0.6971688706341295 0.27462826399636603
133336 0.1537075309748411 0.5367141402293256 0.23521781056866523
133362 0.1998688106706842 0.5272733290024437 0.21530621472320868
133533 0.09337853148469894 0.3601599273468242 0.20571315449698416
133723 0.199984572473747 0.5507880634097911 0.235446352584789
133730 0.2181147494179743 0.5740996828511132 0.24217178071502843
133739 0.2498907231426944 0.7344017823132021 0.3012166844755416
134870 0.1086735627534298 0.3945339510510253 0.16445595715566327
134968 0.2564994500057172 0.6520830137469994 0.2867117801207618
135237 0.2663141801865142 0.6872279802009866 0.3306126853324083
135274 0.1998485686550604 0.566096034696538 0.23588971398094907
135351 0.1300204851478062 0.4444526901833361 0.24575991749513998
136303 0.222070485652621 0.685659477161234 0.2789491910496269
136560 0.1815316165001587 0.6394033293272784 0.2613094810106968
137015 0.222165713345694 0.6188732672837672 0.2726784028357549
137341 0.09110052713168517 0.3778681855957971 0.17182440673115598
137348 0.3998202093073437 0.97239429188788 0.4063762794305725
139338 0.1998685959089786 0.5044249493276036 0.20754584119209438
139438 0.2195460393169488 0.6612070552029216 0.3321165102341096
139461 0.151977016898937 0.3885575133704714 0.16718262646267432
139465 0.1810986650387035 0.6474139969778383 0.25172217994375096
139709 0.1999180073720336 0.5773526098904643 0.23463968366726548
140137 0.2156372025284042 0.6215348579470782 0.22475454029693576
140332 0.1461704828900946 0.3972085070027 0.1808134534313979
140370 0.1967907309655529 0.7546509147528699 0.36782373999718737
140474 0.2497096511842443 0.998958215596184 0.4303402182636796
140499 0.1999301584673537 0.572558946929476 0.20741675021503622
140558 0.1816851701736368 0.4706978608178679 0.19957569948167858
140569 0.1666526806026181 0.660416104765772 0.3353619195499808
140576 0.2499524098997935 0.7383609695588608 0.3073238509366208
140695 0.1647270118369561 0.5035986554161781 0.25270433954894533
140735 0.3332781012165138 0.794763114983582 0.3408309269169652
140986 0.2175776024450383 0.5612303660032535 0.26689126181934814
140995 0.1815124503870114 0.6985859496739085 0.31488950336832183
141044 0.181799687931833 0.6886530833952834 0.29876435358915776
141156 0.2221538557456701 0.750722064231841 0.29306396917522093
141577 0.07369590979368547 0.2706410875756201 0.16720087098498962
141759 0.2193598933237983 0.7657218024992246 0.33048479699874395
141768 0.1123577548917491 0.3945547446695066 0.20406714892307662
142131 0.2773355158316465 0.6700653603140315 0.2819072506164589
142138 0.1997245902833731 0.614010229213955 0.22729488436413287
142395 0.1662134672349326 0.4603793358746191 0.17732072604640847
142466 0.1817410989984085 0.6373192612805357 0.27918631708971436
142533 0.1818006976600241 0.6788135581163353 0.29786405340237165
142540 0.2522989835194384 0.5247081852350125 0.26957262262505677
142560 0.1537734253129348 0.575181184120301 0.23826278764964454
142859 0.2221753381472037 0.7233506017656135 0.2547735050718645
142873 0.3330740660271038 0.8416188231637484 0.3378172482155109
142973 0.18170385827229 0.6797547013273175 0.2701492508048235
143346 0.21971195215328 0.6561209483469086 0.27395650364193114
143432 0.1371835998166535 0.4975023875248569 0.21800228948454617
143445 0.1644511875502882 0.5366231114565967 0.22549336068049428
143590 0.1185486407950036 0.567301257215811 0.30017192430233275
144486 0.2086945055741379 0.6852095506844754 0.31670314246294384
144561 0.1904211223450273 0.6565152613284543 0.28596140386315433
144786 0.2498938384183199 0.6245639310286037 0.28578778368405466
144981 0.1824933202970948 0.6232549699169088 0.3086522332959953
145140 0.1175631674734331 0.4843643321176869 0.17033229987575849
145355 0.1331368856348543 0.3596227453145064 0.1334505195703778
145487 0.2495065234508667 0.764538448279529 0.2626266025441001
145600 0.1267042878376997 0.5705950131652728 0.2453583272913486
145979 0.1817243311197921 0.635619069040267 0.284552519017086
146179 0.2209309702141084 0.7117956591174772 0.27096740797373964
146296 0.2217070539554081 0.6395790617830434 0.2287489429048898
146651 0.2181308899156716 0.7400572393367807 0.29927525008658673
147284 0.1995867363796961 0.7496447555544825 0.3476760954103858
147396 0.09838654508605254 0.4506417144764089 0.22857008090981792
147591 0.1122092068553108 0.3624700541541013 0.22735208985303829
148641 0.1468866965238229 0.3821757945736677 0.1687351615747362
149458 0.1517801327660149 0.4879290623406285 0.2106712591730265
149501 0.2221752135112693 0.598501707150311 0.249685449897182
149537 0.2664999581674346 0.7332559789406945 0.28995642604122246
150406 0.2221765122131708 0.6472062810699853 0.24005939091150977
150478 0.1626799453004842 0.4653690673953287 0.21793965728281323
150620 0.1890883683946102 0.3893936988226123 0.20894309148839885
150715 0.1241006771666408 0.6229177984656369 0.32599638099141537
150860 0.2220415810790308 0.514892919892953 0.24958385019254004
151038 0.2283524181719203 0.627804229486802 0.27625237432192723
151126 0.2499221510541786 0.868111597177949 0.36702012673259277
151253 0.1175580983216543 0.5362548380413593 0.2898932183458444
151423 0.1787166270185 0.5049098896534036 0.25191451135445886
151617 0.2498947896037384 0.8238694569592766 0.30966823501821655
151828 0.2196680319626988 0.557303316940371 0.26904415764841644
152091 0.2777393350063913 0.637793652729161 0.29029056398596104
152123 0.1643157820039341 0.4586703434378067 0.2068504884747061
152209 0.110452510692451 0.4642252849755986 0.2618817397276446
152772 0.1811463650017394 0.5579843894013056 0.2607535827944375
152842 0.1710592265471135 0.5458684174056331 0.2742225436565433
152952 0.1998719394133538 0.6176608050694814 0.241608588924413
153030 0.1053288628624377 0.4508114279304427 0.2382190129686798
153197 0.1189046644900659 0.5209686102296553 0.24475944247877773
153547 0.124963677362318 0.4700736112458988 0.17595596843313993
153723 0.2664634173274526 0.6949410144067298 0.2986408693777011
153753 0.1999607955506035 0.5935193489213901 0.2649869263997262
153785 0.2221509948338424 0.632271515141928 0.23802565235258122
154051 0.285509673903351 0.7896889188166484 0.329763934605137
154155 0.181667549717605 0.5893325258587958 0.2044115424529431
154215 0.1093411082067803 0.4618243637569832 0.2411415316722753
154469 0.1537893069988626 0.4960105736198496 0.2142437004392589
154616 0.2855221143175553 0.7269967656905874 0.34384849117685923
154944 0.1794078962654105 0.5410039924737086 0.23153043968404338
155597 0.2178180674353972 0.782802482163397 0.35399777735080507
155694 0.2497031249920051 0.6737482004600475 0.27229030634494966
155729 0.1999870083999513 0.5916687519691003 0.21402238717605385
156302 0.1522173955441534 0.5707442433066278 0.2648566954580418
156577 0.2218692024877967 0.5971854438448647 0.23290292665247614
157146 0.1861236525374045 0.5017920312834929 0.2283782722276267
157385 0.199967555624498 0.6018051211540405 0.24305170713777538
157437 0.1998932716342506 0.5386596704240605 0.20885812792980282
157585 0.1224534395693949 0.3977203611390177 0.1820516166111896
157710 0.1616690159754226 0.4471454745161076 0.21096354332363484
158080 0.2434956752244379 0.8184094721046807 0.27493417601412745
158180 0.2221149028331907 0.6901920841737808 0.3173809710167158
158251 0.285520967730474 0.8223232921381493 0.3672427421155774
158405 0.2350189261116922 0.6979494743177475 0.3032126363130901
158977 0.0993527310025527 0.3976006819449735 0.19806054358966582
159033 0.139602599367131 0.418095968846728 0.19929202691098324
159435 0.2201566705152459 0.6107945029689719 0.22398110970172402
159803 0.1522907998548543 0.6842579542790721 0.27593699683119094
160045 0.2856730496299184 0.8970120457458061 0.3205683145990779
160648 0.1371878263839282 0.4154055686082063 0.17694553139527947
160751 0.2221780206517307 0.682972038038664 0.3122533128689123
160899 0.1997941603457684 0.5797424625717876 0.24508400817301212
161242 0.221858316766208 0.6343597132913269 0.27254545581863626
161687 0.2776786956789467 0.748320208135337 0.34804935365934947
161993 0.199770349568027 0.593347971141056 0.22747837670002183
162094 0.1921874710698246 0.5375682191871993 0.21886166851249542
162223 0.1922437744835048 0.5209530579838048 0.21851659031118903
162256 0.1997744731918374 0.5000413455411445 0.2002667719476334
162461 0.1644711758746269 0.5083726062261043 0.22079519305138653
162552 0.1817051071185218 0.5116352202600912 0.22839650741576634
162770 0.2499692053876979 0.5609575384794137 0.2612628151378358
162904 0.1027269920200852 0.4517193529575408 0.259831086835206
163022 0.1975919020701444 0.6155027056999328 0.2733677337468005
163555 0.1428192194817425 0.36735766830853 0.14998376144683181
163707 0.2715270880743789 0.8603422371316001 0.4254160420233551
163741 0.156775509570333 0.3805156826249288 0.1998589240828932
163751 0.1816970519438611 0.5911516712662463 0.2594342865764189
164498 0.1817596207193279 0.6958173543120325 0.2656601140921963
164522 0.1025528146555082 0.3645160085405356 0.18895048604095632
164943 0.1922188266525914 0.6570083981760566 0.2665616512911987
164996 0.1662347643248544 0.5646217564752735 0.2896339727313148
165108 0.1999297130407403 0.7335927295387494 0.3665257996379994
165223 0.1615574471232373 0.3993988832147487 0.1771722156051804
165401 0.181462297977801 0.5659215524534406 0.2475131987487532
166702 0.1646232300664435 0.4911482801688657 0.19799781575881947
167277 0.1921517030841743 0.5722480907642952 0.22772194967962522
167470 0.1921952571545392 0.6160821163578171 0.21965564618551314
167473 0.2855202262658209 0.7271501955742624 0.2858394764205787
167588 0.1999300576483854 0.5932144657711389 0.27313566680300266
167679 0.2181373313842548 0.5696984485653996 0.26177778686674125
167928 0.1816532138123827 0.5428626393384656 0.2038570010662246
168296 0.2179704264036848 0.6224138766162931 0.23329128991400652
168310 0.2442358767258512 0.6803458817797716 0.249295464812055
168547 0.2204029690195683 0.8016527917869549 0.2747229373684266
169318 0.2725785357234303 0.6887775096377433 0.305586563003852
169366 0.1065958049037211 0.3808289669402242 0.18405400861837368
169384 0.1367709519976018 0.5273965753458018 0.26588191891340207
169627 0.2414673097574424 0.6678976160506956 0.3273421666663385
170084 0.2856970452397572 0.8782010823427076 0.3283998422022595
170255 0.1815830180689959 0.5236411053682715 0.20192971469763352
170375 0.1426367646741175 0.4297724140004139 0.17379277988263017
170672 0.1610449416133204 0.4827838777714564 0.22554843188572574
170761 0.1538136664644445 0.5295853482983816 0.2494757576600627
171039 0.3203988010852302 0.8018463120323943 0.3586413799875524
171060 0.1536878638156946 0.4728020810057767 0.15478742957086072
171109 0.2221666671913317 0.5773656793268628 0.2238748013825817
171151 0.2221072842629233 0.6612765776661123 0.28426821832139926
171155 0.1657340807394456 0.49318026185617 0.20954655944305506
171269 0.3808819837873079 0.929998208308494 0.3903436433367315
171343 0.166489118650316 0.7307330527677547 0.3374100853158436
171724 0.1226918564430055 0.4255354047336301 0.2056605070829695
171878 0.2855522585161734 0.6525348892680153 0.29198235491906144
171904 0.2050453691964738 0.5523442559405907 0.21226708811544026
171968 0.2220037220753998 0.6296241064439805 0.2389299449963422
172026 0.1976687139950843 0.6691445874732496 0.3368417526147694
172290 0.1109080853169793 0.5004112918218342 0.2385546388927455
172457 0.1647174339672049 0.4379902992274802 0.2385799336532466
173055 0.191866092196098 0.4580198652527217 0.22968222141495995
173355 0.1033690345142654 0.3842554636815308 0.1717612206670072
173464 0.2499113277182896 0.6623117521235018 0.2745859404079497
173715 0.1927472032797922 0.551439111473028 0.2796444196344737
173869 0.2361668625226245 0.7917864367215462 0.3368735073973706
174042 0.1968694985928821 0.4255757051988335 0.2062367002438765
174116 0.2887778758319943 0.7884686681086137 0.3113144259028524
174493 0.1666033677127465 0.6526056249260552 0.3147130550976656
175121 0.1794367056809607 0.5201679503225916 0.20661895864431964
175383 0.1663034474573251 0.5928651211231697 0.2345362815617801
175633 0.1816802284765064 0.51450449737973 0.23015646836220285
175808 0.1303466626871357 0.5380488545294017 0.29105312142435846
176000 0.1997954961730598 0.5784065245253546 0.21523661348973844
176182 0.2665205493481103 0.5834929644577515 0.27391333982683364
176273 0.2419201641274409 0.5773139414596135 0.24578671621468143
176681 0.1817307843859725 0.5805784218987479 0.23924781463686734
177486 0.1784570367324491 0.7131717003741722 0.3554976637260855
177823 0.1760229802635533 0.4678000217135053 0.22725781785882412
177852 0.2049666205824324 0.6580645492197968 0.2786611379748741
177891 0.1110688399822741 0.454888327037459 0.21625785877539203
178053 0.244324915278879 0.6654413149691695 0.28267726678430777
178476 0.09832301365820036 0.4343711323835209 0.23776769756199798
178587 0.1535383299835997 0.47442609068878 0.1876151696561874
178887 0.1999276037997665 0.594862395310646 0.2309574056464829
178893 0.2181278100538322 0.5856773302105553 0.26443554085818
179140 0.1098188702728961 0.3176304684098408 0.18971927685922635
179145 0.2498482789628981 0.7784318880483033 0.29106276515625845
179424 0.1332048465382686 0.3726916289070694 0.1455257304997828
179497 0.2499708636185619 0.730973370603633 0.3061423360626604
179522 0.1921890363952499 0.7009268900545749 0.35601462809281953
179791 0.1168473510129808 0.4351276544214227 0.21204119106952318
179815 0.1867726966039918 0.4979465873770913 0.21529442049956066
180042 0.09853944765286085 0.4922264172016731 0.2692254763246548
180424 0.2855551886631925 0.7145272056282389 0.29814140633911945
180716 0.1748848926949496 0.6190913183158708 0.2628528126689284
180865 0.1665564988662355 0.7297930568008052 0.31182927889449613
181158 0.1967458627113464 0.7534528502019039 0.35331128329998357
181407 0.1698261750712377 0.6276437660654532 0.2963255348655476
181444 0.2272002177364487 0.5360665054033253 0.23445510943076364
181646 0.181803293499271 0.4775950135571177 0.1846047224844556
181844 0.1794638182331624 0.5982057664818063 0.24014268025488575
181912 0.158161516496873 0.779954468361221 0.3973023672728556
181916 0.1633728175076787 0.6411322913565999 0.3541637023505543
182327 0.2363033880938139 0.6171269142584938 0.254234411334589
182356 0.1999421462414895 0.4835779247291823 0.22196969592187718
182867 0.2495491575369898 0.9323629393389484 0.4102706519704583
183167 0.1501444160132343 0.4220602584259909 0.15339851340413235
183237 0.2855071649383303 0.8340816153463677 0.3475304310259783
183267 0.1461098090394435 0.4132473878803015 0.17705665008400406
183602 0.2120515367308299 0.6943765972133182 0.28499710641423986
183681 0.1963689089452876 0.6876259654205814 0.2962476349430955
183700 0.3977930347039499 0.9364493133661937 0.4050773910403086
184046 0.143269818968063 0.5684954658736827 0.29717842375656084
184141 0.2050135857077513 0.7437814810248292 0.35169338722797083
184718 0.2219210206225165 0.6136674479186363 0.25028172855408976
184891 0.3332469625465851 0.8840600787679329 0.36418981464542155
184920 0.1817836826335269 0.5283802266523131 0.185314509504823
184978 0.1900290573049605 0.6862899691172896 0.35154207940233884
185967 0.2499726452514128 0.7974150551240998 0.3236239334873607
186508 0.1793180802646522 0.6947591504550529 0.31021486941514537
186666 0.2221793340170597 0.716389050608238 0.24591770313976383
186888 0.139613409469958 0.4024011096771181 0.17316281636100334
187152 0.2221775482184316 0.5519896623580373 0.24518759672612858
187381 0.1816365263738798 0.6708490315614158 0.27547565333197727
187397 0.1226812493671189 0.3635391331044273 0.13134068743304014
187493 0.1315107328060896 0.4708499762553543 0.2192653302203723
188029 0.1967867448196667 0.456268483592924 0.20285549451338658
188063 0.1817472741261698 0.4665037408341999 0.20947654417452988
188690 0.2221152815473272 0.5923852058398719 0.23160539104941677
188870 0.1816473262818282 0.5924550326133203 0.2683945546736895
189097 0.1998263653609588 0.6704851099090097 0.2697566200422092
189734 0.1665378027963072 0.54403142388341 0.21408977693058825
189777 0.1365997888796462 0.5308698676617468 0.2726102201089734
190360 0.1816101203306443 0.5066608113459373 0.21210180294346168
190744 0.1175778747548132 0.5895033833476634 0.280972547870079
190800 0.1537643753802756 0.6549395979641769 0.301820214287528
191018 0.1816694110672755 0.6351659255148298 0.29021492955900413
191356 0.2498722198724733 0.6794441750355983 0.2919179233752671
191416 0.2495758357733151 0.6185466554698756 0.2562866531137444
191514 0.1814767792173467 0.6025382492762 0.2656632188518787
191612 0.2819304406240375 0.7087313229618875 0.34595439212918655
191722 0.2665220897300326 0.6249751937670655 0.27501421131366055
192120 0.1864198428960763 0.5905088050592685 0.26554678447134483
192301 0.2528257193472851 0.5152661959523546 0.25313843466619873
192344 0.2497404390450185 0.6522856430693781 0.299346863093828
192444 0.1241324180035318 0.4087381295662764 0.12672682348166775
192951 0.2221147952176436 0.5096304634753172 0.2258172197587897
193010 0.1976652398780534 0.6756632272888407 0.2835027216159274
193245 0.2178310707431835 0.7167055049157961 0.3357500824470824
193422 0.2221940125031117 0.6646172985422023 0.2410147640112085
193528 0.2271775605000994 0.5580043601811608 0.24982300864516532
193673 0.2177110918558668 0.5724475894386898 0.224600832844796
193684 0.2296146003991134 0.626564098817985 0.28173929977777307
193731 0.3331119859800742 0.8533720858850286 0.3626118300930661
193979 0.1646986791115353 0.5700116414640798 0.25381853238428204
194064 0.1814428725580207 0.5392729646362239 0.22308917837466127
194141 0.1982364658538907 0.4176216642916533 0.21932296985348543
194580 0.2497732104824551 0.9032092791397909 0.2658242216868305
195176 0.2498867411988367 0.6598282993780346 0.2742945026137471
195384 0.2856560409401065 0.7662391155747418 0.32521059131483143
195462 0.1975707441574623 0.7023339338390715 0.3522408882117998
195866 0.2221024654366747 0.7800572929825146 0.4184934746618086
196813 0.2220877647649139 0.6491638859542908 0.25875390692992667
197310 0.2767141881987794 0.8642640651535448 0.3818357101068852
197672 0.2774163978794603 0.7428007395526544 0.3076365468969064
197763 0.1227994782636672 0.3004473897991285 0.13150087485316053
197802 0.2493830400369917 0.6027148116432273 0.26926957369788274
197989 0.1998136969065406 0.5969266636339176 0.22261219244627317
198227 0.2221841948216863 0.6726259337020118 0.2681660966925883
198488 0.2221618698198066 0.6491951939531471 0.30348880341821266
198626 0.1996148478981932 0.5360129851217966 0.2621527380786471
198774 0.1617715079895113 0.5182148277371971 0.2309314333383116
199198 0.1965829581527559 0.5770512973722032 0.26421572354755984
199260 0.1227513114904629 0.3811483726013585 0.1839673429456088
199327 0.2270234598015232 0.6600829806186702 0.32216871924681356
199660 0.199890586179723 0.6152031341350543 0.2519547223730517
199792 0.2494428691497339 0.6610707781169203 0.30536078922253934
199947 0.2139473532920688 0.7117034994375819 0.29148647739025707
199982 0.3213462197204303 0.9265474124652554 0.3371853301359397
200647 0.1757394849063489 0.5677427317263951 0.20903574846264336
200868 0.1516728223818687 0.480441677572521 0.21561926418065727
201494 0.1815993182263911 0.519383010873598 0.21077357638706898
201594 0.3109543493125842 0.7305584992179988 0.3304437086448989
201673 0.2443447369113801 0.52420990736614 0.2580604261136825
201747 0.3205487598930912 0.8289396915016622 0.33151273977546
201760 0.1434713151018725 0.4616093837532847 0.25444649867545244
202045 0.2856387665970026 0.8590183141403717 0.3206713497109962
202292 0.2665192695028598 0.676832436452234 0.2877516900419906
202338 0.1968839976210786 0.5277817761423664 0.25154945854590166
202401 0.1816005661363327 0.4367502910214517 0.19145024134155592
202638 0.2177708719660777 0.5948776557781069 0.28867896010379246
202754 0.2499922670189811 0.7592570437033948 0.2530296142911053
203364 0.1423693448128049 0.5234995787688286 0.1816610890903269
203966 0.1369783864620634 0.3955831846455849 0.20671666251750376
204007 0.2496472727976967 0.651212108078212 0.27866386632644613
204208 0.2540787766758168 0.634174332672149 0.2851292048188003
204410 0.1285740950730428 0.470828727648551 0.23759478931280426
204972 0.1832311570542554 0.5598618614883027 0.20957867545925943
205416 0.1999762237409432 0.4760625543438789 0.23787835436227403
205590 0.2498679896238934 0.6516177987992431 0.2957694856429746
205853 0.1535722333989082 0.595670683093734 0.2974902322214905
206420 0.2443090299465395 0.6410096298465193 0.27138138315799243
206670 0.1380167202492818 0.5407950545718829 0.22958812439925616
207120 0.2221234137134919 0.8052595356673387 0.36908861317854624
207271 0.1969104065767625 0.6267713459781665 0.27092920024343525
207276 0.2417992092745328 0.745218369521577 0.3347200620528549
207626 0.2443565505670025 0.6764468170871987 0.29193003461786504
207805 0.1996915186524228 0.7126180070627725 0.3357718634089882
207873 0.2856312637142826 0.7321394269698956 0.2981605884301706
208544 0.2499268947680017 0.6754996370955945 0.28593452582361445
208613 0.2422174236082382 0.6339475010314924 0.26776551629577977
208687 0.249984569743811 0.7124885058829113 0.2783816185361916
209511 0.1832844136292755 0.4990395202071475 0.23100814888757526
209557 0.1995366925745068 0.749418016881508 0.33912849260500055
209797 0.1922476094281679 0.5305156522701663 0.21602450994438122
210009 0.1903593876311225 0.7368317900862837 0.28860538146308673
210037 0.2119794797931553 0.5418886896122974 0.23377467376380134
210268 0.2498175439660486 0.6911635520017105 0.26580518479344245
210298 0.2475034319856829 0.7898042888649842 0.2996706604088895
210387 0.2443755508590735 0.743097645713274 0.2707420218032078
210481 0.222163258098433 0.6504084686199698 0.25507246333942324
210605 0.1248829407999564 0.382827210592778 0.14126354287480297
210664 0.1330656658201286 0.615912548498673 0.31049365934829215
210950 0.2497314526212218 0.6976418983719523 0.2879790898155745
210969 0.290314251956927 0.6454847441799624 0.31265725403731015
211533 0.2270467972401601 0.5303276885934202 0.24665082332571323
212014 0.1997594034248443 0.4809808745062217 0.21753540170434263
212189 0.2854935167497901 0.8256379477799217 0.3203799268231435
212289 0.09761814623189448 0.3705851240269182 0.19205891499979855
213116 0.1810702385314416 0.4987444239324632 0.2433997805381702
213169 0.3332582284730181 0.8455073752190091 0.3454915182674631
213251 0.3213617468872207 0.8458973765563155 0.33038025718423336
213320 0.1493415659253561 0.5331399376618252 0.26720982873098015
213439 0.2775369447809723 0.6160311231041488 0.2821353463536021
213480 0.2433058454684967 0.6189812553712996 0.30922412373121866
213488 0.1793865057677807 0.4854546960925074 0.20562838860023602
213490 0.1711695945280778 0.4307978994663911 0.1833789296577798
213882 0.1908230440925596 0.6433114324754378 0.28833392466099766
214006 0.1159501197967804 0.3059357961789994 0.18089029763863926
214073 0.2417275593385965 0.8336465770938979 0.4121647255189316
214980 0.3805181001969349 0.9701218583656726 0.3842601905178717
215064 0.1998291824296431 0.6274018160498964 0.25792483786920756
215739 0.1666041009973508 0.4796058356243629 0.17314575478322045
215822 0.1966841834867343 0.5430803357165092 0.1997153062024111
215905 0.171280202616643 0.4574435529109895 0.2324123126831084
216232 0.2840285443281483 0.7669712206967632 0.29808965928924386
216397 0.2499338013234591 0.7346654552367113 0.3018229565812653
216554 0.1816541457475236 0.4992292668145877 0.22083669272191125
216840 0.116670736291267 0.4306826565731968 0.16363504230557468
216917 0.1536515747446246 0.5282381791171349 0.21755395017092233
216977 0.1914518137744059 0.4448071451520751 0.20139937883436945
217062 0.2499608296377875 0.640846472167417 0.25509114854297277
217112 0.1955860703179019 0.5282087558100497 0.22977887935493171
217314 0.1215222138688642 0.3800583309495337 0.19676601249003237
217318 0.2221323954785283 0.7267690077721559 0.2471526049934767
217474 0.2304405663314315 0.5771107938705742 0.2975588225109061
217891 0.1664269503292929 0.557549561775129 0.2665971197676901
217953 0.2499049590328614 0.6124017477000842 0.2627722624561265
217958 0.171353512337786 0.4759393277778445 0.17761067220761576
218004 0.2178755302277254 0.7784909606733759 0.2937411331289914
218411 0.1470326210154181 0.519710188025084 0.22211427897086877
218525 0.2884066482117277 0.8653217971900257 0.4165113683913126
218619 0.2564570037250109 0.6354447346033335 0.2768029906855788
218685 0.2884490802226028 0.7887281779720393 0.3449238421217451
219135 0.2776249306909563 0.9053606404304965 0.3740947566578437
219187 0.2665119880142356 0.7497980117759472 0.3191127773656514
219567 0.2305651813895715 0.6310894291468327 0.2916733368366075
219649 0.2852024737655027 0.8317683850195701 0.328682022895326
219736 0.2120458579415094 0.5967428027345747 0.2733381254519487
219958 0.1663906960771324 0.5318310907224799 0.26056318128957623
220011 0.2222016641150997 0.6919453012964439 0.26886385422317033
220059 0.1125286293639537 0.4088442677915917 0.23003215140217728
220236 0.2218211649978853 0.593626772394235 0.24196143122936603
220566 0.1151219288738954 0.4765533924201964 0.23960291910004716
220574 0.1867892907575787 0.4998985670765144 0.2117858809275885
220845 0.2221731301061742 0.642878941015073 0.28027959461758306
220869 0.1333247415932582 0.5358078570495209 0.23138677775189007
221048 0.1535838498159523 0.5946527709719943 0.2502721253152825
221894 0.1817535132501376 0.4499824076916041 0.19597656080241227
222702 0.199039790933795 0.5797107523465521 0.23396899160470463
223110 0.3332661472365325 0.8834988386907343 0.38139543163440437
223138 0.171130822094926 0.5474839046143131 0.1780197370249834
223194 0.1175651118100123 0.431993760855225 0.1860682113159996
223617 0.2028555661713978 0.4871296147432659 0.253806810313549
223645 0.1996877066243361 0.6981414151032165 0.2772787100756645
223788 0.1515843602919557 0.4019724506357072 0.20256644609280625
223962 0.1251676876692376 0.3967914003330528 0.17310778780669786
223979 0.1295457396974233 0.4256731513582863 0.17919228156455486
224033 0.2495531771717088 0.6705463110013785 0.2744281954422449
224055 0.3552933192107986 0.8124306075880839 0.3559784247161122
224129 0.2354918634270933 0.7017049403636874 0.28782943901817176
224263 0.2087447065655925 0.5521894189112174 0.23580139879056553
224412 0.04853149332641021 0.2608600425880459 0.13614472617412238
224784 0.2221493548044469 0.6168070986208518 0.23121174745668233
224858 0.1808334245817976 0.5905996183236 0.2626984647899418
225041 0.2490436158841424 0.7339101659958165 0.31501430059205543
225403 0.2221661819018331 0.6613516036245771 0.27815575009237015
225614 0.1523091864418918 0.4633517478822219 0.19866356313050995
225982 0.1660972024263331 0.7583380258976034 0.36927157802345356
226024 0.2856285216068359 0.7370412860362726 0.3133716972798941
226054 0.1998908356589882 0.6889457706307878 0.30486200779125694
226126 0.1999502099987195 0.7326236193438799 0.2541539987980011
226226 0.2443343502917613 0.675769659401909 0.2829877856805733
226392 0.332521412355781 0.7679815411075541 0.34373848222742637
226431 0.1415616604810297 0.4831666405566352 0.213770581180587
226652 0.2498666720453834 0.7450772156162064 0.29035633925387755
226750 0.2219633278699614 0.7193399767429566 0.28719689337870874
227746 0.1665796240435997 0.4931273567611621 0.17763004844606037
227808 0.219657892906434 0.6292864663803379 0.24971850299470424
227921 0.2499641757818855 0.6931999624897819 0.25693379270383876
228173 0.1999677040669662 0.5988856842500865 0.23314292226854844
229399 0.2048375352539827 0.6444468785171086 0.3384060339207723
229649 0.1809561612568437 0.6414315316676494 0.29080084568693354
229679 0.1577091346277999 0.7609905224751574 0.29697002820193935
230321 0.110994824724737 0.5474396900241205 0.2987274045654349
230452 0.2665268706762809 0.6399390169809708 0.27835721089937965
230582 0.2499575300090371 0.7659570859385864 0.2736710151870857
230602 0.1666149497793346 0.5042804819111723 0.20603688714556037
230617 0.3202078671169493 0.7663167619545224 0.3272742223866685
230769 0.2497119367056129 0.6552513784450343 0.2512142548858821
230837 0.2854930445412397 0.8989624393469782 0.3450840315641487
230874 0.1793694045360958 0.5116671468788107 0.19946832016661578
230953 0.1992250991621165 0.5883973571461928 0.2786850108720238
231267 0.1538068045246094 0.4854691199621249 0.21061739833775184
231598 0.2271711802690889 0.5115035485034087 0.25165019967868624
231681 0.1708032477982642 0.619952187675483 0.228671608040706
232276 0.221874088774081 0.6001472843228904 0.23663092246554934
232301 0.1801726221452199 0.6084632244611317 0.2792594627538859
232315 0.2090938558714007 0.6041279520437091 0.277549529851958
232430 0.2305056523556365 0.6213178800757039 0.24119514128784028
232629 0.2220804956156842 0.6262592885710413 0.22696609837227713
232744 0.3071474089821376 0.7095161537656962 0.3417236110180262
232872 0.2856683625587165 0.7656674839093197 0.3236389263791767
233183 0.2179689956700808 0.6117314858766906 0.2273929558129089
233562 0.2219915978361701 0.6467683567622693 0.26438981065201245
233580 0.2856609379373072 0.7378291390856625 0.303471222284835
233606 0.2855578405213401 0.8830990230322951 0.363646328520262
234182 0.1756785046913711 0.6861286106456796 0.24348285082965176
234510 0.16457768848711 0.4257710694433912 0.16552601397680858
234538 0.2175075550581451 0.6405042338360202 0.3013907690591493
234815 0.1109763982195899 0.4686609481357583 0.19716570749735488
234935 0.1247026749109708 0.4041130817654193 0.1524291486977054
235064 0.1998396208912375 0.6312449005225724 0.2508482202044267
235273 0.164577536409659 0.4998725070856799 0.2027858393969833
235400 0.1815758276767241 0.5852438467729149 0.2360660458820944
235432 0.199886673184735 0.5418479956159917 0.2123256333727244
235735 0.1713518942451509 0.528611660136952 0.21461485460791035
235912 0.1920694547180398 0.427104951674906 0.199061119396499
236068 0.2217957532782644 0.6611843767724531 0.2658120733689487
236106 0.1330235280493276 0.4875435803284394 0.22178082946712577
236127 0.1710528197073214 0.4529763002493505 0.2121333936839252
236243 0.1817431135540639 0.6704656659418083 0.29812425158333844
236252 0.2499574913532873 0.6621677383309434 0.2711154954116211
236393 0.3053465518115085 0.839919406916925 0.37032511381824135
236523 0.321332963452896 0.7994489971977256 0.3572384956299972
236593 0.1999486155567828 0.7031644704504394 0.2570517959590597
236995 0.2497621360889757 0.6600505784334844 0.2762077632945962
237106 0.2499833009847383 0.551326619548207 0.25646742776942555
237111 0.2499588033824333 0.7087187894101536 0.3111943815983204
237278 0.179730992592397 0.7088791173054406 0.31834932663225673
237335 0.1262467760313715 0.4677241132600324 0.18091028591112165
237450 0.1967575599732716 0.7072504230211504 0.2795486757326579
237570 0.2494582021474773 0.7461253644788981 0.29611135352702705
