110 1.0
102 0.535375190444
103 0.533270833134
92 0.53318285391
96 0.532641803212
83 0.532533067699
89 0.530084613603
94 0.529680389026
36 0.529401040748
38 0.52938295441
78 0.529059140744
80 0.528922374014
88 0.528715237614
11 0.528661438997
85 0.528605447483
77 0.528580164793
86 0.528444567468
56 0.528399038939
75 0.527999318786
74 0.527897805749
52 0.527782149204
39 0.527625418045
20 0.527559439368
3 0.527426267059
45 0.527204240382
99 0.527133794298
29 0.527092376045
60 0.527031598504
23 0.526988307054
17 0.526972915384
10 0.526936148931
114 0.526921623724
14 0.526841183943
124 0.526825225153
53 0.526629108414
1 0.526557823749
7 0.526488981362
18 0.526477128059
8 0.526427930667
2 0.526343691078
66 0.526226538822
68 0.526155401453
5 0.524273766915
9 0.523958784547
19 0.5234349545
26 0.522504686984
41 0.521803412225
120 0.521513958912
48 0.521350573442
64 0.519161824868
65 0.519082352967
63 0.519053268847
93 0.51295414918
91 0.512579866881
132 0.509473460335
133 0.50947293794
115 0.503756675865
119 0.499253618198
123 0.497639172718
125 0.496117382019
140 0.495342529347
143 0.493854429682
134 0.489309187315
135 0.488150595168
136 0.487363300377
149 0.485215295901
138 0.484587555147
163 0.479004666751
152 0.476849114508
169 0.475245947785
164 0.475031626896
166 0.473975760944
159 0.471664036095
176 0.470006243857
167 0.468177929077
170 0.466568014815
179 0.465794886347
173 0.464634394493
182 0.462153097227
174 0.461937981831
178 0.461909270811
196 0.460770659014
188 0.460257390816
189 0.459505422422
191 0.459412192907
199 0.459317076493
185 0.458465517914
190 0.458416541353
195 0.458353226997
186 0.458156890965
194 0.456921490948
202 0.454456390338
203 0.450112941041
209 0.449692084394
210 0.446099992722
213 0.446032662627
215 0.442417589112
212 0.438270952189
224 0.429050193429
217 0.42893642855
220 0.427804897307
223 0.427612721307
222 0.426315664326
228 0.190336114091
230 0.141526961168
243 0.140865760989
232 0.138296606942
265 0.138270970908
270 0.13732763167
276 0.136893051826
269 0.136339403154
297 0.136300704918
235 0.136249556028
290 0.136181481126
236 0.135978905998
239 0.135942918566
300 0.135881590433
296 0.135828978371
234 0.135659869312
252 0.135600070466
310 0.135588371931
257 0.13545532503
250 0.135396802138
240 0.135276995881
247 0.135085193574
323 0.134686277173
342 0.134412054458
302 0.134175795775
256 0.134162626246
259 0.134074631822
260 0.13404566762
261 0.133987541469
294 0.133873268317
267 0.133839068837
360 0.133800312727
292 0.13374035829
283 0.133716387647
266 0.133670544975
363 0.133647495587
264 0.133636175111
321 0.133497914931
348 0.133413190239
352 0.133364172996
287 0.13335512311
272 0.133351791914
324 0.133349445127
301 0.133267965457
285 0.133238850902
271 0.133231013979
291 0.133226013794
313 0.133218490821
279 0.133157527061
299 0.133092857973
286 0.133058544546
338 0.13297555069
298 0.132926379427
305 0.132919213879
345 0.132884596165
314 0.132874941176
337 0.132858540425
306 0.13283880508
307 0.13283523595
315 0.132824820112
373 0.132791082043
303 0.132749904116
334 0.13270862703
353 0.13249178401
339 0.132420053607
330 0.132288349402
368 0.132265643732
335 0.132235867593
397 0.132233679735
365 0.132233221568
332 0.132185504679
325 0.132174609468
362 0.13214843411
380 0.132076411387
340 0.132050030335
371 0.132047827621
411 0.13202542976
331 0.131974304586
336 0.131959691422
379 0.131822695999
376 0.13179607652
382 0.131785240678
349 0.131784098987
385 0.13177383528
420 0.13173690067
386 0.131735427972
361 0.131719375756
359 0.131658757329
370 0.131653055005
408 0.131619039884
364 0.131591095995
357 0.131565555328
391 0.13155753121
369 0.131548020624
396 0.131497552713
372 0.131485894566
374 0.131443826721
401 0.131413957955
390 0.131392146795
377 0.1313574273
378 0.131346575025
421 0.131334977031
381 0.131318312281
384 0.13127394141
258 0.131270338101
393 0.131263229788
448 0.131260020211
407 0.131226707838
244 0.131222669582
412 0.131218430204
242 0.13117176648
394 0.131121331687
398 0.131110528248
422 0.13110759139
268 0.131106017481
392 0.131102284591
419 0.131078479968
229 0.131005895487
233 0.130998266082
241 0.13099025021
253 0.130977419769
405 0.130969395328
402 0.130940969043
400 0.130928643598
399 0.130915994707
255 0.130899090611
280 0.130898927915
273 0.130889243144
417 0.130885049836
262 0.130883034937
248 0.1308661829
295 0.130855123466
435 0.130855106868
249 0.130836005487
406 0.130783568562
409 0.130767263438
316 0.130747314371
274 0.130745152758
308 0.130736477997
237 0.13073338473
245 0.130723421235
282 0.130714878264
275 0.130704256437
254 0.130693227423
284 0.130688688432
263 0.130688193696
322 0.130687163942
281 0.130671987239
304 0.130671492612
454 0.130669267691
447 0.130665434196
289 0.13065990648
312 0.130656424491
278 0.130655398445
347 0.130650789571
329 0.130639687432
333 0.130634243268
277 0.130631008756
293 0.130622727024
432 0.130620587102
319 0.130616584079
317 0.130614165468
318 0.130612489121
457 0.130605796782
456 0.130594060874
246 0.130572819814
326 0.130567635453
351 0.130565821591
433 0.13056471002
288 0.130559901123
251 0.130558582476
429 0.130551320595
231 0.130548979019
311 0.130528234889
238 0.130521765561
437 0.130502722292
450 0.130500676609
309 0.130499796228
341 0.13049679491
344 0.130492437147
358 0.130488054687
497 0.13048149697
366 0.130479709777
327 0.130466520836
367 0.13046570867
466 0.130464905068
496 0.130441731224
320 0.130433098886
427 0.130403008012
476 0.130380848849
354 0.130375556171
356 0.130371643059
487 0.13037128129
346 0.130357955592
355 0.130350528938
350 0.130346557771
328 0.130341393683
477 0.130330691871
375 0.130329742471
343 0.130322879007
449 0.130311791193
439 0.130308540658
387 0.130291902697
495 0.13029153279
519 0.130251127247
485 0.130220125498
506 0.130218132315
486 0.130213373531
389 0.130183190779
453 0.130176071672
404 0.130173976129
395 0.130143100458
403 0.130123072049
472 0.130122824352
458 0.130120770813
494 0.130110841257
383 0.130090191712
509 0.130074365004
473 0.130066023168
415 0.13006569572
479 0.130059457462
388 0.13004853589
414 0.130046461838
480 0.130037747662
431 0.130035023969
413 0.130030820602
500 0.130027079099
416 0.130018166609
489 0.130004410399
493 0.129992028496
484 0.129984462601
410 0.129957221375
488 0.129939679432
514 0.12992486623
440 0.129921679638
507 0.129900227407
518 0.129898831972
482 0.1298915467
441 0.129883775453
428 0.129877633023
423 0.12985568614
515 0.129852678616
502 0.129850107502
524 0.129844099692
418 0.12984350565
510 0.129829615972
446 0.129814790012
430 0.129808200119
425 0.129805195504
539 0.129802157183
508 0.129800132364
522 0.129799949365
444 0.129791794401
503 0.129778688193
424 0.1297770674
445 0.129768476391
443 0.129763037675
461 0.129762775366
438 0.129754154545
451 0.129748870821
559 0.129742404321
536 0.129741056146
478 0.129731580787
442 0.129722673069
426 0.129719412905
513 0.129705088182
464 0.12969569776
436 0.129695507654
460 0.129694977348
532 0.129688501416
434 0.129685866217
459 0.129685767522
516 0.129683770378
563 0.129682572313
452 0.129661177713
534 0.129657386487
548 0.129646458949
483 0.129643343021
455 0.129642374032
469 0.129632373427
475 0.129631441041
530 0.129624321549
465 0.129622318241
462 0.12962008027
531 0.12961559213
552 0.129607848273
463 0.129601152693
468 0.129598745301
467 0.129592312693
550 0.129589790668
553 0.129586114979
527 0.129582630767
470 0.129563530371
520 0.129559518238
576 0.129544836006
574 0.129539463299
481 0.129533608654
471 0.129532527634
474 0.129520930854
499 0.129513835864
561 0.129510285993
538 0.129497973375
533 0.129485434371
511 0.129480586533
541 0.12947693123
504 0.129474196645
543 0.129468523199
492 0.129461492543
547 0.129460269651
517 0.129454824526
544 0.129448037144
556 0.129446760678
591 0.129429624693
505 0.129425266307
501 0.129424328601
490 0.129420983161
491 0.12941498686
549 0.129414852339
526 0.129401576166
540 0.129395441087
577 0.129394544618
542 0.129356338474
523 0.129348494279
512 0.129339990033
529 0.129316819193
525 0.129311666694
498 0.129308928262
582 0.129280519912
562 0.129279546791
588 0.129273671992
528 0.129251780412
585 0.129244147692
567 0.129238658839
612 0.129228837512
598 0.129224063923
537 0.12920699519
571 0.129201078881
535 0.129180600068
578 0.129177962257
546 0.129172089657
521 0.129158273211
580 0.129157554156
601 0.129154610545
545 0.129138533024
554 0.129135138139
632 0.12911212098
573 0.129101966338
596 0.129093407246
551 0.1290844031
626 0.129081986754
557 0.129081246665
627 0.129069945712
606 0.129065629806
605 0.129057705456
581 0.129052265706
589 0.129039852512
633 0.129034953461
558 0.129033875273
569 0.129031293431
565 0.129020690945
560 0.129015880485
609 0.129000353666
621 0.128990869852
611 0.128987990262
575 0.128983208176
564 0.128979439666
638 0.128977998973
555 0.128976405374
619 0.128963166043
617 0.128961733839
629 0.128957529048
570 0.128949031845
590 0.128947803745
579 0.128922926783
615 0.128919483039
566 0.128914715847
594 0.128914026967
676 0.128909534864
602 0.128889955517
614 0.12888324894
572 0.128880206823
628 0.128876806604
624 0.128875802262
586 0.128873094828
623 0.128871927309
592 0.128866635851
600 0.128862411199
656 0.128860476551
595 0.128859038418
599 0.128856035565
593 0.12885356788
613 0.128849186106
583 0.128842979853
587 0.128821505482
635 0.128811398304
597 0.12880909235
634 0.128801956385
653 0.128800500547
684 0.128799358582
616 0.128796013213
664 0.128790868445
644 0.128789950344
584 0.128788346557
568 0.128782635958
659 0.128779118933
663 0.128774094319
640 0.12877267292
608 0.128768311501
604 0.128765803341
649 0.128761055138
650 0.128757258164
669 0.128738456985
642 0.128735705574
658 0.128725246076
618 0.128721281572
660 0.128708060479
661 0.1287018428
643 0.128695597899
603 0.128694882621
610 0.128693217839
607 0.128691003361
662 0.128681390687
675 0.128667907322
655 0.128656171398
622 0.128643704361
696 0.128636923244
667 0.128629130568
652 0.12862823527
630 0.128611913736
631 0.128610330143
645 0.128609822098
665 0.128607459948
673 0.128604441494
620 0.128591434811
651 0.128591360599
668 0.128590899602
641 0.128587052974
648 0.128578784352
670 0.12857210451
646 0.128562933629
647 0.128558937602
682 0.128553608047
636 0.128543965342
625 0.128534529736
683 0.128530366053
693 0.128528553567
654 0.128521182619
704 0.128507920913
666 0.128488680914
686 0.128486075231
678 0.128481435461
703 0.128480262298
672 0.128475414621
637 0.128463411073
677 0.128463305698
639 0.12845667089
695 0.128455481234
713 0.128450029571
679 0.128448024672
717 0.128446042362
708 0.128439375977
705 0.128438756772
714 0.12843350227
680 0.128423047567
657 0.128420130891
688 0.128407929333
710 0.128400839539
690 0.128398322775
698 0.128397674477
715 0.12836787174
687 0.128349902345
707 0.128348480808
697 0.12833072217
681 0.128301890886
685 0.128295037021
712 0.128288886744
709 0.128276427607
694 0.12827559886
671 0.128272986395
731 0.128271199185
727 0.128258395309
724 0.128258239336
701 0.128258225533
729 0.128257303193
702 0.128255569032
674 0.128249796801
706 0.128244586395
689 0.128239798578
741 0.128239375875
730 0.12823635244
742 0.128230464064
716 0.128228950507
699 0.128217535846
692 0.128212608484
735 0.128205415919
691 0.128205278154
721 0.128191675505
711 0.128186710677
733 0.128181662886
739 0.128167885498
754 0.12816725493
725 0.128156009874
700 0.128152110794
759 0.128140199649
763 0.128126674454
745 0.128125565564
732 0.128116664185
723 0.128116627054
738 0.128113693056
722 0.128109437122
750 0.128103451332
751 0.128085448162
755 0.128083543057
719 0.128078039806
718 0.128064653905
720 0.128062009528
747 0.128059103599
728 0.128049057348
756 0.128047967705
753 0.128039227662
726 0.128035445667
773 0.127997260343
757 0.127994691465
749 0.127975794848
764 0.127973707969
774 0.127973050263
814 0.127965263965
827 0.127950482617
826 0.127949410528
783 0.127943369272
806 0.127942820359
767 0.127942376293
778 0.127940376772
769 0.127940252008
775 0.12793953653
809 0.127936146951
818 0.127935530776
746 0.127934021453
781 0.127924906222
758 0.12792023746
760 0.127909839191
734 0.127906203636
752 0.127902591975
772 0.127900498456
736 0.127900263306
743 0.12789868081
766 0.127898251034
771 0.127893712442
740 0.127890689266
737 0.127888710812
744 0.127882594023
788 0.127871118411
748 0.127857089288
800 0.127855509968
802 0.127854712451
831 0.127850717968
832 0.127847073617
790 0.127845112186
762 0.127843760196
776 0.127842714854
811 0.127810715217
813 0.12780374002
825 0.127788896348
765 0.127779660629
777 0.127778546077
785 0.127774063694
808 0.127757632274
779 0.127753117983
796 0.127752278515
803 0.127744059039
768 0.127743935461
794 0.127733074673
787 0.127732480178
812 0.127728258045
761 0.127708975324
784 0.127703135671
782 0.127702111595
770 0.127701087455
797 0.127690296701
823 0.127687889221
792 0.127681365803
815 0.127659409118
795 0.127653313744
819 0.127643747954
786 0.127632444659
821 0.127621186726
824 0.127619004745
799 0.127616311143
798 0.127600202841
810 0.127597660173
835 0.127587204397
804 0.127581221417
801 0.12757754518
780 0.127564211821
816 0.127547487415
789 0.127546567689
837 0.127541120623
793 0.127528842719
836 0.127527138329
805 0.127524716593
817 0.127514712612
843 0.127501626353
830 0.127494074067
791 0.127447864738
834 0.127447006243
842 0.127434823067
807 0.127426149816
840 0.12740674717
841 0.127404926686
820 0.127386342603
839 0.127377403673
845 0.127369978021
828 0.127359488516
838 0.127345244471
822 0.127255164972
829 0.127251272881
844 0.127142513533
833 0.127112716486
849 0.12708281533
847 0.127010983303
846 0.126970148809
848 0.126950390435
227 0.124673474862
850 0.119053033901
226 0.119025680809
851 0.117950813512
225 0.115540402876
852 0.114821820105
854 0.111880555141
853 0.110915823095
858 0.109967730834
219 0.109808261917
216 0.109769554991
856 0.109762493763
861 0.109659743169
221 0.109592223298
218 0.109578044197
214 0.109574973619
211 0.109440372699
865 0.109389852761
857 0.109278943141
862 0.10919978213
864 0.109108610367
867 0.109098306968
206 0.108944733298
205 0.108941973359
204 0.108930384281
869 0.108915751963
866 0.108846243438
207 0.108814370398
208 0.108809499421
197 0.108759238134
201 0.108758507245
868 0.108710051245
200 0.10856940724
874 0.108527539469
198 0.108508039455
192 0.108488889093
872 0.108403781196
870 0.108375144656
187 0.108364626615
193 0.108278953068
183 0.108228870459
180 0.108172937709
184 0.108049059115
181 0.108006887625
172 0.10799651225
876 0.107966975605
171 0.107950666955
177 0.107943751109
175 0.107922922384
168 0.107824647973
162 0.107685943441
165 0.107662480777
161 0.107656006717
160 0.107644681771
156 0.107527411059
154 0.10752321129
883 0.107481724078
157 0.107390840054
886 0.107377544264
155 0.107371012722
153 0.10736716713
158 0.107356910231
145 0.107351455863
146 0.107312186207
151 0.107306013535
150 0.107293775767
144 0.107291332413
148 0.107265127015
147 0.107219127511
139 0.107168521357
142 0.107131798508
890 0.107085082344
141 0.107076577557
888 0.106941489941
137 0.106922296404
130 0.106869927979
131 0.106857506729
898 0.106810739489
128 0.106761971499
129 0.10670301836
127 0.106682970368
126 0.106679810289
896 0.106679113396
118 0.106604365918
122 0.106531788053
895 0.106517390557
121 0.106516634781
894 0.106508220019
117 0.106470016622
116 0.106466268623
904 0.106443099023
108 0.106400064071
113 0.10639543967
109 0.106381755876
111 0.106370021151
112 0.106341695998
105 0.106301259777
107 0.10629732988
106 0.106290556034
104 0.106275540677
903 0.106232210001
100 0.106207172427
101 0.106200675463
95 0.106158566329
97 0.106158403024
98 0.106156612081
907 0.106143812919
90 0.10608138931
87 0.105991848509
76 0.105958268699
84 0.105920273522
81 0.1059173721
82 0.105898380503
919 0.105880482617
79 0.105879637202
911 0.105857046581
69 0.105834942045
72 0.105780070572
73 0.105779765335
915 0.105772459825
67 0.105737749946
71 0.105735024115
70 0.105731467998
57 0.105728400476
61 0.105708638733
917 0.105689072808
62 0.105676042698
58 0.105665626175
59 0.105650623359
55 0.105638465648
54 0.105585465215
50 0.10554846755
49 0.105544849728
923 0.105542574934
922 0.105532514591
51 0.105503357723
925 0.105462537427
924 0.105460869981
42 0.105443300212
37 0.10542929726
47 0.105424119134
46 0.105410744021
13 0.105403904504
32 0.105403400944
31 0.105398659408
43 0.105391554884
926 0.105389661728
35 0.105388263744
34 0.1053830822
6 0.10537811641
28 0.105376547674
44 0.105373380005
40 0.105369530926
21 0.105361924194
33 0.105343782862
27 0.105341155773
30 0.105334823214
24 0.105321722392
25 0.105315812852
22 0.1053113978
15 0.105301240316
16 0.105299033325
12 0.105296757012
4 0.105260825027
933 0.105250264816
0 0.105225663882
936 0.105199250985
934 0.105168682564
930 0.105141174429
943 0.104999273268
944 0.104998299651
947 0.104996585034
938 0.10498673207
945 0.10495517423
951 0.104862677577
954 0.104831493429
953 0.104822464655
956 0.104799885619
962 0.10459880746
961 0.104582821187
968 0.104442549274
974 0.104417662744
978 0.104359038319
973 0.104354328103
979 0.104283950363
981 0.104234966135
984 0.104223689283
988 0.104196561808
982 0.104190445177
985 0.10418089629
989 0.1041549852
987 0.104140600724
990 0.104097058019
992 0.104067394905
996 0.104049735729
859 0.104034252379
995 0.104033433478
1008 0.103972212432
1011 0.103964680037
1004 0.103947370879
1006 0.103941473306
1002 0.103940773722
1009 0.103934425224
1013 0.103925151019
1015 0.103908725831
1010 0.103884872113
855 0.103855697456
1016 0.103844577201
1022 0.103836291683
1017 0.103826122432
860 0.103818407408
1020 0.103813971172
1019 0.103812054799
1026 0.103806639632
1027 0.103798947376
1029 0.103797754058
1024 0.103760254066
1025 0.103759527278
1035 0.103753021586
1031 0.10374642974
1032 0.103743559163
1037 0.103741140278
863 0.1037364839
1045 0.103719304149
1043 0.103718098305
1040 0.103706300221
1062 0.103705512553
1048 0.103696605607
1049 0.103691675535
1050 0.103691672062
1039 0.103688229414
1041 0.103686044876
1054 0.103673777819
1060 0.103660505487
1055 0.103659932797
1057 0.103650075875
1051 0.10364048852
1061 0.103636286693
1084 0.103615682733
1068 0.103614208731
1067 0.103611655507
1074 0.103608701311
1080 0.10360619882
1073 0.103605995133
1063 0.103603790009
1085 0.103565757152
1087 0.103516499468
873 0.102446321255
871 0.102329729874
877 0.102112362868
875 0.102013324739
879 0.101675314714
880 0.101647466088
878 0.101607173015
881 0.101503483478
887 0.101498335638
885 0.101469355301
889 0.101417490711
882 0.10141191367
884 0.101343741721
891 0.101300494715
900 0.101094041424
892 0.101077518678
893 0.10099240988
897 0.100981517418
899 0.100878884404
902 0.100875638901
901 0.100872946696
906 0.10063993464
908 0.100635129883
909 0.100635129883
905 0.100574404221
914 0.100513648403
910 0.100508305943
912 0.100494815031
913 0.100469604556
918 0.100468711613
916 0.100445892754
920 0.100334744589
921 0.100233443851
927 0.100060328742
928 0.100027989931
929 0.100023194564
931 0.0999518659161
937 0.0999296033053
932 0.0999081088952
935 0.0998864668281
939 0.0998425666771
940 0.0998248165711
941 0.0998064578281
942 0.09979758597
946 0.0997874512024
948 0.0997839716682
949 0.0997782251966
950 0.0997201042598
955 0.0997196435728
957 0.0997040991892
952 0.0996733764887
958 0.0996579831176
959 0.0996492852881
960 0.0996486296535
963 0.0996061540537
964 0.0996057610296
966 0.0995889700552
969 0.0995526234781
970 0.0995385290878
971 0.0995294098272
967 0.0995233261542
965 0.0995203419746
972 0.0995003539193
975 0.0994630807741
976 0.0994495435269
977 0.0994127953857
986 0.0993507985919
980 0.0993033666976
983 0.0992807140974
997 0.0992364616891
994 0.0992245745429
991 0.0992128080996
993 0.0991802566237
998 0.0991646039165
999 0.099160592978
1001 0.0991130542266
1005 0.0991030404901
1000 0.0991010773575
1007 0.0990990695996
1003 0.0990769308284
1012 0.0990749723911
1018 0.0990357369247
1014 0.0990305019546
1023 0.0990115065955
1042 0.098991271306
1021 0.0989848581404
1028 0.0989711306107
1059 0.0989152635293
1030 0.0988899625482
1034 0.0988864130529
1036 0.0988566570793
1033 0.0988498770007
1047 0.098846912354
1046 0.0988280414485
1044 0.098823059514
1038 0.0988094727096
1077 0.0988083998296
1052 0.0988039794897
1053 0.098777063033
1058 0.0987596868509
1064 0.0987112891934
1056 0.0987084933944
1065 0.0987006246741
1070 0.0986977907094
1066 0.0986954912053
1072 0.0986561550521
1082 0.0986512797144
1076 0.0986486428259
1071 0.098646483868
1088 0.098641335485
1069 0.0986398199957
1081 0.0986322618246
1078 0.0986308453373
1075 0.0986159014608
1079 0.0986138221814
1086 0.0986133671401
1083 0.0985877137076
