300 1.0
265 0.48326334116
290 0.482586394081
243 0.481318229766
297 0.480930869416
230 0.480722060421
323 0.48030893952
235 0.480303798383
283 0.479621642004
301 0.478653653004
270 0.478635115428
261 0.478288405374
276 0.478272050541
310 0.477866427383
315 0.477403719949
302 0.477079321119
314 0.477003009878
299 0.476572676732
307 0.475993957276
324 0.475918915209
257 0.475444132996
298 0.475431464471
269 0.475417199626
250 0.475338677053
252 0.474646799691
313 0.474295061872
247 0.474232501608
342 0.473420559751
345 0.472559327503
337 0.47249383475
360 0.472456957876
338 0.47194432575
335 0.471888461134
353 0.471824353244
361 0.471758737036
228 0.471617824851
334 0.471555439253
340 0.471035331231
348 0.47046357687
363 0.47038537648
370 0.469803292399
368 0.469429528432
364 0.46939214938
380 0.468871539899
382 0.46790639871
385 0.467862856791
386 0.467761558722
411 0.466782204569
391 0.466751039373
405 0.46621120428
396 0.466134333448
401 0.465979735876
394 0.46590219023
397 0.465850398571
419 0.465309278756
409 0.465279258944
422 0.464409243998
429 0.463952436641
435 0.463856692404
448 0.463520383728
433 0.463404698069
456 0.462515824181
457 0.462413715474
476 0.462050226517
487 0.461944429865
519 0.461825000961
294 0.461673472472
473 0.461538066319
321 0.461538045415
479 0.461531946038
339 0.461508591996
488 0.461208315885
296 0.461194046054
506 0.4611512193
497 0.461012215273
509 0.460857617638
245 0.46069292451
280 0.460652439867
254 0.46060737333
362 0.460577545594
317 0.460566600989
295 0.460524919054
352 0.460522357187
365 0.460500904166
275 0.460483260181
495 0.460475301937
312 0.460468081724
274 0.460458600717
232 0.460417422785
308 0.460391635996
289 0.460368566564
263 0.460367854831
390 0.460338304163
326 0.46030497325
322 0.460284024436
231 0.460282489386
293 0.460264753795
248 0.460258547804
503 0.460171183531
229 0.460138314358
237 0.460129512171
376 0.460126584442
233 0.460112443038
304 0.460102672056
241 0.460073424695
344 0.460058023917
271 0.460048746606
371 0.460026803196
331 0.460018465604
351 0.459995918011
258 0.459977137961
347 0.459962611875
273 0.459925903731
292 0.459886415812
277 0.459878849141
286 0.45985648628
373 0.45985268755
284 0.459827448288
318 0.459802779136
366 0.459797016737
311 0.45977767383
407 0.459771015982
357 0.459769436994
343 0.459766000387
412 0.459754683298
354 0.459754488108
291 0.459719909486
524 0.459716206005
328 0.459711067474
393 0.459682659489
287 0.459672453568
379 0.459669817679
306 0.459667052209
246 0.459590359859
262 0.459589996632
240 0.459555492585
325 0.459547068901
259 0.459511362945
404 0.459508992164
355 0.459502663245
251 0.459502646628
319 0.459487590209
530 0.4594824122
367 0.459460423843
329 0.459422352811
256 0.459418633111
395 0.459413521407
389 0.459412044775
260 0.459396216635
279 0.459376618409
272 0.459369212511
253 0.459359599797
303 0.459353678007
384 0.459338400525
309 0.459305354737
281 0.459304826969
336 0.459297787915
266 0.4592974483
264 0.459236554794
327 0.459233300145
320 0.459227010731
278 0.459226963855
285 0.459192538713
305 0.459176904148
574 0.459165671517
288 0.459158689477
358 0.459155306485
543 0.459146370391
330 0.459120925114
268 0.45911431255
415 0.459090178245
533 0.459079941764
349 0.459079456195
316 0.459070632167
399 0.45902034979
346 0.459001172521
359 0.458998505986
333 0.458985141642
244 0.458940400192
544 0.458939286785
548 0.458915130896
267 0.458911090839
242 0.458907753822
350 0.458898746819
539 0.458898388604
369 0.458897916199
552 0.458862980322
420 0.45885171992
417 0.458838926762
236 0.458835111852
341 0.458829308074
550 0.458794888328
387 0.458788948834
403 0.458764460738
410 0.458761518413
383 0.458735390891
374 0.458731768407
282 0.458726335997
332 0.45870707745
431 0.45869814378
540 0.458682386781
377 0.458655198721
466 0.458645160362
378 0.458638057771
255 0.458604508072
381 0.458585335297
414 0.458582286562
239 0.458576645001
356 0.458538198825
238 0.458528607798
559 0.458476236242
425 0.458434609778
447 0.458367952898
375 0.45836281911
454 0.458358862292
249 0.458349826269
413 0.458327625539
406 0.458323736492
461 0.458321375882
392 0.458310570009
430 0.458299112753
563 0.458272602196
553 0.45826781682
441 0.458261793977
440 0.458247631621
402 0.458244576732
372 0.458185975569
477 0.458142361355
416 0.458118523595
398 0.458108279858
442 0.45810182018
388 0.458093150282
567 0.458076507006
444 0.458066350521
571 0.458060758574
234 0.458059255686
443 0.457988178441
427 0.457943328823
494 0.457941123091
577 0.457937582492
428 0.457935296958
485 0.457908019334
486 0.45790551566
455 0.457899084411
408 0.457890706927
400 0.457874391102
478 0.457871845331
445 0.457854595453
452 0.457853548867
576 0.457831976886
424 0.457816486995
460 0.457784529311
588 0.457757510004
467 0.457754439891
436 0.45772927919
451 0.457728376724
439 0.457724733137
580 0.457715691876
462 0.457706980165
421 0.457704482417
483 0.457679311164
475 0.457640388378
585 0.457591543256
446 0.457568164312
469 0.457546319431
423 0.457540417329
472 0.457532822375
453 0.457531779704
418 0.457519811074
465 0.45747738733
591 0.457472685505
458 0.457469627541
450 0.457468757804
470 0.457464909788
496 0.457429641124
480 0.457416688444
464 0.457403106571
612 0.457385106841
601 0.457359421633
505 0.457351715841
474 0.457341353609
471 0.457337825956
499 0.457331518746
432 0.457316582263
492 0.457308239169
504 0.457307017694
437 0.45728771459
468 0.457267464948
511 0.457265041502
598 0.457234214515
438 0.457212435207
517 0.457210462981
611 0.457200453681
515 0.457197401439
500 0.457195048483
459 0.457191294993
522 0.457140539785
518 0.457120828505
449 0.457069586085
489 0.457067752188
426 0.457055078594
493 0.457036116165
463 0.457025662724
434 0.457016296381
526 0.45701019843
523 0.456977705385
619 0.456969598171
627 0.456965498774
490 0.456946422507
632 0.45694102428
528 0.456902865529
529 0.456896527455
514 0.4568955221
602 0.456870030183
501 0.456846339295
536 0.45681573222
481 0.45677443096
507 0.456752796437
508 0.456747752931
482 0.456715682604
525 0.456653647394
613 0.456652306196
510 0.456651878596
484 0.456647334807
513 0.456636454863
502 0.456633905332
532 0.456628820585
491 0.456594507577
541 0.456581623398
516 0.456575851989
534 0.45656280845
520 0.456551190692
633 0.456515447242
628 0.456502627695
535 0.456493297593
554 0.456482803279
498 0.456471010117
512 0.456451400476
537 0.456450071095
556 0.45644000483
531 0.456423653864
551 0.456410490539
644 0.456382542274
656 0.456295017889
545 0.456293888022
546 0.45627295715
557 0.456265511098
659 0.456258005922
676 0.456225706764
640 0.456211426401
542 0.456192737796
658 0.456171604583
696 0.456143572615
527 0.456132274581
569 0.45613047171
650 0.456110210095
558 0.456066436744
547 0.456044523561
549 0.456035645365
663 0.456035210786
555 0.456006060645
582 0.455958124492
590 0.455950808356
669 0.455948533745
565 0.455944106965
564 0.455927428742
521 0.455901234291
664 0.455893725845
538 0.455852920471
684 0.455847567985
562 0.455823436323
570 0.455814274284
561 0.455777155933
575 0.455768931124
579 0.455759290225
652 0.455748145983
560 0.455738521417
606 0.455717386229
578 0.455678318077
596 0.455677811683
592 0.4556492679
634 0.455646498151
593 0.455626270125
566 0.455618073809
595 0.455615640127
638 0.455602481219
600 0.455591956792
572 0.455533317825
621 0.455527580403
573 0.455504417609
599 0.455495851313
605 0.455475860121
609 0.455457099119
583 0.455446340867
629 0.455445147298
608 0.455434736137
587 0.455434484886
666 0.455426022759
586 0.455425694605
704 0.455413616905
616 0.455404861676
589 0.455367366569
584 0.455344074435
642 0.455325331181
610 0.4553192713
581 0.45528902891
604 0.455261300635
597 0.455257809988
618 0.455256616952
603 0.455254956247
594 0.455243191033
703 0.455218635703
615 0.455189004307
655 0.455186143883
607 0.455180968895
624 0.455125479124
617 0.455124907756
568 0.455118627414
695 0.455106854186
626 0.455086909221
713 0.455069929751
614 0.455065748766
635 0.454984943314
653 0.454983911076
665 0.454977115095
651 0.454950137022
698 0.454949715528
622 0.454903627509
623 0.454891690831
648 0.454884374473
643 0.454870546275
636 0.454859535171
670 0.454850994591
662 0.454821129765
675 0.454815102039
649 0.454798205569
630 0.454782333353
631 0.45478064025
625 0.454745780481
654 0.454738879565
641 0.454724010454
646 0.454716514051
620 0.454716214617
709 0.454712047334
661 0.454708414685
678 0.454706464544
647 0.454658537295
672 0.454636557489
660 0.454631809481
705 0.454628912302
686 0.454626798357
637 0.454559942645
639 0.454542823446
742 0.454540908613
657 0.454530764051
680 0.454508723059
690 0.454496977635
645 0.454495486622
693 0.454473413045
682 0.454472381015
673 0.454471302658
667 0.454463539551
688 0.454434235992
733 0.454379641699
668 0.454357128402
717 0.45434551476
677 0.454338440648
683 0.454305477654
679 0.454304910966
707 0.454288738316
681 0.45425814729
708 0.454252235806
714 0.454244537602
741 0.45422047513
763 0.45420871804
732 0.45420034888
754 0.454200006931
755 0.454112966759
694 0.4541016262
685 0.454100931844
710 0.45409774823
712 0.454090519851
738 0.454079008398
701 0.454060993929
671 0.454059028124
702 0.45404117243
715 0.454032548195
706 0.454015507304
674 0.454012346268
691 0.4539515684
689 0.453941290803
692 0.453922211676
699 0.453911758012
739 0.453847119623
697 0.453842811097
711 0.453823383894
687 0.453818747516
731 0.45380244972
759 0.453777935333
725 0.453753723512
700 0.453733542302
750 0.453729482169
729 0.453707842816
745 0.453675278651
724 0.453668313669
778 0.453639711942
716 0.453626133482
735 0.453617837989
774 0.453616860956
723 0.453584617147
751 0.453584118912
719 0.453572147472
721 0.453536470887
720 0.453530061196
756 0.453517496771
718 0.453500901023
781 0.453478150874
753 0.453461180032
728 0.453450426254
727 0.453429550699
730 0.45338248416
726 0.453351289806
783 0.453348420961
749 0.453346463213
757 0.453345211412
762 0.453312741569
814 0.453286328771
722 0.453283145349
764 0.453278319181
776 0.453256178435
827 0.453245375636
826 0.453242544259
747 0.453235364334
806 0.453227362993
818 0.453227316341
809 0.453208455781
769 0.453165784609
773 0.453139767666
734 0.453099993272
772 0.453091081182
736 0.453085140385
758 0.453076506847
740 0.453063943878
743 0.453061691515
737 0.453049637377
760 0.453046601396
771 0.45302310594
767 0.452982294781
808 0.452977344489
775 0.452968801885
831 0.452964836314
800 0.452962366978
744 0.452959216143
802 0.452957828134
832 0.4529554018
748 0.452945554308
746 0.452928195239
790 0.452905652114
811 0.452855031423
813 0.452834776355
788 0.452825395438
765 0.452788764328
752 0.452785354235
812 0.452741534346
777 0.452718736161
768 0.452689749656
796 0.452674986653
785 0.452673650498
779 0.45265543309
766 0.45263199461
825 0.45263130882
792 0.452615622383
803 0.452604217956
794 0.45259867893
761 0.452563554369
770 0.45252767147
797 0.452485861141
795 0.452460626885
823 0.452423358557
782 0.452401593064
815 0.452392555088
787 0.452384028308
786 0.452383323115
837 0.452361421183
819 0.452350971091
805 0.45234858806
798 0.452329104296
799 0.452275359256
824 0.452255581767
817 0.452236851417
835 0.45221013218
836 0.452178781121
784 0.452167523924
801 0.452166701386
821 0.452131685254
780 0.452086971958
816 0.45205243087
810 0.452042342738
830 0.452026013439
789 0.452016722631
804 0.452004046648
820 0.451972312961
793 0.45196924844
843 0.451909636655
842 0.451866313682
807 0.451714567254
840 0.451701305522
839 0.451699481678
791 0.451681423093
829 0.451656485925
834 0.451627968465
838 0.451593400637
841 0.451534470014
845 0.451440019798
828 0.451396905298
822 0.451066489071
847 0.450995698096
849 0.450966270239
844 0.450896613679
833 0.45088491721
848 0.450340310935
846 0.45029264816
227 0.441935277188
222 0.435153292312
224 0.434853438707
220 0.434728298448
217 0.434584844326
212 0.433263476398
223 0.433253683395
215 0.432935075633
210 0.431560651779
203 0.43145896782
213 0.431319349843
195 0.431169171644
209 0.430924547893
199 0.430836194197
196 0.430680470597
194 0.430488179673
182 0.430481597431
186 0.430477182362
185 0.430441133072
202 0.430424894434
190 0.430380673041
179 0.430366062034
189 0.430224006409
173 0.430148731182
174 0.43000096802
178 0.429965847438
191 0.429908506835
188 0.429831343139
176 0.429598349672
170 0.42950767022
169 0.429441471932
164 0.429409168951
163 0.429383585417
167 0.429314220435
166 0.429071803024
159 0.429040596983
850 0.428972795712
152 0.428296975877
149 0.428228708018
140 0.427801505118
143 0.42776183843
138 0.427732803431
226 0.427628805522
136 0.427518441807
135 0.427393250182
134 0.427296320875
133 0.426948880108
132 0.426948842668
125 0.42669677249
123 0.426566084396
119 0.426333808712
120 0.426272973184
124 0.426235913868
114 0.42611606062
115 0.425963700741
851 0.425914488473
110 0.425587661251
103 0.425551770529
99 0.425349125395
91 0.425212360672
96 0.42519154557
93 0.425150142304
102 0.425094748897
92 0.425088566754
94 0.425033186858
86 0.424929380506
89 0.424791234462
83 0.424762842973
88 0.424743937795
85 0.424724887465
80 0.424659705298
78 0.42465371905
77 0.424629223134
75 0.424566853773
74 0.424556438995
68 0.424346100455
66 0.424338963964
65 0.424335551826
64 0.424310440956
63 0.424299382153
60 0.424207257289
56 0.424060430764
53 0.42402561451
52 0.42392712284
48 0.423779875935
41 0.4236025505
45 0.423453778924
26 0.423395943486
38 0.423372500401
36 0.423370800423
23 0.42329629004
39 0.423280661127
18 0.423199769293
19 0.423174738481
29 0.423138049441
20 0.423134595941
17 0.423116559498
14 0.423112443026
8 0.423110968717
10 0.423034940687
11 0.423033541353
9 0.422985110864
7 0.422819019122
5 0.422741164778
2 0.422512793353
3 0.422432954665
1 0.422394460374
852 0.41733256551
225 0.417062407571
854 0.409256149412
853 0.405621511138
858 0.403967981509
856 0.403454657315
861 0.403126298132
865 0.402392057935
857 0.402119380197
219 0.401984605098
862 0.401910069061
216 0.401842341035
864 0.401694589665
867 0.401592013803
214 0.401377468145
221 0.401310128893
218 0.401166940815
869 0.401092999124
866 0.400971387341
211 0.400811719148
868 0.400530547066
874 0.400033552888
872 0.399718006165
870 0.399648112543
206 0.399625611336
205 0.399571964104
204 0.39947458055
207 0.399230025114
208 0.399179511781
201 0.399107036145
197 0.398976093451
876 0.398518548559
200 0.398464140293
198 0.398297758086
192 0.39825045727
187 0.397980709743
193 0.397725242867
183 0.397610257418
180 0.397457134385
883 0.397171463157
184 0.39709655408
181 0.396984718257
172 0.396971018028
886 0.396883201532
171 0.396847086314
175 0.396793319231
177 0.396782453582
168 0.396503184879
162 0.396118774701
890 0.396103186923
161 0.396037192245
165 0.396011705922
160 0.396005622359
888 0.395722954989
156 0.395684410956
154 0.395672796366
898 0.395331239366
157 0.395272756788
155 0.395233301984
158 0.395214230549
153 0.395210856535
145 0.395199970305
151 0.39507432382
146 0.395073175344
150 0.395040769108
144 0.395015704983
896 0.394987662913
148 0.394932942558
147 0.394808260759
139 0.39468018102
142 0.394570702048
895 0.394554398157
894 0.394519456032
141 0.394444377648
904 0.394324221788
137 0.394000777307
130 0.393872317993
131 0.393824750457
903 0.393757796329
128 0.393565065094
907 0.393515912323
129 0.393419443299
127 0.393364266029
126 0.393358182462
118 0.393139454447
122 0.392949709878
121 0.392908566788
919 0.392784157654
117 0.39278396842
116 0.392773843507
911 0.392727580888
108 0.392587082782
113 0.392570058972
109 0.392528048067
111 0.392509140153
915 0.392495145838
112 0.392433400177
105 0.392320905106
107 0.39230743156
106 0.392290847764
917 0.392273940224
104 0.392250193429
100 0.392059384475
101 0.392037504133
97 0.391928664156
98 0.391922789041
95 0.391920982518
923 0.391863541677
922 0.391837008547
90 0.391714489942
925 0.39164562281
924 0.39164557338
87 0.391471391887
926 0.391443203322
76 0.391376203831
84 0.39127549099
81 0.391262017771
82 0.391214123833
79 0.391162704127
933 0.391054850582
69 0.391038016866
936 0.39091489266
72 0.390890172049
73 0.390883037624
934 0.390830186861
67 0.390772421183
930 0.390765330325
71 0.390761899077
70 0.390752171508
57 0.390745778074
61 0.390689485193
62 0.390604517948
58 0.390574466002
59 0.390529695234
55 0.390500944868
943 0.390370180114
944 0.390367496697
947 0.390358442459
54 0.390355682402
938 0.390340010168
50 0.390251506956
945 0.390250102068
49 0.390241604566
51 0.390127248507
951 0.389994477428
42 0.389963708934
37 0.389925293381
47 0.389909499131
954 0.389904694076
953 0.389884477373
46 0.389874725668
13 0.389855160194
32 0.389853219361
31 0.389841742014
956 0.389821594127
43 0.389820268956
35 0.389813964029
34 0.389799715989
6 0.389784395702
28 0.389780677593
44 0.389771197164
40 0.389761655217
21 0.389740571247
33 0.389690084373
27 0.389684600205
30 0.389665541534
24 0.389630513006
25 0.389614690969
22 0.389602537282
15 0.389574323804
16 0.389568627519
12 0.389562356507
4 0.389463818556
0 0.38936741512
962 0.389268923516
961 0.389225448075
968 0.388841573376
974 0.388770636203
978 0.388609398504
973 0.388598720915
979 0.388400679543
981 0.388266138392
984 0.388235240958
988 0.388162449298
982 0.388146088946
985 0.388121124741
989 0.388048194037
987 0.388008901488
990 0.387890206553
992 0.387805621878
996 0.387758592098
995 0.387712302185
1008 0.387545268582
1011 0.387524512783
1004 0.387475783943
1006 0.387460642557
1002 0.387457428929
1009 0.387441232006
1013 0.387415777172
1015 0.387370586886
1010 0.387305105521
1016 0.387194197091
1022 0.387171228488
1017 0.38714408973
1020 0.387110628027
1019 0.387103574095
1026 0.387089606289
1027 0.387068446984
1029 0.387065160276
1024 0.386962096319
1025 0.386960094755
1035 0.386941341571
1031 0.386923096249
1032 0.386916047572
1037 0.386909311426
1045 0.386849200343
1043 0.386846011675
1040 0.386813496273
1062 0.386811239536
1048 0.386786149332
1049 0.386772651397
1050 0.386772642115
1039 0.386763815444
1041 0.386757810003
1054 0.38672396786
1060 0.386686900098
1055 0.386685870379
1057 0.386658745092
1051 0.386631757155
1061 0.38662123382
1084 0.386563986242
1068 0.38656000152
1067 0.386553001385
1074 0.386544785961
1080 0.386537897134
1073 0.386537376531
1063 0.386530803305
1085 0.386426557209
859 0.386360187173
1087 0.386290663031
855 0.385852017889
860 0.385757826782
863 0.385526878976
873 0.381916366547
871 0.381586549262
877 0.380981129638
875 0.380699583685
879 0.37975578761
880 0.379679715465
878 0.379564322593
881 0.379275465322
887 0.379263596894
885 0.379179994264
889 0.3790365612
882 0.379018923826
884 0.378828518001
891 0.3787096016
900 0.37812952651
892 0.378083249986
893 0.3778444059
897 0.377815415263
899 0.37752643903
902 0.377519515249
901 0.377510814291
906 0.37685775525
908 0.376844721801
909 0.376844721801
905 0.376674143228
914 0.376504304534
910 0.376490010451
912 0.376451446948
913 0.376380823939
918 0.376379735921
916 0.376314383488
920 0.376004255047
921 0.375720212774
927 0.375234486097
928 0.375144451373
929 0.375130973675
931 0.374931098798
937 0.374868698983
932 0.374808382664
935 0.3747472692
939 0.374624777242
940 0.374574516944
941 0.374523572533
942 0.374498127497
946 0.37446944651
948 0.37446042689
949 0.374444318789
950 0.374280908271
955 0.374280110878
957 0.374236520469
952 0.374149927447
958 0.374106552101
959 0.374082171388
960 0.374080647278
963 0.373961562901
964 0.373960461421
966 0.373913658636
969 0.373811573593
970 0.373772150256
971 0.373746583017
967 0.373729579639
965 0.373720829069
972 0.373664819655
975 0.373560587865
976 0.373522422564
977 0.373419521975
986 0.373245244448
980 0.37311213315
983 0.37304860695
997 0.372924696863
994 0.372891291145
991 0.372858375411
993 0.372767035781
998 0.372723133776
999 0.372711609007
1001 0.372578273489
1005 0.372550376197
1000 0.372544583629
1007 0.372539186892
1003 0.372477071492
1012 0.372471549477
1018 0.372361431201
1014 0.372346611944
1023 0.372293422423
1042 0.372236539912
1021 0.372218600864
1028 0.372180067952
1059 0.372023165696
1030 0.371952035671
1034 0.371942219026
1036 0.371858717363
1033 0.371839503559
1047 0.371831215847
1046 0.371778278011
1044 0.371764330585
1038 0.371726077393
1077 0.371723103805
1052 0.371710665575
1053 0.371635220658
1058 0.371586296021
1064 0.37145045846
1056 0.37144255871
1065 0.371420556366
1070 0.371412585503
1066 0.371406099062
1072 0.371295664243
1082 0.371281886261
1076 0.371274525266
1071 0.37126846701
1088 0.371254040395
1069 0.371249718276
1081 0.371228554252
1078 0.371224582523
1075 0.371182543793
1079 0.371176740488
1086 0.371175410865
1083 0.371103378792
