35 1.0
27 0.572513187626
13 0.571980845293
6 0.571645225431
0 0.571096260333
30 0.570132456048
34 0.56912085753
33 0.568656303862
25 0.568597977215
4 0.567288009906
44 0.566882046526
16 0.566735391302
15 0.565491737703
22 0.564903171097
12 0.564689851966
31 0.563606859207
24 0.563123467629
40 0.562877931853
46 0.561061130828
51 0.556223176625
49 0.553799157131
50 0.553605539906
54 0.549625026316
21 0.545867750961
43 0.545181036938
28 0.544785663644
32 0.544784367731
55 0.544110479289
47 0.543741768369
62 0.542180379698
37 0.54199905083
42 0.541336209566
58 0.541258536106
70 0.539391732716
71 0.539359045268
72 0.537037178275
67 0.535806278513
59 0.533148565412
61 0.530624536027
79 0.52997674809
82 0.529322127184
84 0.529103225504
57 0.528761318085
81 0.528719069047
73 0.527942079671
69 0.524472007774
87 0.523846780225
90 0.521017977252
76 0.520136117607
95 0.519777310972
98 0.518032795679
97 0.516981966781
101 0.515907011665
100 0.515835235813
106 0.513159842894
104 0.51258950787
105 0.511677375947
112 0.510997542431
107 0.510931340468
111 0.509800549901
113 0.508890533393
109 0.507510839184
116 0.506578985412
117 0.506464151197
108 0.505957953757
118 0.504655288568
121 0.504339623398
122 0.503995015484
126 0.502103406314
127 0.49978604575
129 0.499328946827
128 0.49699466116
131 0.49471237956
130 0.493880609526
137 0.492940711728
141 0.490436636744
139 0.489206129668
142 0.488357174825
147 0.486595904611
144 0.486081656226
150 0.485946333927
146 0.485710162143
145 0.48565366031
148 0.485648491041
151 0.484992257359
155 0.484639746983
158 0.483838139566
153 0.483676383692
157 0.483266922444
154 0.481824416261
156 0.481736833683
160 0.479452812242
161 0.479172886525
162 0.478561487712
165 0.478471513371
168 0.475960035231
175 0.474818073011
171 0.473541126578
177 0.472773640323
172 0.47271079117
181 0.471460870535
184 0.470751180524
180 0.469466515209
183 0.468616161067
193 0.467046910018
187 0.466366921042
192 0.464622952518
198 0.463820697576
200 0.462868430829
201 0.46147802733
197 0.460544578404
207 0.459538855142
208 0.458984623124
206 0.458541644045
204 0.458433006957
205 0.457317707293
211 0.450440802235
214 0.449159260806
218 0.448460423005
221 0.44766756848
216 0.44523836996
219 0.445004385532
225 0.366282000487
226 0.313970887719
227 0.238893723479
255 0.152041687594
246 0.150603161605
236 0.150089003306
238 0.149842892239
232 0.149704267821
239 0.149335867895
242 0.149160126
234 0.148766675475
249 0.148354714117
231 0.147864372064
244 0.147404194441
284 0.146933944051
293 0.146833901972
304 0.146634492061
282 0.146520904147
257 0.146508200409
268 0.146502498187
288 0.14631462729
259 0.146124786566
327 0.14600487773
291 0.145950697021
285 0.14563463568
274 0.145605635586
278 0.145493868663
318 0.145463942724
261 0.145422431515
281 0.145421483607
262 0.145405211077
266 0.145339168338
264 0.145291235565
283 0.145213253112
263 0.145195584394
346 0.14516658288
286 0.145075287783
354 0.145065544251
272 0.144995003272
279 0.14483285203
301 0.144809401838
277 0.144741475868
275 0.144732353914
302 0.144693818361
309 0.144641652544
306 0.1445978593
294 0.144535000938
299 0.144500168021
289 0.144489800966
355 0.144330831091
312 0.144325989863
320 0.144319034393
303 0.144293242556
315 0.144209698793
307 0.144158983311
341 0.144042583282
328 0.143981528434
308 0.143961462245
326 0.143955677648
317 0.14393872844
325 0.143911262426
311 0.143872590528
350 0.14379114071
324 0.143774869845
322 0.143704370962
329 0.143657385204
336 0.143546249059
313 0.143545167379
337 0.143488941098
335 0.143482561967
349 0.143460595627
343 0.143380314231
367 0.143238117552
370 0.143202068804
344 0.143179771779
353 0.143178835491
334 0.143142952361
369 0.143104451913
358 0.14307219085
351 0.143027035199
237 0.142970929667
267 0.142959915292
413 0.142944963037
253 0.142865279894
410 0.142853021685
377 0.142773303309
362 0.142767805038
368 0.142764525072
388 0.142761952928
374 0.142758688174
378 0.142747262124
371 0.142702149566
387 0.14269126779
251 0.142600257749
443 0.142519901059
381 0.142518404163
256 0.14250972477
271 0.142494652656
428 0.14247386295
240 0.142451965835
260 0.142449300702
376 0.142448403289
392 0.142414128314
405 0.142375172878
314 0.142370425182
430 0.14235825986
403 0.142338084557
394 0.14229274823
316 0.142271829804
391 0.142270585919
414 0.142265203535
332 0.142265072283
298 0.142215090269
254 0.142213141013
280 0.142205438834
407 0.142199279718
245 0.142195513675
412 0.142191184192
404 0.142190894406
402 0.142187889575
287 0.14218253892
305 0.142180321061
295 0.142175437125
269 0.142147267864
258 0.142146906423
389 0.142111499463
247 0.142105597428
333 0.142103536701
296 0.14209370428
229 0.142086649321
292 0.14208120545
241 0.142078798917
233 0.142077848954
445 0.142076245981
409 0.142012698358
426 0.141994457735
331 0.14199130666
270 0.14198495747
470 0.141979264257
235 0.14197674125
273 0.141948797369
416 0.141946559061
276 0.141943137839
252 0.141922401685
340 0.141918580325
248 0.141903916115
330 0.141903781058
429 0.141894348602
418 0.141876543534
290 0.14187284232
415 0.141871834831
434 0.141852456958
423 0.141848032103
300 0.141828327011
356 0.141819638086
357 0.141795524743
265 0.141794484639
372 0.141793547002
347 0.141792312559
323 0.141771517616
297 0.141768191585
243 0.141747377229
425 0.141741242193
431 0.141729716684
433 0.141728943929
319 0.141728280422
339 0.141697079644
471 0.141696752834
375 0.141693990404
348 0.141692785351
437 0.141680705656
250 0.141669143898
441 0.141658164878
359 0.141630216114
230 0.141626333874
338 0.141623121843
435 0.141609141161
366 0.141585479873
439 0.141565265113
384 0.14155961366
490 0.141558464432
310 0.141544776894
459 0.141537147006
352 0.14152518005
361 0.141519116217
436 0.141512369126
345 0.141506907783
492 0.1415066355
321 0.141483278882
451 0.141478430333
444 0.14147635652
442 0.141476023617
379 0.141467797568
364 0.14145837678
452 0.141452461008
382 0.141448164405
385 0.14144766697
498 0.141439869448
386 0.141429082059
342 0.14142682596
373 0.141415364406
453 0.141402337563
380 0.141374812745
360 0.141370372908
365 0.141365699042
462 0.14136142503
457 0.141358311278
469 0.141358229181
456 0.141357013204
468 0.141345605328
463 0.141333103055
363 0.141329477949
458 0.141327408377
477 0.141319777834
396 0.141315458577
399 0.141314729127
491 0.141310696452
417 0.1412846016
401 0.141284244477
455 0.141279645581
390 0.141278349392
397 0.141277137888
408 0.141263999396
464 0.141263312838
478 0.141257529456
395 0.141251206634
465 0.141240723239
398 0.141236535244
485 0.141208814168
486 0.141207586986
467 0.141196588902
432 0.141182878237
475 0.141172296009
440 0.141170004446
512 0.141161494009
406 0.141151772792
383 0.141149501016
489 0.141133824575
421 0.141121519637
422 0.141117574089
400 0.141116588481
493 0.141114041255
474 0.141110202292
484 0.141097450543
411 0.1410932914
420 0.141072337473
482 0.141068173202
424 0.141062554124
501 0.141057261545
393 0.141040429111
502 0.141018011003
525 0.141006608752
438 0.140996050258
419 0.140984338907
449 0.140978119557
505 0.140963878256
499 0.140961859709
500 0.140954390601
427 0.140923253771
450 0.140909533317
503 0.140858927089
448 0.14084386786
515 0.140839832479
461 0.140835353826
446 0.140814215674
466 0.140812984111
523 0.14081218994
518 0.140796289745
454 0.140773870366
529 0.140770229722
513 0.140762958277
460 0.140744812503
526 0.140744742956
521 0.140741943892
447 0.140736251544
472 0.140734669925
522 0.140728510981
528 0.140704220547
481 0.140689757654
476 0.140659135855
480 0.140657717731
531 0.140651529298
536 0.140650008517
473 0.140644110031
483 0.140642434372
524 0.140641388828
532 0.14063503982
520 0.140631796915
534 0.140598435403
494 0.140568607
488 0.140558930163
535 0.140551733375
555 0.140550201216
533 0.140548855065
479 0.140535672173
487 0.140530298458
537 0.140529193699
496 0.140521437418
495 0.140487304324
504 0.14047424507
511 0.140473726473
497 0.1404604403
507 0.14045793287
509 0.140454958228
514 0.140453373709
517 0.140445748401
506 0.140445142517
547 0.140441827395
545 0.140434815226
557 0.140413506096
551 0.140411550628
508 0.140408027881
510 0.14040172321
542 0.140400923798
556 0.140395790198
540 0.140392555442
586 0.140350428917
527 0.140339557418
558 0.140323904059
516 0.140319621563
530 0.140300791625
587 0.140279210559
519 0.140248317876
597 0.140245193992
564 0.140241624489
584 0.140236903594
599 0.14023236853
541 0.140226647025
538 0.140223609719
566 0.140196670565
572 0.140190362113
582 0.140186429642
577 0.140175754039
570 0.140174420517
575 0.140170304644
578 0.140157465578
543 0.140147433308
573 0.140143110307
550 0.140126625917
539 0.140122296276
583 0.140121952847
568 0.140116925448
554 0.140100150653
546 0.140095846441
593 0.140078912573
603 0.140074658712
548 0.140072969112
585 0.140072761259
544 0.140060280609
589 0.140059604817
581 0.140058992179
549 0.140055301543
560 0.140045114861
592 0.140035970831
552 0.140024199113
605 0.140018556678
553 0.140017738402
559 0.140017054998
604 0.140010082283
569 0.139998821247
608 0.139989475852
601 0.139987465479
561 0.139985535461
579 0.139974335271
567 0.13995552323
563 0.139947755835
562 0.13994068765
565 0.139934756635
594 0.139931254453
621 0.139927813906
571 0.139907126906
607 0.13989867857
617 0.139893940213
618 0.139892495489
576 0.139890888027
590 0.139889532494
614 0.139889221653
625 0.139889058324
595 0.139887983903
641 0.139886253606
600 0.139882921104
615 0.13988128324
580 0.139876601434
610 0.139875710244
602 0.139855191512
596 0.139845589922
630 0.139844149046
631 0.13984313596
647 0.139838260861
606 0.139834147829
624 0.139831699886
574 0.139821225014
622 0.139821180474
620 0.139810010772
613 0.139801963802
588 0.139781230863
591 0.13977935546
637 0.139776909929
634 0.139765508339
639 0.139765374762
635 0.139755657754
609 0.139747090632
598 0.139745300652
628 0.139744050601
629 0.139737166984
646 0.139717213649
638 0.139714678618
616 0.139703782091
648 0.13970030134
627 0.139700005625
612 0.139697199599
653 0.139695623431
651 0.139679906383
636 0.139675527012
642 0.13966829717
654 0.139663851716
657 0.139662203729
611 0.139660009214
643 0.139655086361
623 0.139653987855
650 0.139650074283
626 0.139643002145
640 0.139641866938
619 0.139641024876
670 0.139624906113
632 0.139611836882
662 0.139602111821
645 0.139579342975
678 0.139573498328
663 0.1395732419
655 0.139572298303
633 0.139567860658
652 0.139567458492
649 0.139566804883
644 0.139542343802
672 0.139535946906
659 0.139533475122
669 0.139533165475
665 0.139525544939
656 0.139520462881
671 0.139499026019
674 0.139496835841
685 0.139493289066
668 0.139489756453
680 0.139471028011
688 0.139467383328
675 0.139457123526
661 0.139452781364
660 0.139441315547
658 0.139438252443
666 0.13942761653
686 0.139421702642
689 0.139412312647
673 0.139406539856
681 0.139404777895
677 0.139403796401
664 0.139392786804
679 0.139391398786
667 0.139374017558
705 0.139365563921
676 0.139363099717
694 0.139361027542
701 0.139338619085
683 0.139323636378
682 0.139322206912
702 0.1393189918
690 0.139316961863
693 0.139314806673
706 0.139305424515
707 0.139296863988
692 0.139283769296
695 0.139279676792
684 0.139268687838
687 0.13926534066
704 0.13926422076
699 0.139258791515
691 0.139252471933
697 0.139251567547
708 0.139243844623
698 0.139232257836
700 0.139225963936
714 0.139213099592
711 0.139202997602
718 0.13919813691
717 0.139196220946
712 0.139194567829
739 0.139188190833
709 0.139169542706
723 0.139169331186
710 0.139165352917
725 0.139165334589
728 0.139160395832
726 0.139154288047
703 0.139143610766
696 0.139142447422
724 0.139138470157
715 0.139130900639
719 0.139123019848
716 0.139111244828
713 0.139103817236
720 0.139102336886
721 0.139069550309
733 0.139057189445
729 0.139046142953
756 0.139044259635
731 0.139040807262
753 0.139032638863
734 0.139029450033
736 0.139022518138
759 0.139013208231
745 0.139010780825
740 0.139010136945
732 0.139006332979
742 0.139004419749
722 0.139003569558
743 0.138989784931
737 0.13898966271
744 0.138984379953
735 0.138981537596
758 0.138973195105
749 0.138971772773
760 0.138959379635
751 0.13895543732
757 0.138953957017
764 0.13895319703
748 0.138933416456
769 0.138919898287
738 0.13891562128
727 0.138909814231
730 0.138889004198
763 0.138880854687
741 0.138862329985
754 0.138859173387
772 0.138848828627
771 0.138841602431
814 0.138835689659
765 0.138826396512
806 0.138822681936
827 0.138820290092
826 0.138819640525
755 0.138816692869
809 0.138815549114
228 0.13881242837
818 0.138810090054
767 0.138804831605
747 0.138804709921
746 0.138794178095
790 0.138782227584
768 0.138781524059
752 0.138765948091
773 0.138761426934
761 0.138760807353
777 0.138742958548
811 0.138741604336
770 0.138738860643
813 0.138732236599
796 0.138719238169
831 0.138715647422
802 0.138711585519
832 0.138711444441
800 0.138711138002
785 0.138710279288
775 0.138687770264
779 0.13868670274
778 0.138680322954
794 0.138678503123
803 0.138670325787
750 0.138669936693
762 0.138666198116
774 0.138663579364
788 0.13863765697
781 0.138615644652
797 0.13861413788
795 0.138593305742
815 0.138591753009
801 0.138579929728
786 0.138579443816
819 0.138571689749
787 0.138569122532
825 0.138550750602
789 0.138541064922
799 0.138531395552
783 0.138528640772
816 0.138525816277
824 0.138525150265
782 0.138524504747
793 0.138520192525
766 0.138511096457
835 0.138485856046
808 0.138444184154
776 0.138438339483
807 0.138421388831
823 0.138417494479
804 0.138413171237
780 0.138410259426
830 0.138407792772
821 0.138355929768
842 0.138337108304
810 0.138318172941
784 0.138310141164
812 0.138302221088
840 0.138301596662
792 0.138291674509
839 0.138275922343
834 0.138243625113
791 0.138241794599
838 0.13823206502
843 0.138206004161
837 0.138200553884
798 0.138156617426
828 0.138134576445
841 0.138109526557
805 0.138108694155
836 0.13808085604
845 0.138071324703
844 0.138069541619
829 0.138054267756
817 0.138048647646
822 0.138025169867
820 0.137958419416
833 0.137890474895
847 0.137785351365
846 0.13770423694
848 0.137680884054
849 0.13758549195
850 0.128596025935
851 0.127398590546
222 0.125745492555
220 0.125564234615
223 0.125546504946
224 0.125494895335
217 0.125493341273
212 0.124957190514
215 0.12473362292
210 0.124522526439
213 0.124367963032
209 0.12415380372
203 0.124129340529
194 0.1239591672
202 0.123896922993
195 0.123891430189
852 0.123863636174
199 0.123831575581
189 0.123814065749
196 0.123758618601
182 0.123740486593
186 0.123711681393
185 0.123695900297
190 0.123665912683
191 0.123631096824
173 0.12361008165
188 0.123593480344
179 0.123556341283
174 0.123515550796
178 0.123501845035
176 0.123336989359
170 0.123295496774
163 0.123279337458
166 0.123257633312
169 0.123252027808
167 0.12322555389
164 0.123194868131
159 0.123097789872
152 0.122869596808
149 0.122866495485
143 0.122564604771
138 0.122546924361
140 0.122537226115
136 0.122459904807
135 0.122406457561
134 0.122364072143
133 0.122214255914
132 0.122214233021
125 0.122109290308
123 0.122051732
119 0.121988317159
120 0.121926254433
124 0.121920140398
114 0.121840599201
115 0.121825809831
110 0.12164200858
103 0.121628485556
99 0.121533923223
96 0.121502939356
91 0.121479188121
93 0.121470135496
92 0.121456319057
102 0.121432014327
94 0.121423545527
86 0.1213442923
83 0.121312613707
89 0.121297683325
88 0.121296714522
85 0.121287994622
80 0.121239714944
78 0.121237155652
77 0.121232658885
75 0.121191388606
74 0.121187016352
68 0.121105367721
64 0.121102929364
66 0.121102247952
65 0.121100898617
63 0.121086402885
60 0.121046401974
56 0.121003875112
53 0.120968849314
52 0.120920823637
48 0.120864112205
41 0.120796349521
45 0.120727424375
26 0.120707089702
38 0.120692554304
36 0.120691812101
39 0.120661255362
23 0.120654071682
18 0.120622520299
19 0.120607307882
29 0.120598881005
20 0.120590609319
854 0.120586759955
17 0.120582741698
14 0.120580423285
8 0.120578072316
11 0.120546846308
10 0.1205431098
9 0.120525883581
7 0.120459467275
5 0.120424049692
2 0.120322712322
3 0.120289496644
1 0.120275567228
853 0.119919343202
858 0.118440322643
856 0.118201945291
861 0.11809508266
865 0.117790601256
857 0.11766724003
862 0.117571783045
864 0.117468910379
867 0.117465116715
869 0.1172602436
866 0.117174945286
868 0.11702969443
874 0.116823815671
872 0.116682715956
870 0.116651969769
876 0.116193120445
883 0.115651110875
886 0.115535144122
890 0.115203903996
888 0.115042464739
898 0.114899529153
896 0.114749196433
895 0.114567630539
894 0.114559146513
904 0.114487267339
903 0.114250323475
907 0.114150960175
919 0.113856187324
911 0.113829679667
915 0.113734810838
917 0.113640011297
923 0.113477103655
922 0.113464758442
925 0.11338707054
924 0.113384443481
926 0.113305669218
933 0.113149604745
936 0.113092394869
934 0.113058195206
930 0.113026294885
943 0.112867996642
944 0.112866906449
947 0.112865181996
938 0.11285324082
945 0.1128183766
951 0.112714343636
954 0.112679929286
953 0.112669686059
956 0.112644200712
962 0.112418676631
961 0.112400743738
968 0.112243510921
859 0.112219373691
974 0.11221601844
978 0.112150114184
973 0.112144660226
979 0.112066218958
855 0.112021324022
981 0.112011301392
984 0.111998648732
860 0.111979923248
988 0.111968023096
982 0.1119610529
985 0.111950328031
989 0.111921324854
987 0.111905196765
863 0.111886046288
990 0.111856373217
992 0.111823435208
996 0.111803388224
995 0.111785358753
1008 0.111716583367
1011 0.111708144819
1004 0.111688872318
1006 0.111682220907
1002 0.111681434282
1009 0.111674322691
1013 0.111663772766
1015 0.11164536119
1010 0.111618729145
1016 0.111573475999
1022 0.111564319201
1017 0.111552784186
1020 0.111539165371
1019 0.111537143395
1026 0.111531082069
1027 0.111522457974
1029 0.111521120814
1024 0.111479053463
1025 0.111478239451
1035 0.111471011209
1031 0.11146358541
1032 0.111460351541
1037 0.111457667994
1045 0.111433189154
1043 0.111431739796
1040 0.111418586382
1062 0.111417674486
1048 0.111407769333
1049 0.111402233753
1050 0.11140222982
1039 0.111398326451
1041 0.111395877031
1054 0.111382135104
1060 0.111367293455
1055 0.111366555077
1057 0.111355508514
1051 0.111344832214
1061 0.111340049693
1084 0.111317043064
1068 0.111315363397
1067 0.111312499631
1074 0.111309139654
1080 0.11130633637
1073 0.111306156018
1063 0.111303695333
1085 0.111261013824
1087 0.111205866898
873 0.110442524476
871 0.110312982332
877 0.110069138822
875 0.109957963597
879 0.109580520491
880 0.109548953401
878 0.109503628836
881 0.109388242346
887 0.109381984504
885 0.10934947024
889 0.109291443537
882 0.109285800589
884 0.109209424098
891 0.109161110437
900 0.108929519789
892 0.108911492041
893 0.108816275533
897 0.108803729994
899 0.108688775347
902 0.108685164618
901 0.108682514976
906 0.108421786249
909 0.108416335464
908 0.108416335464
905 0.108348089711
914 0.108280062982
910 0.108274213135
912 0.108259376878
913 0.108231157811
918 0.108230152722
916 0.108204604757
920 0.108080198543
921 0.107966585103
927 0.107772827006
928 0.107736673856
929 0.10773129963
931 0.107651489371
937 0.107626585754
932 0.107602575807
935 0.107578302935
939 0.107529192007
940 0.107509321663
941 0.107488780833
942 0.107478855406
946 0.107467661946
948 0.107463608371
949 0.107457176069
950 0.107392150293
955 0.107391639416
957 0.107374243242
952 0.107339857678
958 0.107322771519
959 0.107313033539
960 0.107312142609
963 0.107264615671
964 0.107264175529
966 0.107245527195
969 0.107204814627
970 0.107189069358
971 0.107178866456
967 0.107171987836
965 0.107168613865
972 0.107146223844
975 0.107104538775
976 0.107089390084
977 0.107048303513
986 0.106978872075
980 0.1069258971
983 0.106900543753
997 0.106851000306
994 0.106837648576
991 0.106824506467
993 0.106788079922
998 0.106770548425
999 0.106766043003
1001 0.106712899499
1005 0.106701657199
1000 0.106699455152
1007 0.106697260917
1003 0.106672439355
1012 0.106670295506
1018 0.106626387689
1014 0.106620517336
1023 0.106599270639
1042 0.106576612466
1021 0.106569421243
1028 0.106554087898
1059 0.1064915537
1030 0.106463214119
1034 0.106459256045
1036 0.106425949626
1033 0.106418357783
1047 0.106415040928
1046 0.106393945852
1044 0.106388359799
1038 0.106373144454
1077 0.106371964992
1052 0.106366991826
1053 0.106336880899
1058 0.106317428803
1064 0.10626328359
1056 0.106260145943
1065 0.10625134541
1070 0.106248192125
1066 0.106245605132
1072 0.10620158189
1082 0.106196124247
1076 0.106193189993
1071 0.106190763282
1088 0.106185009779
1069 0.106183299318
1081 0.106174843422
1078 0.106173258532
1075 0.106156533366
1079 0.10615421314
1086 0.106153691427
1083 0.10612498971
