5 1.0
2 0.37553228794
1 0.372799274056
3 0.283119184551
7 0.266352172365
8 0.241518378591
9 0.241081838057
14 0.217282801711
19 0.213959460828
18 0.21275689687
26 0.211684805743
29 0.210844290021
10 0.208499838424
39 0.206683575536
11 0.206326525177
41 0.204038354648
17 0.202424696199
20 0.202189727604
23 0.199622323941
36 0.197645280022
38 0.197633006999
45 0.196165686837
48 0.195469412821
56 0.193064160737
53 0.190311073101
52 0.188841134713
64 0.187323936584
60 0.186828516404
63 0.186113333239
65 0.185543078704
66 0.185208381771
68 0.185126518023
83 0.182549959569
74 0.181857182381
75 0.181807626068
77 0.181788952547
78 0.1817336094
80 0.181680178211
85 0.181169204365
89 0.181164624623
88 0.181032994814
92 0.179094882718
86 0.179038898385
94 0.178599227802
91 0.178414236618
96 0.178338287772
93 0.178198956685
102 0.177772640871
99 0.176437318373
103 0.175039228433
110 0.174969730854
115 0.172712726221
114 0.171703017823
124 0.171616851328
120 0.170609806571
119 0.170510761517
123 0.169429306556
125 0.168661410025
132 0.167984377996
133 0.167984202147
134 0.165622141885
135 0.165135139026
136 0.164853587062
140 0.163571944043
138 0.163559433595
143 0.163276305632
149 0.161077099427
152 0.160406760944
159 0.15831318351
163 0.157681856097
166 0.157271107837
164 0.157265281025
169 0.157263623498
167 0.156750209209
170 0.156080835931
176 0.155949235208
174 0.154548471153
178 0.154330536202
179 0.154262786899
173 0.154059768607
188 0.153877398119
191 0.153577745802
185 0.15324561306
186 0.153116746764
182 0.153114610877
190 0.153014694867
196 0.152809207175
189 0.152613149222
199 0.152279065211
195 0.151855138461
202 0.151782646449
194 0.151645919189
203 0.150223835477
209 0.150091375195
213 0.148810147811
210 0.147956702774
215 0.146680536064
212 0.145197009682
224 0.14211454518
217 0.141913758565
223 0.141660121265
220 0.14152127961
222 0.140538987702
228 0.0609369259831
230 0.0441754243496
243 0.043951972753
232 0.0431014693119
265 0.0430683747456
270 0.04276260935
276 0.0426134118581
269 0.0424088481831
297 0.042397653402
235 0.0423628717809
290 0.0423565354512
236 0.0423100204207
239 0.0422960288847
300 0.0422541081888
296 0.0422362995198
234 0.0421680732121
252 0.0421670999187
310 0.0421648021739
257 0.0421211442339
250 0.0420985497697
240 0.0420336201617
247 0.0419917481001
323 0.0418476443645
342 0.041762201319
302 0.0416821093363
256 0.0416596701868
259 0.0416289592764
260 0.041619863429
261 0.0416004998416
294 0.0415788308787
360 0.0415528109134
267 0.041548806294
292 0.0415355629239
283 0.0415094312933
363 0.0415005492685
266 0.041492817077
264 0.0414814741895
321 0.0414501572026
348 0.0414139563115
352 0.0414058806703
287 0.0414025566391
324 0.0413990130824
272 0.0413845406993
291 0.041362119931
301 0.0413570213707
313 0.0413526233922
285 0.0413491529808
271 0.0413439355947
279 0.0413205001709
286 0.0413026833287
299 0.0412988542472
338 0.0412694088543
298 0.0412423635611
305 0.0412388029519
345 0.0412385818207
337 0.0412312009535
314 0.0412245906578
307 0.0412114211828
306 0.0412109300522
315 0.0412078998657
373 0.0412029158566
303 0.0411819070678
334 0.0411790147828
353 0.0411055284828
339 0.0410810032931
368 0.0410269298029
330 0.0410257185752
365 0.0410168841302
397 0.0410123880342
335 0.0410084463515
325 0.0409990613466
332 0.0409901423222
362 0.0409879607787
380 0.0409621251691
371 0.0409552660137
340 0.0409458674655
411 0.0409425795143
331 0.040929382038
336 0.0409253448534
379 0.040876716265
376 0.0408675602116
349 0.04086434025
382 0.0408627796397
385 0.0408588696769
386 0.0408457580663
420 0.0408436603721
361 0.0408329991092
359 0.0408122789994
370 0.040812178084
408 0.0408034191554
364 0.040789438458
357 0.0407893187295
391 0.0407860994808
369 0.0407834839406
396 0.0407645659048
372 0.0407623562228
374 0.0407477767586
401 0.0407359753635
390 0.0407292608185
377 0.0407108402256
378 0.0407071587515
421 0.040706647363
381 0.0406979997256
393 0.0406851711849
448 0.0406848978395
258 0.0406836936516
384 0.0406832994158
407 0.0406738911084
412 0.0406710676487
244 0.0406708511524
242 0.0406541207342
422 0.0406314655752
394 0.0406312181844
268 0.0406309027875
398 0.0406274776507
392 0.0406240678829
419 0.0406212418549
229 0.0405940688368
233 0.0405914549901
241 0.0405886306762
253 0.0405839693307
405 0.040580901719
402 0.0405756097627
400 0.0405716404466
399 0.0405668899343
255 0.0405641351575
280 0.0405579666568
273 0.0405542622811
262 0.0405531065806
417 0.0405514876998
248 0.0405461014056
435 0.0405456984113
295 0.0405430594571
249 0.0405393763327
406 0.0405162856155
409 0.0405117179306
274 0.0405078527787
316 0.0405057837244
308 0.0405028945678
237 0.0405013989497
245 0.0404982065426
282 0.0404973580571
275 0.0404924340119
254 0.040487927778
284 0.0404870653719
263 0.0404870449963
322 0.0404861451539
454 0.0404824874557
447 0.0404812087725
281 0.0404804983219
304 0.0404804125141
289 0.0404772449956
312 0.0404771977029
278 0.0404748078996
347 0.0404736879813
329 0.0404699238465
333 0.0404674514535
277 0.0404667115592
293 0.0404641438
319 0.0404614242879
432 0.040461193854
318 0.0404611470969
457 0.0404610511815
317 0.040460994516
456 0.0404566456598
246 0.0404476066443
326 0.0404468910372
351 0.0404449706236
288 0.0404445878549
433 0.04044292283
251 0.0404415605793
231 0.0404398828922
429 0.0404390995712
238 0.0404330483654
311 0.0404316787803
341 0.0404230177907
309 0.040422426769
437 0.0404219706153
450 0.0404206728364
344 0.0404204144767
358 0.0404182695975
497 0.0404169483645
366 0.0404156745636
327 0.0404131030628
466 0.0404126412274
367 0.0404118381966
496 0.0404058081307
320 0.0404010225091
427 0.0403913638115
476 0.0403831066431
354 0.0403810715237
487 0.0403802493036
356 0.040378270597
346 0.0403759923372
355 0.0403716179921
328 0.040369606619
350 0.0403695279718
477 0.0403677649703
375 0.0403641455769
343 0.040361415682
449 0.0403606627879
439 0.0403597956499
495 0.040352068232
387 0.0403512002838
519 0.0403382316773
485 0.0403300346813
506 0.0403280480231
486 0.040327737221
389 0.0403151354117
453 0.0403145493973
404 0.0403124630671
395 0.0403008284246
458 0.040295667628
403 0.0402950849038
472 0.0402924019153
494 0.0402914640818
383 0.0402824205184
509 0.0402786611599
415 0.0402751432402
473 0.0402733232207
479 0.040271222785
414 0.0402690007207
388 0.0402682798431
431 0.0402644327107
500 0.0402640352554
480 0.0402635165994
413 0.040262547915
416 0.0402584223563
489 0.040255646395
493 0.0402514273582
484 0.0402461257451
410 0.0402389659924
488 0.0402303890304
514 0.0402286412811
440 0.0402256566373
518 0.0402197715442
482 0.0402177638619
507 0.0402171225432
441 0.040213486576
428 0.0402104915631
515 0.0402046956182
423 0.040203890431
524 0.0402009070729
502 0.0402000322721
418 0.0401997832458
510 0.0401931693933
446 0.0401891333868
430 0.0401881357783
425 0.0401864099101
522 0.0401862055908
508 0.0401858240442
539 0.0401838180903
444 0.0401811510692
503 0.0401765856418
424 0.040175928192
445 0.0401739126428
443 0.0401723054383
461 0.0401713770989
438 0.0401684550214
451 0.0401671521259
559 0.0401667410094
536 0.0401660511692
478 0.0401611937091
442 0.0401579262122
426 0.0401574606753
513 0.0401513140912
436 0.0401489344039
464 0.0401488368887
532 0.040148575243
460 0.0401481107567
516 0.0401461272437
434 0.0401459905545
459 0.0401453493732
563 0.0401448424192
534 0.0401379696923
452 0.0401365145188
548 0.0401332505824
483 0.0401310058425
455 0.0401306207597
469 0.0401279805715
475 0.0401266715883
465 0.0401241297877
530 0.0401238102913
531 0.0401230859316
462 0.0401225290224
552 0.0401201278154
463 0.0401171700074
468 0.0401155682699
550 0.0401138894839
467 0.0401135967819
553 0.0401120597875
527 0.0401117809272
470 0.0401044167416
520 0.0401040692196
576 0.0400993892476
574 0.0400962965709
481 0.0400934771562
471 0.0400934218307
474 0.0400894903463
499 0.0400867719583
561 0.040086191118
538 0.0400806385853
533 0.0400765439563
511 0.0400756442943
541 0.0400755351377
504 0.0400730760102
543 0.0400706910165
492 0.0400701225183
547 0.0400682417956
517 0.0400669058647
556 0.0400658796579
544 0.0400638702091
591 0.0400589489128
505 0.0400571752709
490 0.0400566226806
501 0.040056307369
491 0.0400530626441
549 0.0400525215147
526 0.0400490004115
577 0.0400477746181
540 0.0400464462437
542 0.0400347937133
523 0.0400307359695
512 0.0400285115403
529 0.0400199552194
525 0.0400186667325
498 0.0400176478323
582 0.0400093180664
562 0.0400067043013
588 0.0400063775668
528 0.0399982179294
585 0.0399966368128
567 0.039993004009
612 0.0399909867076
598 0.0399890445666
537 0.0399829195827
571 0.0399800344053
578 0.0399740314505
535 0.0399738713968
546 0.039970667061
521 0.039966566435
601 0.0399661881897
580 0.039965268079
545 0.0399596651027
554 0.0399578992307
632 0.039951408946
573 0.039948044107
596 0.0399437072715
551 0.0399415939145
626 0.039940754446
557 0.0399399516738
627 0.0399371214417
606 0.0399353399243
605 0.0399333942458
581 0.0399296971457
589 0.0399269417605
558 0.0399243004116
633 0.0399239100954
569 0.0399229162239
565 0.0399192436329
560 0.0399175676175
609 0.0399119493114
621 0.0399107713245
611 0.0399079406328
575 0.0399068096736
638 0.0399059637514
564 0.0399057992111
555 0.0399051634474
619 0.0398995255803
617 0.0398993798043
629 0.0398985987919
570 0.0398953133451
590 0.0398945425956
579 0.0398858257092
615 0.0398850469142
594 0.0398846565841
676 0.0398838465523
566 0.0398833457682
602 0.0398753350947
614 0.0398736782581
628 0.0398721303483
572 0.0398718958006
624 0.0398718769316
586 0.0398695571784
623 0.0398684879358
592 0.0398673075757
656 0.039865981686
600 0.0398654971019
595 0.0398641474141
599 0.0398640060685
593 0.0398626648401
613 0.0398613778168
583 0.0398592460977
587 0.0398525762612
635 0.0398500229358
597 0.0398478758873
684 0.0398465202971
653 0.0398462637462
634 0.0398448856659
616 0.0398430041359
664 0.0398420588256
584 0.0398411550818
644 0.0398407875609
568 0.0398389253098
659 0.0398372474082
663 0.0398371475142
640 0.039836807577
608 0.0398335497721
604 0.0398330621368
649 0.0398319597801
650 0.0398301892904
669 0.0398250592526
642 0.0398225857235
658 0.0398189517673
618 0.0398181519032
660 0.039813174535
661 0.0398119586253
643 0.0398108159748
603 0.0398095879357
610 0.0398087259357
607 0.0398080339289
662 0.0398057579108
675 0.0398002836422
655 0.0397955632024
622 0.0397918609431
696 0.0397902993037
652 0.0397866008851
667 0.0397864837224
630 0.0397806274203
645 0.0397804127439
631 0.039780086696
665 0.039779087416
673 0.0397788051049
620 0.0397740363683
651 0.0397739771739
668 0.0397739213774
641 0.0397729550056
648 0.0397698193293
670 0.0397674560719
646 0.0397641477502
647 0.0397634397843
682 0.0397609200669
636 0.0397581301077
625 0.0397553168229
683 0.0397536806517
693 0.0397530283805
654 0.0397502020223
704 0.0397455180887
666 0.0397395007949
686 0.039737839411
703 0.0397369856145
678 0.0397365944068
672 0.0397346876235
677 0.0397320616653
637 0.0397312332075
695 0.0397290206019
639 0.0397289463739
713 0.0397269732296
679 0.0397268703813
717 0.0397255839884
708 0.0397226813314
705 0.0397217279124
714 0.0397208187022
680 0.0397169567932
657 0.0397164473505
688 0.0397117573261
698 0.039709365184
710 0.0397092722309
690 0.0397080040456
715 0.0396986174136
687 0.0396925047429
707 0.0396910717905
697 0.0396866476637
681 0.0396760296285
685 0.0396737895915
712 0.0396710110143
709 0.0396678460457
671 0.039666787597
694 0.0396667819941
731 0.0396658801516
724 0.0396620438953
727 0.0396618552396
729 0.0396611292186
701 0.039660893625
702 0.0396603683884
674 0.0396586734174
706 0.0396566775646
689 0.0396554456503
741 0.0396550453285
730 0.0396544060208
742 0.039651642758
716 0.0396515410772
699 0.039647207747
692 0.039646110191
691 0.0396434618293
735 0.0396430996553
721 0.0396390023073
711 0.0396371659353
733 0.0396356778943
754 0.0396310963998
739 0.0396305880907
725 0.0396267397375
700 0.0396254648326
759 0.0396208248175
763 0.03961682216
745 0.0396157445633
738 0.0396138126918
732 0.0396135797841
723 0.039613113404
722 0.0396110505369
750 0.0396099558274
751 0.039602325172
755 0.0396022384144
719 0.0396006664734
718 0.0395964216476
720 0.0395952674925
747 0.0395938169829
728 0.0395907091277
756 0.0395901159305
753 0.0395871747303
726 0.0395862079162
773 0.0395733761097
757 0.0395722246997
749 0.0395661306077
774 0.0395654695833
764 0.0395651321278
814 0.0395615614289
827 0.0395565723905
783 0.0395563654166
826 0.0395562086889
767 0.0395553423279
778 0.039553953258
769 0.0395538574751
806 0.0395537937355
775 0.0395536656299
746 0.0395534319866
818 0.0395515510666
809 0.039551533471
781 0.0395491774453
758 0.039547639554
760 0.0395441392536
734 0.0395427538006
752 0.0395413908056
766 0.0395408355731
736 0.0395407493727
772 0.0395405314385
743 0.0395404773025
771 0.039538207392
740 0.0395375109038
737 0.0395371630204
744 0.0395348361994
788 0.0395305993576
748 0.0395264861111
800 0.0395244594088
802 0.0395241909475
831 0.0395228877572
762 0.0395226344246
776 0.0395225076245
790 0.0395219681548
832 0.0395216543644
811 0.0395105208591
813 0.0395081864028
825 0.0395031042073
765 0.0395003171125
777 0.0394993142258
785 0.0394979650745
808 0.0394927684153
779 0.0394912110434
796 0.0394905191231
768 0.0394883176044
803 0.0394876803006
787 0.0394848450815
812 0.0394839918757
794 0.0394839341903
761 0.0394767395092
784 0.03947511867
782 0.0394749759787
770 0.0394740080883
797 0.0394702663088
823 0.0394696564688
792 0.0394672828821
815 0.0394592808799
795 0.0394576716112
819 0.0394540417498
786 0.0394505884926
821 0.0394463654684
824 0.0394458616554
799 0.0394453714362
798 0.0394404784584
810 0.0394385014239
835 0.0394352468039
804 0.0394339630227
801 0.0394324639086
780 0.0394286967427
816 0.0394226086545
789 0.0394223215724
837 0.039420054723
836 0.0394164849621
793 0.0394163927768
805 0.0394155761557
817 0.0394125095357
843 0.0394070884999
830 0.0394044305477
791 0.0393898545128
834 0.0393892039473
842 0.0393847679856
807 0.0393818200117
840 0.0393751665924
841 0.0393737990107
820 0.0393691325914
839 0.0393655408438
845 0.0393620829425
828 0.0393593098894
838 0.0393544107812
822 0.0393245037972
829 0.0393235035007
844 0.039287385734
833 0.0392774050112
849 0.0392675589289
847 0.0392432329677
846 0.0392291825474
848 0.0392232664466
227 0.0384725007031
850 0.0365768489588
226 0.0365747251806
851 0.0362070264521
225 0.0354084053408
852 0.0351591117845
854 0.0341733658978
853 0.0338824065227
858 0.0335325382477
219 0.0334830959124
216 0.0334703506959
856 0.0334638608518
861 0.0334293595044
221 0.0334109308389
218 0.0334064697007
214 0.0334048056147
211 0.0333600750297
865 0.0333390134688
857 0.0333018152722
862 0.033275405004
864 0.0332448618195
867 0.0332412989645
206 0.0331934291692
205 0.0331926493137
204 0.0331888596715
869 0.0331801580605
866 0.0331569761265
207 0.0331497447011
208 0.0331482777668
197 0.0331315140448
201 0.0331309737991
868 0.0331112441545
200 0.0330678709357
874 0.0330501778326
198 0.0330472826103
192 0.033040783963
872 0.0330086940263
870 0.0329991568351
187 0.0329989789935
193 0.0329702717729
183 0.032953434481
180 0.0329346704724
184 0.0328931511262
181 0.032879000142
172 0.0328755000078
876 0.0328624087856
171 0.0328601170639
177 0.0328578940199
175 0.0328507459507
168 0.0328178503933
162 0.0327713340362
165 0.0327635400381
161 0.0327612927042
160 0.0327574944372
156 0.0327181639194
154 0.0327167563421
883 0.0326999171626
157 0.0326724220485
155 0.0326657488183
886 0.0326650173536
153 0.0326644755004
158 0.0326609512166
145 0.0326591612371
146 0.0326460081719
151 0.0326438839789
150 0.032639793798
144 0.0326390152695
148 0.0326302518175
147 0.0326148245345
139 0.0325978347965
142 0.0325855344237
890 0.0325671063579
141 0.032566965103
888 0.0325190296871
137 0.0325152753639
130 0.0324976908648
131 0.0324935531621
898 0.0324752069107
128 0.0324615157121
129 0.0324417140213
127 0.0324349921641
126 0.0324339580117
896 0.0324311582073
118 0.0324086759942
122 0.0323843067631
121 0.0323792257061
895 0.0323770026345
894 0.0323739099633
117 0.0323636078412
116 0.0323623512997
904 0.032352104929
108 0.0323401563588
113 0.0323386136739
109 0.0323340376737
111 0.0323300855011
112 0.0323205733911
105 0.0323070318872
107 0.032305705731
106 0.0323034519598
104 0.0322984111606
903 0.0322814633873
100 0.0322754918602
101 0.032273321605
95 0.0322592207718
97 0.0322591436783
98 0.0322585508531
907 0.032251876311
90 0.0322333292476
87 0.0322033149596
76 0.0321920639937
84 0.0321793161906
81 0.0321783576909
82 0.0321719906148
79 0.0321657086723
919 0.0321637089674
911 0.0321558489842
69 0.0321507273551
72 0.0321323259945
73 0.0321322402768
915 0.032127527841
67 0.0321181432326
71 0.0321172462266
70 0.0321160541337
57 0.0321150188727
61 0.0321084006303
917 0.0320996389241
62 0.0320974611177
58 0.0320939710352
59 0.0320889543311
55 0.0320848707536
54 0.0320671056779
50 0.0320547114432
49 0.0320534989112
923 0.0320505635976
922 0.0320472386351
51 0.0320395997339
925 0.0320237772874
924 0.03202323259
42 0.0320194692131
37 0.0320147758754
47 0.0320130408905
46 0.0320085556426
13 0.0320062630081
32 0.0320060993632
31 0.0320045021836
43 0.0320021274705
35 0.0320010185961
926 0.0319993697984
34 0.0319992821652
6 0.031997620869
28 0.0319970978712
44 0.0319960371438
40 0.0319947433703
21 0.0319921970589
33 0.0319861181496
27 0.0319852321477
30 0.0319831155172
24 0.031978721504
25 0.0319767421287
22 0.0319752625625
15 0.0319718578793
16 0.031971118889
12 0.0319703561456
4 0.0319583148262
933 0.0319527209743
0 0.0319465298163
936 0.0319356431909
934 0.0319254147487
930 0.031916202965
943 0.0318686834038
944 0.0318683572651
947 0.0318677995448
938 0.0318645017837
945 0.0318539281212
951 0.0318229930246
954 0.0318125533388
953 0.0318095125431
956 0.0318019536647
962 0.0317346604147
961 0.0317293030003
968 0.0316823448412
974 0.031674010505
978 0.0316543916879
973 0.0316528167278
979 0.0316292646568
981 0.0316128683421
984 0.0316090949445
988 0.0316000099414
982 0.0315979666358
985 0.0315947679692
859 0.0315902339426
989 0.0315861021384
987 0.0315812844086
990 0.0315667090976
992 0.03155678287
996 0.0315508756
995 0.0315454177621
855 0.031530784848
1008 0.0315249232104
1011 0.0315224027366
860 0.0315183400387
1004 0.0315166134631
1006 0.0315146359035
1002 0.0315144116317
1009 0.0315122773324
1013 0.0315091793545
1015 0.0315036825818
1010 0.0314956966379
863 0.0314910641802
1016 0.0314822111251
1022 0.0314794350767
1017 0.0314760326107
1020 0.0314719659292
1019 0.0314713320345
1026 0.0314695125124
1027 0.0314669383277
1029 0.0314665390274
1024 0.0314539915782
1025 0.0314537484117
1035 0.0314515705084
1031 0.0314493696937
1032 0.0314484046725
1037 0.0314475931703
1045 0.0314402856434
1043 0.0314398848568
1040 0.0314359362461
1062 0.0314356716841
1048 0.0314326911603
1049 0.031431041644
1050 0.0314310404798
1039 0.0314298883372
1041 0.0314291572666
1054 0.0314250529386
1060 0.0314206107319
1055 0.0314204201867
1057 0.0314171214742
1051 0.0314139149927
1061 0.031412505237
1084 0.0314056104539
1068 0.0314051187895
1067 0.03140426347
1074 0.0314032779417
1080 0.0314024406298
1073 0.0314023707705
1063 0.0314016342659
1085 0.0313889076984
1087 0.03137242292
873 0.0310613883068
871 0.0310225992165
877 0.0309502011656
875 0.030917209189
879 0.0308046154943
880 0.0307953838515
878 0.0307819761564
881 0.0307474205388
887 0.0307457125621
885 0.0307360437837
889 0.0307187707592
882 0.0307169023187
884 0.0306942220585
891 0.0306798047806
900 0.0306110740362
892 0.0306055533823
893 0.0305772258618
897 0.0305736231276
899 0.0305394303859
902 0.0305383747927
901 0.030537453738
906 0.0304598678398
908 0.0304582601824
909 0.0304582601824
905 0.0304380535023
914 0.0304178379455
910 0.0304160649595
912 0.0304115537866
913 0.0304031605603
918 0.0304028635138
916 0.0303952677813
920 0.0303582685284
921 0.0303245661382
927 0.0302669251427
928 0.0302561564424
929 0.0302545609832
931 0.0302308277919
937 0.0302234055282
932 0.0302162518455
935 0.0302090398789
939 0.0301944412653
940 0.0301885186933
941 0.0301824215055
942 0.0301794643425
946 0.030176091481
948 0.0301749310081
949 0.0301730182771
950 0.0301536747133
955 0.0301535184925
957 0.0301483452544
952 0.0301381211981
958 0.0301329991737
959 0.0301301042402
960 0.030129884455
963 0.0301157471716
964 0.0301156162548
966 0.03011002829
969 0.0300979231347
970 0.0300932422803
971 0.0300902069494
967 0.0300881780614
965 0.0300871879479
972 0.030080536812
975 0.0300681292953
976 0.0300636183737
977 0.030051393878
986 0.0300307684209
980 0.030014981386
983 0.030007442673
997 0.0299927110668
994 0.0299887558469
991 0.0299848449147
993 0.0299740129247
998 0.0299688043903
999 0.029967473524
1001 0.0299516528999
1005 0.0299483182698
1000 0.0299476690711
1007 0.0299469991465
1003 0.029939633605
1012 0.0299389811633
1018 0.0299259257896
1014 0.0299241838025
1023 0.029917863304
1042 0.0299111277495
1021 0.0299089963631
1028 0.0299044294922
1059 0.0298858388292
1030 0.0298774247976
1034 0.0298762421303
1036 0.0298663419548
1033 0.0298640878021
1047 0.0298630991415
1046 0.0298568210254
1044 0.0298551643185
1038 0.0298506446752
1077 0.0298502857973
1052 0.0298488168459
1053 0.0298398608318
1058 0.0298340810019
1064 0.029817979235
1056 0.0298170489217
1065 0.0298144305635
1070 0.0298134877112
1066 0.0298127233027
1072 0.0297996362832
1082 0.0297980138624
1076 0.0297971355636
1071 0.0297964192952
1088 0.0297947058836
1069 0.0297942020157
1081 0.0297916876409
1078 0.0297912162191
1075 0.0297862448658
1079 0.0297855532482
1086 0.029785402075
1083 0.029776867395
