0 1
1 1
2 0
3 1
4 0
5 1
6 0
7 0
8 1
9 1
10 1
11 1
12 0
13 1
14 0
15 1
16 1
17 0
18 1
19 1
20 0
21 1
22 1
23 1
24 0
25 0
26 0
27 0
28 1
29 0
30 1
31 1
32 1
33 1
34 1
35 1
36 1
37 0
38 1
39 1
40 1
41 0
42 0
43 0
44 0
45 0
46 0
47 0
48 1
49 1
50 0
51 1
52 0
53 0
54 1
55 1
56 1
57 1
58 1
59 0
60 1
61 1
62 1
63 1
64 1
65 0
66 1
67 1
68 1
69 0
70 1
71 1
72 1
73 0
74 1
75 0
76 0
77 0
78 1
79 0
80 1
81 1
82 1
83 1
84 0
85 1
86 1
87 1
88 0
89 1
90 1
91 1
92 1
93 1
94 1
95 1
96 0
97 0
98 1
99 1
100 1
101 1
102 1
103 1
104 0
105 1
106 1
107 1
108 1
109 0
110 0
111 0
112 0
113 0
114 1
115 1
116 1
117 0
118 1
119 1
120 1
121 1
122 1
123 0
124 0
125 1
126 1
127 1
128 0
129 0
130 0
131 1
132 0
133 1
134 1
135 0
136 1
137 0
138 0
139 1
140 1
141 1
142 1
143 1
144 0
145 0
146 1
147 1
148 1
149 1
150 0
151 1
152 1
153 1
154 1
155 1
156 1
157 0
158 1
159 1
160 0
161 0
162 0
163 1
164 1
165 1
166 0
167 0
168 1
169 0
170 1
171 0
172 1
173 0
174 0
175 0
176 1
177 1
178 0
179 1
180 1
181 0
182 0
183 1
184 0
185 1
186 1
187 0
188 1
189 1
190 1
191 1
192 0
193 1
194 1
195 0
196 1
197 1
198 1
199 1
200 1
201 1
202 0
203 1
204 1
205 1
206 0
207 1
208 0
209 1
210 0
211 1
212 1
213 0
214 1
215 0
216 1
217 0
218 0
219 0
220 1
221 0
222 1
223 1
224 0
225 0
226 1
227 1
228 1
229 0
230 1
231 1
232 0
233 1
234 1
235 1
236 0
237 1
238 1
239 0
240 0
241 1
242 1
243 1
244 0
245 0
246 0
247 1
248 1
249 1
250 0
251 1
252 0
253 0
254 1
255 0
256 0
257 0
258 0
259 1
260 1
261 1
262 1
263 1
264 1
265 0
266 1
267 1
268 1
269 1
270 1
271 0
272 0
273 1
274 0
275 1
276 0
277 1
278 0
279 0
280 1
281 1
282 1
283 1
284 0
285 0
286 1
287 0
288 1
289 1
290 1
291 1
292 0
293 0
294 0
295 1
296 0
297 1
298 1
299 0
300 1
301 0
302 1
303 1
304 1
305 0
306 1
307 0
308 0
309 0
310 0
311 1
312 1
313 1
314 1
315 0
316 1
317 0
318 0
319 1
320 1
321 0
322 0
323 0
324 0
325 0
326 0
327 0
328 0
329 1
330 0
331 0
332 1
333 1
334 0
335 1
336 1
337 1
338 0
339 1
340 0
341 0
342 0
343 0
344 0
345 1
346 1
347 0
348 0
349 0
350 0
351 1
352 0
353 1
354 1
355 0
356 0
357 1
358 0
359 1
360 1
361 1
362 0
363 1
364 1
365 0
366 0
367 1
368 1
369 0
370 1
371 0
372 0
373 1
374 0
375 1
376 0
377 1
378 0
379 0
380 1
381 0
382 0
383 0
384 1
385 1
386 1
387 1
388 0
389 0
390 1
391 1
392 1
393 1
394 1
395 1
396 1
397 1
398 1
399 0
400 1
401 0
402 1
403 0
404 0
405 0
406 0
407 0
408 1
409 0
410 1
411 1
412 0
413 0
414 1
415 0
416 0
417 1
418 1
419 1
420 0
421 0
422 0
423 1
424 1
425 0
426 0
427 1
428 1
429 0
430 0
431 0
432 0
433 0
434 1
435 0
436 0
437 0
438 1
439 1
440 1
441 1
442 0
443 1
444 1
445 0
446 0
447 1
448 1
449 0
450 1
451 1
452 1
453 1
454 1
455 0
456 1
457 1
458 0
459 0
460 1
461 0
462 0
463 1
464 0
465 1
466 1
467 1
468 1
469 1
470 1
471 0
472 1
473 1
474 0
475 1
476 1
477 0
478 0
479 0
480 0
481 1
482 0
483 0
484 0
485 0
486 1
487 1
488 1
489 0
490 1
491 1
492 1
493 1
494 0
495 0
496 1
497 0
498 1
499 1
500 1
501 0
502 0
503 0
504 1
505 1
506 1
507 0
508 1
509 1
510 1
511 0
512 0
513 1
514 1
515 0
516 0
517 1
518 1
519 0
520 0
521 0
522 0
523 1
524 1
525 0
526 1
527 0
528 0
529 1
530 1
531 0
532 0
533 0
534 1
535 0
536 0
537 0
538 1
539 0
540 1
541 1
542 0
543 1
544 0
545 1
546 1
547 0
548 0
549 0
550 0
551 0
552 1
553 1
554 0
555 1
556 0
557 1
558 1
559 0
560 1
561 0
562 0
563 1
564 0
565 0
566 0
567 1
568 0
569 1
570 0
571 0
572 0
573 0
574 1
575 0
576 0
577 0
578 0
579 0
580 1
581 0
582 0
583 0
584 0
585 0
586 1
587 0
588 1
589 0
590 0
591 3
592 3
593 2
594 2
595 3
596 2
597 2
598 3
599 3
600 2
601 2
602 2
603 2
604 2
605 3
606 2
607 3
608 2
609 2
610 2
611 2
612 3
613 3
614 2
615 2
616 2
617 2
618 3
619 3
620 3
621 2
622 2
623 3
624 2
625 2
626 3
627 3
628 2
629 3
630 2
631 2
632 3
633 3
634 3
635 2
636 2
637 3
638 2
639 2
640 3
641 2
642 2
643 2
644 3
645 2
646 2
647 3
648 3
649 2
650 2
651 2
652 2
653 3
654 2
655 3
656 3
657 3
658 3
659 2
660 2
661 2
662 2
663 2
664 3
665 3
666 2
667 2
668 3
669 2
670 2
671 2
672 2
673 3
674 3
675 3
676 2
677 2
678 2
679 3
680 2
681 3
682 2
683 3
684 3
685 3
686 2
687 3
688 2
689 2
690 3
691 3
692 2
693 2
694 2
695 2
696 3
697 3
698 3
699 2
700 3
701 2
702 2
703 3
704 3
705 3
706 3
707 2
708 2
709 3
710 2
711 3
712 3
713 3
714 3
715 3
716 2
717 3
718 2
719 2
720 2
721 2
722 2
723 3
724 3
725 2
726 2
727 2
728 2
729 2
730 2
731 2
732 3
733 3
734 2
735 3
736 2
737 2
738 2
739 3
740 3
741 2
742 2
743 2
744 3
745 2
746 3
747 2
748 2
749 3
750 3
751 3
752 3
753 3
754 3
755 2
756 2
757 2
758 3
759 3
760 2
761 2
762 2
763 3
764 2
765 2
766 2
767 3
768 3
769 2
770 2
771 2
772 3
773 2
774 3
775 3
776 2
777 2
778 3
779 3
780 3
781 2
782 3
783 2
784 2
785 3
786 3
787 2
788 3
789 2
790 3
791 2
792 3
793 2
794 2
795 2
796 3
797 2
798 2
799 3
800 2
801 2
802 3
803 3
804 3
805 2
806 3
807 2
808 3
809 3
810 3
811 3
812 3
813 2
814 2
815 2
816 3
817 2
818 2
819 2
820 2
821 2
822 2
823 3
824 3
825 2
826 3
827 3
828 2
829 3
830 2
831 3
832 3
833 3
834 3
835 3
836 2
837 2
838 2
839 2
840 3
841 2
842 3
843 3
844 3
845 3
846 3
847 2
848 2
849 3
850 3
851 2
852 3
853 2
854 2
855 2
856 2
857 3
858 2
859 3
860 3
861 2
862 3
863 2
864 3
865 2
866 2
867 3
868 3
869 2
870 2
871 3
872 2
873 2
874 2
875 2
876 2
877 3
878 3
879 2
880 2
881 3
882 2
883 2
884 3
885 3
886 3
887 3
888 3
889 2
890 3
891 3
892 3
893 3
894 3
895 3
896 3
897 3
898 3
899 2
900 3
901 2
902 3
903 3
904 3
905 3
906 2
907 3
908 3
909 2
910 3
911 3
912 3
913 3
914 2
915 3
916 2
917 3
918 2
919 3
920 2
921 2
922 3
923 2
924 3
925 3
926 3
927 2
928 2
929 3
930 2
931 2
932 3
933 3
934 2
935 2
936 3
937 3
938 2
939 3
940 2
941 3
942 2
943 2
944 2
945 2
946 2
947 3
948 2
949 3
950 2
951 2
952 3
953 2
954 2
955 3
956 2
957 3
958 2
959 2
960 3
961 3
962 3
963 3
964 2
965 3
966 2
967 3
968 2
969 2
970 3
971 3
972 3
973 3
974 2
975 3
976 3
977 2
978 2
979 3
980 2
981 2
982 2
983 2
984 2
985 3
986 2
987 3
988 2
989 2
990 2
991 3
992 2
993 2
994 2
995 2
996 2
997 2
998 3
999 2
1000 2
1001 2
1002 3
1003 3
1004 2
1005 2
1006 2
1007 2
1008 2
1009 3
1010 3
1011 3
1012 2
1013 2
1014 2
1015 2
1016 3
1017 3
1018 2
1019 3
1020 3
1021 2
1022 2
1023 3
1024 3
1025 2
1026 3
1027 2
1028 3
1029 2
1030 3
1031 2
1032 2
1033 2
1034 2
1035 2
1036 3
1037 2
1038 2
1039 3
1040 3
1041 2
1042 2
1043 3
1044 3
1045 3
1046 2
1047 3
1048 2
1049 2
1050 3
1051 2
1052 2
1053 2
1054 2
1055 2
1056 2
1057 2
1058 2
1059 2
1060 3
1061 2
1062 3
1063 2
1064 3
1065 3
1066 3
1067 3
1068 3
1069 2
1070 2
1071 2
1072 3
1073 3
1074 2
1075 3
1076 2
1077 2
1078 2
1079 3
1080 3
1081 2
1082 2
1083 3
1084 3
1085 2
1086 2
1087 2
1088 3
1089 2
1090 2
1091 3
1092 3
1093 2
1094 3
1095 2
1096 3
1097 3
1098 3
1099 3
1100 2
1101 2
1102 2
1103 3
1104 3
1105 3
1106 3
1107 3
1108 2
1109 2
1110 3
1111 3
1112 2
1113 3
1114 3
1115 2
1116 3
1117 3
1118 3
1119 2
1120 3
1121 3
1122 3
1123 2
1124 3
1125 2
1126 3
1127 2
1128 2
1129 2
1130 2
1131 3
1132 2
1133 2
1134 2
1135 2
1136 2
1137 3
1138 3
1139 3
1140 2
1141 3
1142 3
1143 2
1144 3
1145 2
1146 3
1147 2
1148 2
1149 3
1150 3
1151 3
1152 2
1153 2
1154 3
1155 3
1156 3
1157 3
1158 2
1159 3
1160 2
1161 3
1162 3
1163 2
1164 3
1165 3
1166 3
1167 3
1168 2
1169 2
1170 2
1171 3
1172 3
