0 2
1 0
2 3
3 1
4 3
5 1
6 1
7 0
8 0
9 1
10 0
11 0
12 1
13 2
14 0
15 0
16 0
17 0
18 1
19 2
20 2
21 3
22 3
23 0
24 2
25 0
26 0
27 1
28 0
29 0
30 0
31 3
32 0
33 2
34 2
35 0
36 2
37 2
38 3
39 0
40 0
41 2
42 1
43 1
44 3
45 0
46 3
47 3
48 1
49 1
50 3
51 2
52 1
53 0
54 1
55 0
56 1
57 3
58 1
59 2
60 0
61 0
62 0
63 2
64 0
65 2
66 2
67 2
68 3
69 0
70 0
71 0
72 1
73 2
74 3
75 2
76 0
77 1
78 0
79 1
80 1
81 0
82 3
83 0
84 3
85 3
86 1
87 2
88 2
89 2
90 3
91 2
92 0
93 3
94 0
95 0
96 2
97 0
98 0
99 1
100 0
101 3
102 2
103 0
104 1
105 3
106 1
107 2
108 0
109 0
110 3
111 1
112 3
113 2
114 1
115 2
116 0
117 2
118 0
119 0
120 0
121 0
122 1
123 0
124 2
125 2
126 1
127 1
128 0
129 0
130 0
131 0
132 2
133 1
134 1
135 3
136 0
137 0
138 1
139 0
140 1
141 0
142 1
143 0
144 1
145 3
146 2
147 3
148 1
149 1
150 1
151 3
152 0
153 1
154 1
155 1
156 0
157 2
158 0
159 0
160 1
161 3
162 3
163 3
164 2
165 3
166 0
167 1
168 2
169 0
170 0
171 0
172 0
173 0
174 2
175 0
176 3
177 1
178 0
179 0
180 3
181 1
182 0
183 0
184 0
185 0
186 0
187 1
188 1
189 2
190 0
191 3
192 3
193 0
194 1
195 2
196 0
197 2
198 0
199 2
200 0
201 3
202 2
203 2
204 0
205 1
206 0
207 2
208 0
209 0
210 1
211 2
212 0
213 2
214 1
215 0
216 0
217 2
218 2
219 0
220 3
221 0
222 0
223 0
224 3
225 1
226 0
227 0
228 2
229 0
230 0
231 3
232 1
233 3
234 1
235 3
236 1
237 1
238 1
239 0
240 1
241 2
242 1
243 1
244 1
245 2
246 2
247 0
248 3
249 3
250 2
251 1
252 2
253 0
254 1
255 0
256 2
257 3
258 1
259 2
260 1
261 0
262 0
263 1
264 3
265 3
266 0
267 0
268 0
269 0
270 1
271 3
272 1
273 2
274 0
275 0
276 0
277 0
278 1
279 0
280 0
281 0
282 0
283 0
284 0
285 3
286 3
287 1
288 3
289 1
290 2
291 3
292 0
293 3
294 2
295 0
296 1
297 0
298 3
299 0
300 0
301 1
302 0
303 3
304 3
305 1
306 3
307 1
308 0
309 3
310 2
311 1
312 0
313 1
314 0
315 0
316 1
317 1
318 2
319 0
320 2
321 0
322 0
323 2
324 0
325 2
326 2
327 2
328 0
329 3
330 0
331 3
332 0
333 0
334 0
335 2
336 2
337 3
338 3
339 2
340 2
341 0
342 2
343 2
344 3
345 0
346 3
347 2
348 0
349 2
350 0
351 0
352 2
353 3
354 1
355 3
356 2
357 3
358 3
359 2
360 2
361 1
362 2
363 1
364 1
365 0
366 2
367 1
368 3
369 1
370 0
371 1
372 1
373 1
374 1
375 0
376 0
377 0
378 3
379 1
380 0
381 0
382 0
383 0
384 0
385 0
386 3
387 2
388 0
389 0
390 3
391 3
392 2
393 2
394 1
395 3
396 0
397 0
398 3
399 3
400 0
401 2
402 0
403 2
404 1
405 2
406 1
407 2
408 0
409 0
410 0
411 2
412 3
413 0
414 3
415 0
416 1
417 1
418 0
419 0
420 3
421 0
422 0
423 3
424 1
425 1
426 0
427 0
428 0
429 0
430 1
431 2
432 2
433 1
434 1
435 2
436 0
437 2
438 2
439 1
440 0
441 0
442 0
443 1
444 0
445 2
446 0
447 3
448 0
449 1
450 0
451 2
452 1
453 1
454 2
455 3
456 1
457 2
458 0
459 1
460 0
461 0
462 3
463 0
464 1
465 2
466 3
467 2
468 2
469 0
470 1
471 1
472 2
473 1
474 0
475 0
476 1
477 2
478 2
479 0
480 3
481 3
482 3
483 3
484 0
485 0
486 0
487 0
488 0
489 2
490 2
491 2
492 3
493 1
494 1
495 1
496 0
497 0
498 3
499 1
500 1
501 2
502 0
503 3
504 2
505 0
506 0
507 0
508 0
509 0
510 2
511 0
512 2
513 2
514 0
515 3
516 3
517 1
518 2
519 0
520 0
521 1
522 3
523 2
524 0
525 0
526 1
527 3
528 2
529 0
530 0
531 0
532 0
533 0
534 0
535 2
536 0
537 0
538 0
539 2
540 2
541 0
542 2
543 0
544 3
545 0
546 0
547 0
548 3
549 1
550 0
551 0
552 1
553 3
554 1
555 3
556 2
557 1
558 0
559 3
560 0
561 1
562 3
563 0
564 1
565 1
566 0
567 3
568 0
569 0
570 1
571 2
572 1
573 0
574 2
575 0
576 1
577 2
578 0
579 2
580 0
581 3
582 3
583 3
584 2
585 1
586 2
587 0
588 0
589 1
590 2
591 1
592 1
593 2
594 2
595 3
596 0
597 0
598 0
599 0
600 3
601 1
602 0
603 2
604 0
605 2
606 1
607 3
608 2
609 0
610 1
611 2
612 1
613 2
614 3
615 0
616 0
617 2
618 1
619 3
620 1
621 2
622 0
623 1
624 0
625 2
626 0
627 1
628 2
629 1
630 1
631 0
632 2
633 1
634 1
635 0
636 0
637 2
638 0
639 2
640 3
641 0
642 1
643 1
644 1
645 1
646 0
647 1
648 3
649 3
650 3
651 0
652 1
653 3
654 0
655 3
656 1
657 3
658 2
659 0
660 0
661 0
662 2
663 1
664 1
665 1
666 0
667 1
668 3
669 0
670 2
671 1
672 0
673 0
674 1
675 2
676 1
677 1
678 0
679 3
680 1
681 0
682 3
683 0
684 2
685 0
686 3
687 3
688 1
689 2
690 3
691 3
692 1
693 1
694 1
695 1
696 1
697 1
698 2
699 0
700 0
701 0
702 2
703 1
704 2
705 3
706 3
707 0
708 2
709 0
710 3
711 0
712 0
713 0
714 2
715 3
716 0
717 2
718 3
719 0
720 0
721 3
722 2
723 2
724 1
725 0
726 0
727 0
728 1
729 3
730 0
731 0
732 0
733 3
734 0
735 3
736 1
737 3
738 0
739 0
740 0
741 3
742 3
743 2
744 0
745 1
746 2
747 2
748 0
749 1
750 0
751 0
752 2
753 2
754 3
755 0
756 2
757 1
758 3
759 2
760 2
761 3
762 3
763 2
764 2
765 2
766 0
767 0
768 0
769 2
770 2
771 3
772 2
773 3
774 2
775 2
776 0
777 2
778 0
779 2
780 2
781 3
782 3
783 0
784 2
785 0
786 2
787 2
788 3
789 1
790 1
791 0
792 0
793 2
794 0
795 3
796 1
797 2
798 2
799 1
800 3
801 3
802 3
803 0
804 1
805 1
806 0
807 3
808 1
809 3
810 0
811 0
812 0
813 0
814 2
815 0
816 2
817 0
818 1
819 2
820 0
821 2
822 2
823 2
824 0
825 2
826 0
827 2
828 2
829 0
830 0
831 0
832 0
833 0
834 2
835 1
836 2
837 0
838 0
839 3
840 2
841 0
842 0
843 1
844 3
845 0
846 1
847 2
848 2
849 1
850 2
851 2
852 0
853 0
854 3
855 1
856 1
857 3
858 0
859 3
860 0
861 1
862 1
863 3
864 0
865 3
866 3
867 0
868 0
869 0
870 3
871 3
872 0
873 2
874 2
875 3
876 2
877 2
878 0
879 0
880 0
881 2
882 0
883 2
884 3
885 0
886 3
887 1
888 2
889 0
890 1
891 2
892 1
893 0
894 1
895 2
896 1
897 0
898 3
899 2
900 0
901 0
902 1
903 3
904 3
905 1
906 1
907 3
908 1
909 0
910 0
911 3
912 2
913 1
914 0
915 3
916 2
917 2
918 2
919 3
920 0
921 0
922 0
923 3
924 0
925 0
926 2
927 0
928 0
929 1
930 3
931 0
932 2
933 0
934 0
935 3
936 0
937 0
938 3
939 2
940 1
941 3
942 0
943 2
944 0
945 0
946 1
947 3
948 0
949 2
950 0
951 0
952 1
953 1
954 2
955 0
956 2
957 1
958 1
959 2
960 2
961 1
962 2
963 2
964 2
965 1
966 3
967 1
968 2
969 1
970 1
971 2
972 1
973 1
974 0
975 0
976 3
977 1
978 2
979 0
980 1
981 3
982 2
983 2
984 1
985 3
986 1
987 2
988 1
989 0
990 3
991 0
992 0
993 3
994 1
995 3
996 1
997 2
998 2
999 2
1000 1
1001 2
1002 3
1003 1
1004 3
1005 2
1006 2
1007 1
1008 3
1009 2
1010 2
1011 0
1012 3
1013 1
1014 3
1015 3
1016 2
1017 0
1018 3
1019 3
1020 0
1021 2
1022 1
1023 2
1024 0
1025 0
1026 1
1027 1
1028 3
1029 3
1030 1
1031 0
1032 2
1033 0
1034 2
1035 0
1036 1
1037 2
1038 0
1039 3
1040 2
1041 1
1042 3
1043 2
1044 3
1045 0
1046 3
1047 3
1048 3
1049 2
1050 0
1051 0
1052 3
1053 0
1054 0
1055 0
1056 0
1057 3
1058 1
1059 1
1060 2
1061 0
1062 3
1063 1
1064 2
1065 1
1066 2
1067 3
1068 0
1069 0
1070 3
1071 1
1072 1
1073 2
1074 3
1075 0
1076 3
1077 1
1078 0
1079 2
1080 2
1081 0
1082 2
1083 0
1084 0
1085 3
1086 0
1087 3
1088 0
1089 2
1090 2
1091 2
1092 2
1093 2
1094 2
1095 0
1096 2
1097 3
1098 0
1099 0
1100 1
1101 0
1102 2
1103 2
1104 2
1105 1
1106 1
1107 1
1108 2
1109 3
1110 2
1111 3
1112 0
1113 2
1114 1
1115 0
1116 0
1117 0
1118 2
1119 2
1120 0
1121 3
1122 2
1123 3
1124 0
1125 2
1126 3
1127 2
1128 0
1129 2
1130 2
1131 1
1132 1
1133 3
1134 2
1135 2
1136 0
1137 3
1138 1
1139 3
1140 2
1141 1
1142 2
1143 3
1144 2
1145 3
1146 2
1147 0
1148 1
1149 3
1150 2
1151 2
1152 0
1153 1
1154 3
1155 1
1156 2
1157 2
1158 3
1159 3
1160 1
1161 3
1162 0
1163 3
1164 3
1165 1
1166 3
1167 3
1168 0
1169 1
1170 0
1171 1
1172 3
1173 0
1174 3
1175 0
1176 3
1177 1
1178 1
1179 1
1180 2
1181 3
1182 3
1183 1
1184 0
1185 2
1186 3
1187 2
1188 0
1189 3
1190 0
1191 0
1192 0
1193 2
1194 1
1195 3
1196 2
1197 1
1198 1
1199 0
1200 1
1201 3
1202 0
1203 1
1204 2
1205 2
1206 0
1207 1
1208 2
1209 0
1210 1
1211 1
1212 1
1213 0
1214 2
1215 2
1216 2
1217 2
1218 0
1219 0
1220 2
1221 3
1222 1
1223 0
1224 0
1225 2
1226 3
1227 0
1228 3
1229 1
1230 1
1231 2
1232 2
1233 3
1234 3
1235 2
1236 3
1237 0
1238 3
1239 0
1240 2
1241 3
1242 2
1243 3
1244 2
1245 0
1246 3
1247 2
1248 2
1249 2
1250 0
1251 3
1252 0
1253 2
1254 2
1255 3
1256 0
1257 3
1258 0
1259 2
1260 1
1261 0
1262 0
1263 0
1264 1
1265 0
1266 0
1267 0
1268 1
1269 3
1270 1
1271 2
1272 2
1273 1
1274 3
1275 3
1276 2
1277 2
1278 0
1279 3
1280 0
1281 1
1282 1
1283 2
1284 0
1285 1
1286 2
1287 0
1288 2
1289 1
1290 0
1291 2
1292 2
1293 3
1294 0
1295 3
1296 3
1297 0
1298 2
1299 1
1300 3
1301 3
1302 0
1303 2
1304 3
1305 2
1306 2
1307 2
1308 2
1309 0
1310 1
1311 0
1312 2
1313 2
1314 2
1315 0
1316 0
1317 1
1318 2
1319 2
1320 3
1321 0
1322 0
1323 2
1324 3
1325 3
1326 2
1327 0
1328 2
1329 1
1330 0
1331 1
1332 0
1333 3
1334 3
1335 1
1336 3
1337 3
1338 0
1339 3
1340 3
1341 0
1342 3
1343 3
1344 2
1345 2
1346 3
1347 1
1348 1
1349 1
1350 3
1351 1
1352 0
1353 2
1354 2
1355 3
1356 2
1357 2
1358 2
1359 0
1360 3
1361 0
1362 2
1363 3
1364 0
1365 0
1366 1
1367 2
1368 1
1369 2
1370 0
1371 0
1372 1
1373 2
1374 0
1375 0
1376 0
1377 3
1378 0
1379 3
1380 3
1381 3
1382 3
1383 2
1384 1
1385 2
1386 1
1387 2
1388 2
1389 3
1390 0
1391 2
1392 2
1393 3
1394 2
1395 2
1396 2
1397 2
1398 3
1399 2
1400 3
1401 2
1402 1
1403 2
1404 1
1405 1
1406 1
1407 3
1408 0
1409 2
1410 0
1411 1
1412 2
1413 3
1414 3
1415 1
1416 0
1417 1
1418 3
1419 2
1420 1
1421 3
1422 3
1423 0
1424 0
1425 2
1426 1
1427 0
1428 2
1429 3
1430 0
1431 0
1432 0
1433 3
1434 3
1435 1
1436 2
1437 3
1438 3
1439 0
1440 2
1441 1
1442 3
1443 3
1444 0
1445 1
1446 2
1447 3
1448 3
1449 0
1450 1
1451 0
1452 1
1453 2
1454 1
1455 1
1456 1
1457 3
1458 3
1459 2
1460 2
1461 1
1462 2
1463 0
1464 3
1465 2
1466 1
1467 3
1468 3
1469 0
1470 0
1471 2
1472 1
1473 3
1474 3
1475 1
1476 1
1477 0
1478 2
1479 3
1480 2
1481 1
1482 0
1483 0
1484 3
1485 3
1486 1
1487 3
1488 3
1489 0
1490 1
1491 0
1492 3
1493 2
1494 3
1495 2
1496 3
1497 2
1498 0
1499 2
1500 3
1501 2
1502 2
1503 3
1504 1
1505 2
1506 1
1507 3
1508 2
1509 1
1510 1
1511 2
1512 3
1513 1
1514 3
1515 0
1516 2
1517 1
1518 0
1519 0
1520 0
1521 2
1522 0
1523 0
1524 3
1525 0
1526 1
1527 0
1528 2
1529 2
1530 2
1531 1
1532 0
1533 2
1534 2
1535 2
1536 1
1537 1
1538 0
1539 2
1540 0
1541 0
1542 3
1543 1
1544 3
1545 0
1546 0
1547 2
1548 3
1549 3
1550 2
1551 0
1552 0
1553 0
1554 1
1555 2
1556 3
1557 1
1558 2
1559 1
1560 1
1561 3
1562 3
1563 2
1564 1
1565 0
1566 0
1567 2
1568 2
1569 0
1570 2
1571 3
1572 2
1573 0
1574 1
1575 0
1576 0
1577 1
1578 3
1579 0
1580 0
1581 2
1582 2
1583 2
1584 3
1585 2
1586 3
1587 0
1588 2
1589 1
1590 1
1591 3
1592 2
1593 2
1594 2
1595 3
1596 0
1597 2
1598 3
1599 3
1600 2
1601 3
