53 1 0.7333333333333333 0.2829498771814993
6942 1 0.9272727272727272 0.3922603187278312
10330 1 0.8666666666666667 0.3192473640265893
12079 0.8333333333333333 0.7555555555555556 0.3449875826712281
15826 0.7 0.6923076923076923 0.28346180879469524
18557 0.7 0.5204301075268817 0.1806608954642871
21901 0.8333333333333333 0.696969696969697 0.29567061276532436
22148 1 0.9454545454545455 0.3599691492832901
22420 0.6 0.5073529411764706 0.17029197452420997
26834 0.6666666666666667 0.5264367816091954 0.19553704491066404
27520 1 0.8928571428571429 0.3972849642791653
29192 0.5 0.4959677419354839 0.16637812578262687
30190 0.8333333333333333 0.7555555555555556 0.2861471509591504
31796 0.5333333333333333 0.5311827956989247 0.20620385782464562
32006 0.6 0.5666666666666667 0.24659488502531593
33216 0.6 0.5897435897435896 0.27288977092040456
39169 0.6666666666666667 0.5909090909090909 0.22381102998801983
42781 1 0.8333333333333333 0.3226923143952948
45935 0.6666666666666667 0.543859649122807 0.21288360507406498
47583 0.8333333333333333 0.6 0.2524264210870888
48289 1 0.7777777777777778 0.2844949461227402
48338 0.6666666666666667 0.638888888888889 0.23473519399683465
51960 1 0.9111111111111111 0.30203375425618106
53415 0.6666666666666667 0.5751633986928105 0.2482174228302517
57996 0.6 0.5333333333333333 0.22695718293631245
67524 0.6666666666666667 0.5909090909090909 0.2218275750836685
70090 0.7 0.6666666666666667 0.25491328937979857
71137 0.8333333333333333 0.6060606060606061 0.2310864707762351
71150 0.8 0.6727272727272727 0.28406628563832
71335 1 0.6666666666666667 0.28450926232665275
76217 0.4761904761904762 0.4356060606060606 0.12442358593472196
76958 0.6 0.5934065934065934 0.22208946871746216
90256 0.6 0.5238095238095238 0.22972671438685488
91133 0.5 0.4989247311827957 0.18502724228093925
91364 0.6 0.5282258064516129 0.18880484681674828
94952 0.8333333333333333 0.6727272727272727 0.25802041754543864
95825 1 0.6944444444444444 0.2756383130518939
99358 0.8333333333333333 0.8214285714285714 0.3478150177094558
100451 1 0.7272727272727273 0.2777478352099663
105200 0.6666666666666667 0.5652173913043478 0.2096008701207624
106338 1 0.6209150326797386 0.2409331107761696
115802 1 0.7333333333333333 0.29220468154697943
116385 0.6 0.5770114942528736 0.23890297817232406
120080 0.6666666666666667 0.6222222222222222 0.2481019275217394
122541 0.6666666666666667 0.5751633986928105 0.23512545838728666
125109 1 0.7777777777777778 0.29070393250614923
126875 0.6666666666666667 0.5847953216374269 0.22725265249550422
127459 0.5333333333333333 0.4637096774193548 0.14356473692231972
127578 1 0.6666666666666667 0.2651874587298876
128869 1 0.8 0.3424693972086039
129898 1 0.6666666666666667 0.26081206914526145
134180 1 0.9285714285714286 0.3447276465342077
136124 0.7 0.4946236559139785 0.15497739635049704
136667 0.6 0.5909090909090909 0.2530956289007134
144391 0.5238095238095238 0.5133689839572193 0.1920419875046744
150987 0.6666666666666667 0.6025641025641026 0.26249965335902115
155762 0.6 0.4903225806451613 0.14970582198131885
156650 1 0.6666666666666667 0.2822959458379367
158693 0.7 0.6071428571428571 0.25836173068217666
159278 1 0.8 0.33581943264159647
161431 1 0.8444444444444444 0.3338202834363951
165272 0.7 0.6923076923076923 0.2676231592272158
167054 0.6666666666666667 0.6157894736842106 0.24352939206726662
167402 1 0.8571428571428571 0.3229667762677379
168953 1 0.7818181818181817 0.3379936751375587
169664 0.6 0.5934065934065934 0.23011102834964312
170707 1 0.8222222222222222 0.3154924345792874
174222 0.8333333333333333 0.6888888888888889 0.2683818895035242
177714 0.6666666666666667 0.6043956043956044 0.2257905365601242
180771 0.7 0.4924731182795699 0.16349901288081192
181590 0.5333333333333333 0.4943181818181818 0.16585127019203552
183349 1 0.7111111111111111 0.27187421964687297
185209 0.8333333333333333 0.6181818181818182 0.2691831178362211
186730 1 0.638888888888889 0.24742080126710184
186898 0.6666666666666667 0.5584415584415584 0.2104907324590004
186941 0.6666666666666667 0.6428571428571429 0.2473664759993005
187139 0.6666666666666667 0.6282051282051282 0.22890251667112313
191036 1 0.7333333333333333 0.2682336144913079
192816 0.6 0.5934065934065934 0.22869411955570315
195711 1 0.5909090909090909 0.25569370679722675
195788 0.8333333333333333 0.7636363636363636 0.29467304057099863
197993 1 0.6909090909090909 0.27901456445668305
199374 1 0.9285714285714286 0.40732602191768674
200308 0.8333333333333333 0.6363636363636364 0.2547102914095132
203628 0.7 0.6727272727272727 0.23430286903789702
203958 0.6 0.5866935483870968 0.18778289709943702
205860 0.6 0.5857142857142857 0.2468609854168405
205928 1 0.9642857142857143 0.3461383119431059
206087 0.6666666666666667 0.5689655172413793 0.21334168489477323
207343 1 0.9 0.33631003767023465
207927 0.6666666666666667 0.6153846153846154 0.24357762725515703
208855 0.6 0.4967741935483871 0.1791200602910607
211239 1 0.8928571428571429 0.3244741519072827
214868 1 0.9642857142857143 0.3625444773974941
221523 0.6666666666666667 0.5909090909090909 0.23341521070655458
222037 0.8333333333333333 0.75 0.27020500982148943
222650 1 0.7222222222222222 0.302290294352905
222659 0.8333333333333333 0.7090909090909091 0.27729572330406044
223124 1 0.8222222222222222 0.32713737303358215
224980 0.6 0.5747126436781609 0.24677288400162098
225673 0.8333333333333333 0.528735632183908 0.18429817669406046
229853 0.7 0.6025641025641026 0.2420372322230849
231654 0.7 0.5397849462365591 0.19350434399200706
231959 0.6666666666666667 0.5857142857142857 0.20895439955020703
233920 0.6 0.5952380952380952 0.23625389853335602
234429 0.6 0.5824175824175823 0.23113424777597438
236633 0.6666666666666667 0.5333333333333333 0.22690185557763662
