929 3.109998829176911e-05 4.955039770951034e-05 2.5395773278640814e-06
2352 0.0001042101554099074 0.0001231052868974792 6.7326372482906044e-06
2626 8.669746594144236e-05 0.0002148215021942511 6.38877958738925e-06
3684 3.46722003498425e-05 6.193828730231005e-05 2.7905211452170308e-06
3812 5.270571007131988e-07 4.166886304285553e-06 5.49709297904039e-07
3982 6.082846853432031e-06 5.484762090046735e-05 4.565855222176769e-06
4029 1.19286381153388e-06 4.400796855895825e-06 2.822782161466484e-07
4473 2.350465041316474e-06 3.875374438121332e-05 2.3984545585646335e-06
5658 9.331016891110454e-06 1.677143558859722e-05 7.488507090381634e-07
5991 0.0001219634764559672 0.0001299692507093253 4.632997197513051e-06
6379 1.5846034645374e-05 2.193777459923799e-05 1.3197766121823223e-06
6624 4.229651220076539e-05 4.477070366595341e-05 3.3982939489086633e-06
7683 1.528771479239283e-05 3.16411059864736e-05 1.8035735329361725e-06
8448 3.890700738896445e-06 1.79402751048273e-05 3.066098975793979e-06
8903 3.203543407558826e-05 3.417825181756921e-05 2.1556675747398726e-06
9117 1.716097550593432e-07 6.817796659739861e-06 1.7988339166000098e-06
9144 5.541179273773044e-05 0.0001205011321318478 5.8581766537608355e-06
10254 1.944226367053607e-05 3.433175599613945e-05 2.6363742330048246e-06
11230 6.23670142524739e-06 1.523871452589434e-05 2.156238555099686e-06
12072 8.271691140015846e-06 3.312837832454701e-05 2.3813004832249166e-06
13555 1.741140366847828e-05 3.438088048359432e-05 4.057887398547652e-06
13597 2.996440866472821e-05 0.0001542528906181649 8.012879010340228e-06
16844 4.584059620279421e-05 6.30841168661022e-05 2.648827113823463e-06
17135 1.044689860642213e-05 5.551100582789157e-05 3.4448723444241686e-06
17435 0.0003726573053771344 0.0005123712226814005 1.1837415619471865e-05
17723 2.432772794605935e-05 2.660845244100241e-05 1.0147548134235998e-06
17851 0.0005683029054486041 0.000856129456742327 7.686820996578378e-06
18232 2.70597892809109e-05 7.954729582982462e-05 4.799884344828337e-06
18546 1.931544143992753e-05 0.0001078832548609215 5.171343026453681e-06
20384 1.957776886916784e-05 2.49126923556903e-05 5.68985825778934e-07
22022 1.117246514681665e-05 3.416448638099414e-05 6.203842935095249e-06
23896 0.000113777162875422 0.0001207721038109844 6.3467899812278696e-06
23967 0.0001336735933892332 0.0001391073587792794 2.966466183751407e-06
24775 8.804660893988581e-05 9.969663136287943e-05 3.300845182802901e-06
26061 9.88883361737242e-06 1.869799547430773e-05 1.0776793374860256e-06
26452 1.838214847988393e-05 1.842046857260831e-05 2.327299057115754e-06
26815 0.0001803860507466958 0.0006407531172281114 1.521679314758487e-05
27697 0.0002598261526832955 0.0007464420186716634 8.543416104575978e-06
28658 2.920772625110114e-05 6.452509307157113e-05 3.777352593664485e-06
28904 2.959195771357982e-06 1.386739712724282e-05 1.3026020900189668e-06
31543 8.060047352778198e-05 0.0001315825525136191 4.124271563177139e-06
31844 1.202319153415022e-05 2.017109874687248e-05 2.2151618754723008e-06
32393 2.508157783189825e-05 6.531935068255692e-05 5.753472068300573e-06
32617 2.496436596803542e-05 3.070399332036446e-05 2.1815173574918106e-06
33122 5.701775708081465e-06 9.150424307565436e-06 1.3941338244602923e-06
33382 1.441900582265671e-05 3.02799122275791e-05 1.5715175206672641e-06
33565 5.241312021352299e-05 7.906267122487672e-05 4.5656316522489455e-06
33780 5.148818003013775e-05 5.987388870288465e-05 2.72544711154569e-06
38261 6.807565823924928e-05 7.707999141690725e-05 5.318902841254945e-06
40567 1.709985239248346e-05 0.0001509058607491552 8.603405940893227e-06
40874 9.680999317005498e-06 2.084192621296747e-05 1.8234040912676255e-06
41179 0.0004226197622763837 0.0005268172740230486 3.8528719512990505e-06
43157 3.26226850832877e-06 1.27428177064058e-05 2.8243331682842416e-06
45705 3.992397809171702e-05 4.425688217675519e-05 5.122567849982749e-06
46789 2.601897247353418e-05 3.506354946220066e-05 3.676523801514385e-06
47009 5.107030593666771e-05 5.441238196462399e-05 1.5623718307046223e-06
48444 6.22259989946612e-05 6.86851505661538e-05 3.430441788265674e-06
48905 1.76892570665339e-05 2.936314146390046e-05 3.075291379507265e-06
49034 6.75280203299858e-05 8.479734394025702e-05 5.101561122272601e-06
49077 2.310011500007251e-05 4.119711461798207e-05 1.206845193564236e-06
50054 7.283677951451009e-06 1.532068338322303e-05 1.6417703795611931e-06
51188 1.959219706177549e-05 2.386475155865554e-05 1.6453798741726626e-06
52526 8.974566079730045e-05 0.0004824599811407199 1.0053741513497809e-05
53107 6.718510049463351e-06 1.218555382680854e-05 1.4681844921142792e-06
53266 0.0001342908269293395 0.0001441888761565494 7.837122005045372e-06
54309 9.109730345908608e-06 2.56708524574823e-05 2.397707050904938e-06
54703 1.996112283001525e-05 0.0001762493215805791 3.7766020247680244e-06
55145 1.715094136157465e-05 3.822862858084069e-05 2.3573879425986767e-06
55696 5.441350467260153e-05 0.0004760493795535872 1.5914442357573708e-05
56349 0.0003159674964236429 0.0003231685920992664 6.280036021871487e-06
56991 3.074173601539215e-05 5.424084722494351e-05 2.771968425520243e-06
58152 1.967480821160912e-05 2.629154921102208e-05 1.8626814060697712e-06
60028 2.001816648608612e-05 2.250836242568289e-05 8.404817760988063e-07
60230 6.568342547110051e-06 1.234023508715524e-05 1.3075559769351836e-06
60549 7.089537909826986e-05 8.1347327419511e-05 3.868855954786394e-06
61151 2.360532835208449e-05 3.822326929141855e-05 2.330497804885524e-06
61699 0.0001640677355749754 0.0001879255837262088 9.229914983836676e-06
62983 4.67520305932821e-06 7.197448001434894e-06 1.0383208223263178e-06
63414 2.552613876609648e-05 6.267036804758635e-05 5.0114283346738135e-06
63783 0.0002266543108587483 0.0002562716589995588 7.299913971007668e-06
64016 4.227254563288276e-05 4.642664301141623e-05 4.619315296169126e-06
64581 4.03204858308385e-05 4.649011271527828e-05 4.008328943851677e-06
64634 3.268052323877965e-06 1.97207368543509e-05 2.672532194597929e-06
64760 1.489190647634534e-05 4.666879230903156e-05 4.514084102445428e-06
64961 0.0001168015643622854 0.0001200895781866612 1.936707162958833e-06
65723 6.242126224245133e-05 0.0001386806989366317 1.9172154082392165e-06
66062 7.154848754546534e-06 1.690760102219534e-05 2.0278416644408318e-06
67571 0.0002961733177560516 0.0003180460877450841 8.33559081141941e-06
69274 5.199731943719454e-06 2.605161774047696e-05 1.7030012714644022e-06
69687 5.699028600575032e-05 7.39255088003497e-05 2.9684067040692377e-06
69738 2.931164532127517e-05 6.426454782074392e-05 4.0209242417441515e-06
70488 6.840789182757791e-05 0.0003010451864333178 1.4915331859734243e-05
71064 7.043498514130493e-05 0.00015208044888418 5.1921943732435735e-06
72053 6.921385394568046e-06 3.62525710526676e-05 2.376369163399875e-06
72784 4.659675510909318e-05 0.0001180250684505309 7.038370013800733e-06
73189 3.298851930801999e-05 4.105920006300203e-05 2.8972736006821175e-06
73197 5.971259032178336e-05 0.0001779214571050641 1.025570112268905e-05
73449 3.705515288956082e-05 3.886904149254632e-05 2.1253549747069006e-06
74129 2.597185181521872e-05 5.705463781182059e-05 4.876136093046841e-06
74238 0.001163173913886358 0.002741675132376366 2.3870348560137964e-05
75171 3.281788221157184e-05 5.558603932099201e-05 1.8951325250310082e-06
75953 0.0002270256411761885 0.0003999137866181878 5.30940346067426e-06
76572 4.57550259894267e-05 0.0001119703161951774 3.5979492134047856e-06
77209 3.877421415053867e-05 4.4760017376257e-05 1.650736271364671e-06
77333 1.094786226567469e-05 2.295428934124968e-05 2.9380435596552115e-06
77463 1.736056213500193e-05 0.0001818567930027808 7.060796340546049e-06
78067 3.373281418532302e-05 3.932670140694552e-05 1.3746020723903287e-06
78385 3.054154356197624e-05 3.341595174250518e-05 2.5509306185427833e-06
78914 0.0002674876755053511 0.0003815767951160313 9.969772909551964e-06
78918 2.145929048357269e-05 2.528537548147569e-05 1.592375260565818e-06
79238 1.894821183018071e-05 2.817445387886836e-05 7.911557026243909e-07
79267 6.729992065141414e-06 0.0001017043716596219 3.996551345951141e-06
80672 0.0001234342835874181 0.0003108059915365706 3.649927259395332e-06
80793 4.074397239940627e-05 4.154796105942019e-05 5.546516484778299e-06
80982 4.950544250458535e-05 0.0003286485506302803 1.6297441808692305e-05
82560 1.461550223984022e-05 4.25958516436968e-05 3.6023595862815675e-06
82856 0.0001072411359839053 0.0001109239513777068 3.4455738376445522e-06
83073 0.0001783160280104761 0.0003746636155187103 8.884644726248587e-06
83560 1.211709108629419e-05 4.058983712183698e-05 1.8711495914713482e-06
84622 1.101069358561034e-05 3.697201833531837e-05 1.976730693330168e-06
84810 0.0001136007167172491 0.0001284628151455839 2.2674606687804197e-06
87168 8.725108900265461e-06 3.998114278973969e-05 2.603738122861336e-06
87230 0.0007313231323132313 0.0008222697269726972 1.084581587768843e-05
87312 2.075292116821306e-05 4.468386921895839e-05 3.1466461424052235e-06
87634 7.754596989717146e-05 0.0001503984924191939 1.0105761609877775e-05
87915 5.08393901052566e-05 8.982879383470145e-05 4.761387752336119e-06
88082 0.000108849342713244 0.0001325650040988332 2.8920703806833577e-06
88358 0.0001562020004269521 0.00038464893194167 7.4390494557817595e-06
88900 0.0005590607778931395 0.0006516881009884457 5.799513214756035e-06
88904 1.951430953272542e-05 3.877614762964112e-05 2.8546329461579543e-06
89844 3.476640283973181e-05 0.0002087477764686375 1.0782581805001628e-05
90506 7.567677671343737e-06 5.212199329458332e-05 5.102379843529281e-06
90549 6.037431364171822e-05 8.93184698876008e-05 7.643185838932082e-06
90875 9.275862289311671e-05 0.0001813173571520022 7.703891022740134e-06
91213 2.211762429068088e-05 2.872312971673069e-05 1.934947882127227e-06
91583 3.494679420475914e-06 1.579595098055113e-05 1.148482980885303e-06
91837 0.0002145369919359203 0.0002233760745410594 3.617479575517752e-06
92484 2.777552101669517e-05 3.333062522003421e-05 2.2876269645527507e-06
92510 2.696852309832934e-05 3.070218027447887e-05 1.5340396487513545e-06
92568 5.025987891295735e-05 5.510235728256768e-05 3.0333005437141235e-06
93518 1.545751383340709e-05 2.869592659727734e-05 3.584030860188343e-06
94012 0.0001669666222034552 0.0003154004244397404 1.0701906020710479e-05
94290 3.772578884624477e-05 7.563576595627191e-05 2.4018618868187936e-06
95152 0.0001131220078866343 0.0001156683716751188 3.0643829947779385e-06
95726 0.0001273011165928625 0.000132656307563626 6.96033545955816e-06
95950 6.225833365210797e-06 1.314807869117086e-05 1.9630215520190455e-06
96352 4.798152925966171e-05 5.265733134636878e-05 2.7150840470587755e-06
96731 0.0001972937868898279 0.0002325389037397971 3.101130194423123e-06
97129 1.929151769723818e-05 4.089482883753382e-05 2.898243250656704e-06
97994 4.341469466379463e-05 0.0002674254349851538 1.310998889202584e-05
98456 9.997989987429611e-06 1.958681514826138e-05 1.8507763852253596e-06
99522 5.458024945448178e-05 8.734614818113215e-05 2.664306314896825e-06
100090 2.809431911256529e-05 4.838226477027085e-05 2.5963633472078297e-06
100222 2.914210499900431e-05 5.441291507041927e-05 3.842570918962753e-06
101234 1.8316444045553e-05 5.320712918109573e-05 2.3339182836690694e-06
101610 1.043337364962801e-05 2.642077953179153e-05 1.7044166928742576e-06
101821 0.0001663432215137233 0.0001667877124121282 3.940020542577424e-06
102407 3.226145900930183e-05 6.539651236875175e-05 1.4515460413963973e-06
103269 1.843853284594145e-05 0.0001122972508229283 5.963678103685387e-06
104074 3.860114469764544e-05 4.790837781965232e-05 1.344539371771438e-06
105221 2.623932256366578e-05 2.645654881064443e-05 2.817496914433792e-06
105422 4.183873913474094e-06 3.113842200168745e-05 3.2060153322529406e-06
106693 0.0002061628961763655 0.0002325389037397971 3.398570713828615e-06
107392 3.066016548517719e-05 3.820728314306696e-05 1.3651845423444187e-06
107564 6.056867168738893e-05 8.012900202727568e-05 5.59475652170768e-06
108356 1.634172539716905e-05 9.745626395353164e-05 7.8491342202435e-06
108838 9.341257141196475e-05 9.788545975116901e-05 3.0524640989997437e-06
109389 1.136813907149777e-05 3.055939236514727e-05 2.192652059983153e-06
109928 1.471619511140262e-05 3.200465849331915e-05 3.407434169721816e-06
111023 2.784326746312333e-05 3.133470035326854e-05 3.7042374909190925e-06
112332 0.000157289998191165 0.000171076106767082 7.69826953330947e-06
112339 3.101073281462714e-05 3.200652660746821e-05 1.4305192491799396e-06
112876 8.52947564305082e-07 1.366800831248167e-05 1.225220509750058e-06
112979 3.450497615670205e-05 3.90368736922859e-05 3.996057144472661e-06
114462 8.622574811015914e-05 0.0001008107270443535 4.402711125546492e-06
114505 3.729593949200017e-05 0.0001121567795781063 5.707000617094915e-06
115165 3.037714490590513e-05 4.022047236755305e-05 4.194001416442432e-06
116262 1.751438938445854e-05 2.18256236944791e-05 1.4706510142031894e-06
119266 4.016481167028768e-05 5.865536830069975e-05 1.3765605833102147e-06
119268 2.327714231179267e-05 4.024129735144434e-05 2.142439444537647e-06
119700 1.241023983781306e-05 1.538214936854241e-05 1.0913656575148557e-06
120284 1.820097583704633e-05 7.69724764349301e-05 3.908447746368549e-06
120922 4.281930303737164e-06 6.879833536693993e-06 6.46859932333563e-07
121302 4.247819324025203e-05 6.87394834022394e-05 3.6218814268818153e-06
121375 0.0003369709345720385 0.0003458243583481138 2.271326800946369e-06
121956 3.521475207590276e-06 1.722301502239564e-05 1.4219720112864495e-06
122028 6.226177089909733e-05 0.000130066628501053 8.362399049549171e-06
122806 8.326979674363051e-05 0.000143219319303658 9.27060317365433e-06
123599 1.717569822290589e-06 1.147108788748746e-05 1.4499555327183989e-06
123953 7.780137464655484e-05 0.0003893839937848804 9.835301979319888e-06
124686 1.84270025379453e-05 2.262268926966208e-05 3.4079107829611244e-06
125300 7.266851750221244e-05 0.0004036036543507973 1.0013598260553111e-05
125401 6.972771327964299e-05 7.494960277988077e-05 2.8461956125250585e-06
125663 3.91770539282832e-05 6.799323409040885e-05 2.468016023534431e-06
125995 1.391803962865382e-05 2.66838232531925e-05 3.812282000781152e-06
126633 0.0009012595101654562 0.001770045861962344 1.7022733179069835e-05
128146 2.499397182698511e-05 0.0002299066872885463 1.353531595874489e-05
128171 8.430266230789004e-06 9.076275242853389e-06 1.607163018177286e-06
128828 2.089805198808393e-05 2.469727251107398e-05 2.38760264227523e-06
128916 4.309705934911435e-05 4.323703987471487e-05 2.792573028303711e-06
129163 3.004485912072861e-05 3.469085303541857e-05 2.9290027859727293e-06
129780 3.154548060704737e-05 5.135693397654883e-05 3.6241398970513755e-06
131943 9.380044705293065e-06 2.192125760775268e-05 2.2683463348721764e-06
132126 1.981171326041536e-05 5.628178761490464e-05 8.026656851084831e-06
132564 2.526215379060302e-05 4.018933708109226e-05 2.843941819644049e-06
132701 3.11744020749682e-05 4.316909932888763e-05 3.199696246965076e-06
133311 4.934446562753619e-05 0.0001086657245073765 5.364128320119416e-06
133533 6.939872162901891e-06 1.029651225481164e-05 1.7904035833164348e-06
134870 8.082140409408905e-06 1.356320417259212e-05 1.583535297784854e-06
134968 5.124644494213357e-05 0.0001189610113515568 7.545634015259604e-06
135241 6.175860721988998e-05 0.0001607741281094985 7.885080582474973e-06
135425 2.072314568141157e-05 2.913523892925201e-05 1.728527433518972e-06
136560 5.715519654153906e-05 8.988322085619694e-05 3.366654554246246e-06
137954 0.001122343203198678 0.001770045861962344 2.2404068924565668e-05
139352 8.202355388373325e-05 0.000107797949682997 4.088199021055243e-06
139465 1.91487732019302e-05 2.668628913554668e-05 2.691919322416464e-06
140282 6.920642520525689e-06 1.682292739242463e-05 1.6956065649224242e-06
140474 0.0002320454318750116 0.0007463858602170863 1.9761463537825443e-05
140995 5.160308626150526e-05 0.0001940517131898684 6.688031616551665e-06
141216 2.529508961707714e-06 4.122553108733822e-05 3.0946235442706137e-06
141759 1.094419602728903e-05 9.768944292370384e-05 6.148780393721887e-06
142131 7.282096502342849e-05 0.0001390427904831449 5.982055348721674e-06
142395 9.038607454713785e-06 1.49551479833186e-05 1.5959420404432867e-06
142876 1.334347897344035e-05 4.154035690942088e-05 2.3771263576052583e-06
142973 0.0001387124109372958 0.0001460756441596927 5.2393712298367185e-06
143063 4.735568237407295e-05 6.351232694875667e-05 1.9608309628719444e-06
143445 3.578647000649465e-05 4.91874659671522e-05 2.5521642868024347e-06
143861 3.067279896635896e-05 3.404014845991606e-05 2.2982814917132233e-06
144217 2.02772966400289e-05 2.642678940473763e-05 1.4464192221290403e-06
146179 2.158327339478451e-05 8.210341661033973e-05 4.371829643191494e-06
149537 0.0001170246483165517 0.000126769159500171 3.974747641364896e-06
149934 3.674942739798436e-05 3.913041114391103e-05 2.238330599994688e-06
151681 3.960866310777327e-05 5.440529907334154e-05 3.990821093512771e-06
152209 2.191365887425353e-05 3.882379584957936e-05 2.462077271384747e-06
152772 2.79315153382425e-05 3.114391183913199e-05 3.1456611578564713e-06
152842 5.077830050784557e-05 0.0001301374073679488 7.67804888654805e-06
155597 6.508591510288151e-05 0.0001536238525329273 8.25517966201246e-06
156268 1.140165180290329e-05 2.828159488325004e-05 1.4596067097425735e-06
156673 1.655906722774306e-05 3.29425227467505e-05 1.2922183729515706e-06
157585 1.823565584735708e-05 2.776261707530324e-05 1.7908975261928415e-06
157700 3.535612650575786e-05 3.588893203323604e-05 1.5809715365883498e-06
157710 4.973392350922564e-05 4.995697517946146e-05 1.5494573091249263e-06
158405 2.817418861154218e-06 3.796501618234828e-05 6.161989746394389e-06
159435 1.16756709665693e-05 3.54356906578788e-05 2.39842806870883e-06
160648 1.039668909227944e-05 1.532525828499362e-05 1.185963833337432e-06
160899 8.036921617912691e-05 8.121485453885244e-05 3.4996883814444473e-06
161242 5.668003156047212e-05 8.144435159935154e-05 4.1423474382327795e-06
162461 2.833684046338354e-05 5.518383333346319e-05 2.9663686230082915e-06
162767 1.424839584689793e-05 3.403219152882557e-05 2.0167653301484566e-06
162904 1.037675076538914e-05 1.171100007348078e-05 1.7123142842511023e-06
163359 2.677336925248552e-05 5.496220695718609e-05 3.836928349366002e-06
163523 1.466956285750511e-05 3.198301183566458e-05 1.4108701459353975e-06
163707 5.173253393794934e-05 0.0004396451690430017 1.8449006446018052e-05
164349 3.548437022901553e-05 3.83445952646589e-05 1.5538506857553493e-06
164522 5.254601388753614e-06 1.61493246640517e-05 1.7594476301478676e-06
164811 2.712182145813421e-05 0.0003025836517720628 6.6930607183429504e-06
165401 3.527003029107768e-05 3.622869793730262e-05 2.4022301115352614e-06
166314 6.773982005471037e-06 8.70006667919448e-05 2.951598937140407e-06
166831 8.575646717657819e-06 3.74623370434435e-05 2.5004296344000646e-06
167838 1.29924166512111e-05 1.57993199985665e-05 1.2055621922682342e-06
169627 0.000147522067226728 0.0002267138034363498 7.51414317904469e-06
169764 8.7865789399981e-05 0.0001401459340929697 3.6002554055490167e-06
170672 1.966418220805202e-05 2.313147930565926e-05 3.0555011401483207e-06
170876 7.516866824126045e-05 8.955675147449181e-05 3.133784857333657e-06
171155 1.635253940520908e-05 0.0001707492422452202 6.151432075493491e-06
171724 8.792035029451401e-06 1.81057194370138e-05 1.474378970336798e-06
171968 0.0001245450214684481 0.0001702583650393849 4.863931449658565e-06
172457 1.382852201537255e-05 1.42590352343925e-05 2.305783946449428e-06
172835 1.961631789943237e-05 4.134612721034733e-05 3.101009508598777e-06
173355 9.297879077635968e-06 9.516034146609533e-06 1.1584123167026701e-06
174110 0.0002596458430700524 0.0008143259599056317 5.348371739677061e-06
174336 1.04072432331454e-06 1.034068312691233e-05 8.218583550365221e-07
175100 1.242301501960263e-05 8.874386774113166e-05 3.4845659381568302e-06
175383 2.107806989206935e-05 2.368547964302204e-05 1.5678273842181197e-06
175445 5.341564090089039e-05 5.553203604841064e-05 3.4401785409788666e-06
176679 5.639270879870372e-05 0.000115549093015708 4.536071517677045e-06
177031 3.885579400600808e-05 4.530975923800819e-05 1.9309271593988284e-06
177486 2.07759345305472e-05 0.0001240064196874941 9.613491566054959e-06
177852 3.711448871286541e-05 9.26641177084488e-05 2.752027909526284e-06
178940 5.288079127290675e-05 6.637711454308872e-05 2.766964432092146e-06
179030 3.505667538816031e-05 4.860799528610463e-05 1.7029377508197328e-06
179140 1.597966156183512e-06 3.637482789182062e-06 9.590322349742995e-07
179497 2.938224802926733e-05 5.0979455982404e-05 3.236113644221535e-06
179742 4.935120642108547e-05 7.446766794656403e-05 2.0487155457026383e-06
179938 3.601261751162635e-05 5.225206773807529e-05 2.225757798857837e-06
180042 1.770882355415203e-05 6.081747635425684e-05 5.055131267256558e-06
180716 4.292679970607768e-05 6.379214817002254e-05 3.169242662215976e-06
180782 3.187551163818397e-05 3.984438954772996e-05 2.3349131216674195e-06
180855 1.191885491876786e-05 7.832390375190306e-05 4.2252235724755465e-06
180865 0.0001319131204669414 0.0004343193938183816 7.805519439316615e-06
180988 6.34984774796877e-05 9.977919847603654e-05 4.449030619449567e-06
181158 8.571453781586753e-05 0.0001332162612558349 8.078430360633528e-06
181726 1.092661005772106e-05 0.0001479369187486653 7.911366314086768e-06
181912 6.705930374948977e-05 0.000106292321274935 6.748124207424483e-06
181916 5.059274016556182e-05 0.0003204636591131219 1.2119969941950195e-05
181952 3.534451661765648e-06 2.45785365772669e-05 2.746205262302791e-06
182867 8.019838650567367e-05 0.0001891362276934416 1.0191628775347122e-05
183681 3.207449265280288e-05 0.0001643753416993714 5.14146835069318e-06
183700 4.209801786745123e-05 8.560941712606715e-05 5.728151939113455e-06
183952 2.12909059805261e-06 1.485335674490235e-05 1.0846995424875422e-06
184046 2.319094326080631e-05 2.631533360732295e-05 3.604953353171813e-06
185847 0.0001356202787190471 0.0002424466503722314 6.3257961613362395e-06
186196 1.576046995296712e-05 3.42200702630527e-05 2.2449942937000186e-06
187397 2.784705273616368e-06 5.841673557731577e-06 7.590286838288303e-07
187417 7.06157338916684e-05 0.0001335121988334142 2.2662265544275348e-06
189097 8.754491236389502e-05 9.620320039988463e-05 3.8068843476647044e-06
189772 3.677122871980048e-05 3.958026295264105e-05 2.6585724297029913e-06
189841 0.0001376765702012831 0.0005157406185707022 7.547699897504556e-06
190200 4.876153819897633e-05 6.310748547030869e-05 3.6872840397042537e-06
190800 0.0001188375312691254 0.0001434034357946251 4.0731322643543395e-06
191416 5.92523069885726e-05 6.641580375770851e-05 2.763327025459499e-06
191429 5.039731140423121e-05 0.0004767316616471382 1.5460403162002305e-05
191514 1.020103693540448e-05 2.358697736314978e-05 2.9600608814801835e-06
191645 1.214176113209781e-05 3.760116809535865e-05 1.3817006508587022e-06
192162 5.138312503075576e-05 0.0001227760247129116 6.853452841057825e-06
192301 1.423886466751594e-05 2.852569667161051e-05 2.9697796708128057e-06
193684 1.906083001813876e-05 5.07687699144893e-05 5.059400617479073e-06
194064 3.645006720481141e-05 4.233452932337422e-05 3.3212246787327703e-06
194189 9.345089739410049e-05 0.0002258096069002769 6.610622950032704e-06
194580 4.891458535105998e-05 6.447831705366997e-05 2.516133922664884e-06
195076 5.732308090923578e-05 5.836895685707781e-05 2.8405971619256403e-06
195646 2.020443521026924e-05 2.026852299887633e-05 6.155061104676435e-07
195866 0.0002529344917733057 0.0007107760331320095 1.4442731737843937e-05
197310 3.099297621676488e-05 0.0001779214571050641 1.0843995593669322e-05
197516 7.873142102487607e-05 0.0001079834785277852 4.209712905557783e-06
197672 8.919572217316458e-05 0.0003502496421168575 9.713092716750076e-06
199180 6.704087632401038e-06 1.519216826845574e-05 8.575475716684682e-07
199198 5.545987106163766e-05 7.834517740266559e-05 5.1869834950736245e-06
199947 2.404815884289879e-06 2.993341633675445e-05 2.735566743354854e-06
199956 9.592460216641603e-05 0.0001661725589102665 8.343417563874814e-06
199982 0.0002679935324227509 0.0005099158550371732 8.518515166686364e-06
200647 9.697271219500369e-05 0.0001076330655890631 3.184356116526201e-06
201747 7.088676029074914e-05 0.0001377074648446111 8.307020320846683e-06
201803 0.0001018761771473906 0.0007374254974041369 1.554002709131154e-05
202027 0.0001041036872725234 0.0002861302012463001 3.36182795784471e-06
202590 5.197726536466215e-05 9.999473482200003e-05 4.411963365027816e-06
203364 1.886284698207024e-05 2.607606181591214e-05 1.5294089152624286e-06
204143 0.0001208108826443086 0.000171494731049454 3.650503680631178e-06
204601 1.767792791114311e-05 4.710730379272351e-05 3.7190878646692396e-06
204965 6.243263243522155e-05 0.0001223799998329692 3.548103402948724e-06
206526 3.10617712549606e-06 2.529518479700368e-05 7.867320444133833e-07
207120 0.0002977166528274941 0.0006522542040415551 1.5786284456063475e-05
207276 4.45669937735453e-05 4.809130345008164e-05 3.4346755180737218e-06
209557 2.422545296676253e-05 5.381415204866665e-05 4.583054167743129e-06
209908 0.0002009550847117025 0.0002860659119537081 8.543131907175676e-06
210356 1.049948259761238e-05 1.954596280867583e-05 1.1773290085100976e-06
210387 0.0001515341526628208 0.0002469510946554982 5.177433768666492e-06
210670 9.820555803630676e-06 1.309242908763167e-05 1.3348625621777827e-06
211844 3.966236510288778e-05 7.199524166833526e-05 3.046876193210791e-06
212448 1.72519498477192e-05 3.049083096491047e-05 1.7092569094064195e-06
213320 1.64574071569686e-05 4.031820855964092e-05 4.068571263790209e-06
213778 1.833738589561626e-05 2.100464202588772e-05 1.6805586066754034e-06
213882 1.12837313042677e-05 2.184790413554251e-05 2.3168448902375847e-06
213951 5.927443777297675e-05 0.0001118077009654364 3.139864856538396e-06
214073 5.626499025451565e-05 0.0001737839846777405 1.108325617477417e-05
215287 1.727225862682887e-05 5.002696639203487e-05 3.94415956756388e-06
215305 1.158525177788854e-05 9.885155392678274e-05 9.740377065541703e-06
216232 3.192786855935071e-05 0.000163211493798465 6.4231471184511e-06
216840 2.108658097431602e-05 2.696649297676952e-05 1.8245567482332505e-06
217777 3.786536408131322e-06 1.564016803628799e-05 1.507054443575336e-06
218685 0.0001049505593105301 0.0001553606933764792 8.67242176883161e-06
219593 1.896095843852715e-05 4.26036102382577e-05 1.8056643261502445e-06
219649 0.0001277715784900807 0.0001787305005702862 6.927836931487933e-06
219958 4.631696872808538e-05 5.54631915706701e-05 2.9179296090895223e-06
220059 6.269356560635967e-06 1.13514710012069e-05 1.8117740340267019e-06
220236 5.642000405095629e-05 9.643103658289009e-05 6.42120591563427e-06
220309 6.832274571913789e-06 1.399926758403035e-05 1.6059739430903466e-06
220566 1.222459888217304e-05 2.133017943747355e-05 2.091916054661331e-06
222641 1.953796379004748e-05 2.933376885446556e-05 1.6959457743706281e-06
222702 1.747071253427535e-05 4.041924425941001e-05 3.465698102996488e-06
223138 4.944593218062504e-05 8.758135760738241e-05 1.8791518852698456e-06
223645 5.874674827569115e-05 0.0001299488986786044 3.923317429837985e-06
223979 1.945596947747777e-06 1.537666375155837e-05 1.236192550893717e-06
224033 6.841863997427459e-05 0.000591360467399982 1.1596555420348395e-05
224124 6.116343558075829e-05 9.215426965752064e-05 1.3807997442862754e-06
224129 3.189979211968802e-05 5.880785750953597e-05 3.859270471757195e-06
224361 6.75540697949348e-05 8.375856251811539e-05 2.305125645056008e-06
225839 3.049615612289297e-05 3.765981273187495e-05 3.086595281223359e-06
225982 2.744549855743029e-05 0.0001404125375615209 9.630297990041496e-06
226024 0.0004506818816869924 0.0008062105413330486 8.57433178409084e-06
226397 7.490655407379294e-05 9.39273098144553e-05 5.2509056055470815e-06
226614 9.981378075636887e-05 0.0001180646062643768 3.774437934397575e-06
228129 6.151768523597525e-05 6.407797506154305e-05 3.657242745791881e-06
228517 2.55300719173008e-05 3.921635814500619e-05 3.4239602808119443e-06
229649 2.161186058909129e-05 5.484729113291478e-05 4.68633602584419e-06
230553 0.0001350832736426902 0.0001502147604218851 5.2052992954291234e-06
230558 5.14548648645172e-06 8.14825894952292e-06 1.0261456879874319e-06
230953 2.311453377429739e-05 3.078733757214038e-05 2.429766965079461e-06
231681 4.087686321852158e-05 4.172868720023409e-05 2.0032815711733357e-06
232301 2.008458329353901e-05 0.0001266320940996703 6.902978719948567e-06
232489 3.257371431549597e-05 4.333103375770753e-05 2.0762985722722112e-06
233231 0.0001452367665906379 0.0003770905338078451 5.658897683076155e-06
233562 1.758473920968216e-05 2.12854541697955e-05 1.686482713160431e-06
234018 1.716680595188769e-05 2.144680279943787e-05 1.5494688185633285e-06
234236 3.762258720023798e-05 3.945968004283152e-05 2.3759847717634623e-06
234429 5.043957227471982e-06 1.640858297097973e-05 1.954966543079213e-06
234499 0.0003159461676337455 0.0004528086559046177 5.5794504056344456e-06
234538 4.175604708029105e-05 6.68565066025227e-05 6.440930597049705e-06
235064 0.000131000021413465 0.0007927995869387486 9.60047227300559e-06
235273 4.531844068664724e-05 4.889550155273777e-05 2.835299297852933e-06
236106 2.178121315911993e-05 2.35024568007376e-05 1.7350352566754934e-06
236127 3.285483685828087e-05 3.697033055139786e-05 1.7796347741439893e-06
237278 1.480527729173972e-05 8.268296965907381e-05 7.830184027158454e-06
237508 3.388653095111021e-05 3.397743975324809e-05 3.090509924808576e-06
