929 0.001850420698588238 0.002590954423280755 0.00013778358369097115
2626 0.005084805013617743 0.008754763356298247 0.00031717707678615467
3684 0.002055107713333025 0.002564393270571053 0.0001475484242801539
3812 3.0632798381331e-05 0.0002209432454232758 2.960050871783268e-05
3982 0.0003346178978351694 0.002450447797628773 0.0002220693725800029
4029 7.15466517955626e-05 0.0002286105822335328 1.4700180707167766e-05
4473 0.0001255826222773297 0.001675360229537098 0.00012006743359999803
5658 0.0005394878962362183 0.0008492850379412371 3.968601218252293e-05
6379 0.0008453175889492452 0.0009698057626590026 6.754791590604653e-05
7683 0.0009147875405936971 0.00159166027708408 9.580882861378299e-05
8448 0.0002332155503444726 0.0008236798099887525 0.00015930279627435591
8903 0.00174483461621264 0.00174590007324838 0.00011202166022095445
9117 1.020523698144113e-05 0.0003305178778325337 9.118782870412743e-05
9144 0.00330408550172288 0.005087455917071889 0.000291507849035489
10254 0.001161738378840562 0.001882453208635655 0.00013611522909629014
11230 0.000373606363941617 0.000756106021936539 0.00011045042563754287
12072 0.0004469649456985909 0.001659281827012268 0.0001258699658430489
13555 0.001004867171187004 0.00188689293530873 0.00021603998617771808
13597 0.001392592277764257 0.00639907780917817 0.0003526120555354864
17135 0.0005270346287065036 0.002286055726295123 0.00016792048778147358
17435 0.01669415465810682 0.01975283683535088 0.0005269922363793856
17723 0.001139462490046311 0.001382294939687976 5.1325041232333256e-05
18232 0.001478520788718787 0.00332909402683396 0.00023704786323496416
18546 0.0009406565282884539 0.004669278869680348 0.0002560805469061941
20384 0.00109412299002377 0.001180101432752899 2.8951405495911074e-05
22022 0.00056672869392161 0.001697551578058044 0.0003114011074584072
26061 0.0005666564379565869 0.0009460442453030078 5.68508745362302e-05
26815 0.008336075648522384 0.02693739712969671 0.0006716245400396689
27697 0.0138266120635802 0.02949302134168378 0.0003659527158679668
28658 0.001477107572424869 0.003294215396232695 0.00019326557053119656
28904 0.000101590199813619 0.000661578753242778 6.629415091336213e-05
31543 0.004315292121642549 0.005284535465940299 0.00019886853867066064
31844 0.0007180804990180748 0.001073673611146947 0.00011954102975196229
32393 0.001413382221344061 0.003679887226610636 0.0003015175717009267
32617 0.001384936747375822 0.001458362954141129 0.00010849865305942945
33122 0.0002991052482083413 0.0004555162736673872 7.222544278063804e-05
33382 0.0008627383314640669 0.001428353373828311 8.117240083201603e-05
33565 0.002413405077229365 0.003444404382529455 0.00022982699645226147
33780 0.003034778117402517 0.003407039838892188 0.00014711816196899004
38261 0.003017607597641895 0.003296593095762332 0.0002645872612673198
40567 0.0007836412122955394 0.006335560130129619 0.00039689443130096343
40874 0.0005481761186306253 0.0009367723335487098 9.347883363259282e-05
43157 0.0001821768813924183 0.0005759359820179871 0.00014336916305798082
45223 0.001120386242772942 0.001146661701818987 7.98978231138866e-05
45705 0.002134591739898385 0.002271991989158274 0.00026749142795203776
46789 0.001543025312805643 0.00179190557259234 0.00018467227079851847
48905 0.001013595385879692 0.001384272980355276 0.00015430339876494896
49034 0.003538705560601645 0.004134908536585366 0.0002582617396959391
49077 0.001296293624142719 0.002162498893120923 6.438204724471942e-05
50054 0.0004230341663319773 0.0008617378386876549 8.988709558912169e-05
51188 0.001134189853011341 0.001176080276279278 8.265833981708661e-05
52526 0.004545081107191359 0.01890172616663013 0.0004281602007145444
53107 0.0003961962180608361 0.0005875874850814794 7.402067842141009e-05
54309 0.0004919226258256361 0.001305240619409504 0.00012661339023867314
54703 0.0009643974505454739 0.006995298956945071 0.00017904751637092242
55145 0.0008482843049636448 0.001920696719951656 0.00012324621248424933
55696 0.003217086785924597 0.01937415051198249 0.0006896414224464089
56991 0.001436907377634211 0.002055543063670226 0.00012559056554733658
58152 0.001168618692705222 0.001440662819127329 0.00010311028144865161
60028 0.001190544103458283 0.001194050264489624 4.530452252856218e-05
60230 0.0003927876736517885 0.0006282881444931157 6.614596838586433e-05
61151 0.001317962245364637 0.001898577361547611 0.00012104150622083868
62983 0.0002655782366998187 0.0003506829951295396 5.3597463665500134e-05
63414 0.001458125657354544 0.002688973234746313 0.0002457031372676608
64016 0.002233370767738246 0.002249216402774082 0.00023886041635951585
64634 0.0001853354782615558 0.0009629825735312094 0.0001396675578179114
64760 0.0008645442237234448 0.00216891631614943 0.00022195666721066022
65723 0.003698454001280975 0.006588319099148223 9.925000336968782e-05
66062 0.0004186348776804989 0.0007704479738847304 0.00010197859415726431
69274 0.0002957461973224977 0.001234337098929686 8.556930058626478e-05
69687 0.003378521052409308 0.00377076818447614 0.0001606506001990189
69738 0.001670077982186613 0.002790490094450554 0.0002047996892037618
70488 0.002993827048355393 0.01195807433184245 0.000658481614601356
71064 0.003805162773423137 0.006341237338241636 0.0002555935486156105
71174 0.002327731667827232 0.002410464499847482 0.00013951711269764185
72053 0.0003896726935847721 0.001797946211688822 0.0001217108198216494
72784 0.002688899396284217 0.004799082887420395 0.00033929619876116996
73189 0.001228890944791394 0.002037277544080361 0.00014617418502357337
73197 0.002687886777876925 0.008125539395291403 0.00046460118276973737
73449 0.002091396892800872 0.002095697858072983 0.00011257295477520086
74129 0.001365469783681389 0.002276361872251181 0.0002288722415495855
74238 0.05199931923338756 0.09563432231374064 0.0009813986108188017
75171 0.001833932085845491 0.002753444773200482 9.864565150260551e-05
75953 0.0117203869174581 0.01562525454147756 0.0002478431839257404
76572 0.002367517466242194 0.004618505784877859 0.00017801685426890087
77333 0.0006117100745592389 0.001214349721220912 0.00015457733023110793
77463 0.001038215604009737 0.007422160875066497 0.0003313452796293537
78385 0.00155268384388688 0.001691554770652451 0.0001296544506771838
79238 0.001129676051943581 0.001316980863178533 4.087590636348361e-05
79267 0.0003811567624820484 0.004016352800711537 0.0001742832087325239
80672 0.00607024756819281 0.01361437905386183 0.0001774903312884143
80982 0.002176420825006264 0.01403296225104682 0.0007332336553852007
82560 0.0007599369859445741 0.001836902344456915 0.00017214949060634653
83073 0.008700605314725815 0.01486628796814819 0.0003934921235532597
83560 0.0007069408675511811 0.001626026811816881 9.409279820999991e-05
84622 0.0005258471346378818 0.001670667914614393 0.00010311219314770646
84810 0.00402273780695549 0.005585738170681942 0.00011275701548394543
87168 0.0004810137667155078 0.001598775037886341 0.00012478256285964543
87230 0.02690062511491083 0.02882591775448918 0.00048499297880926634
87312 0.001182263154721691 0.002166032217054381 0.00016836653112363767
87634 0.003786079232131249 0.006672069253471742 0.0004759784680967812
87915 0.002843858093024317 0.004137460863643511 0.00024786594776485623
88082 0.006415595885892212 0.006434205026236575 0.0001501710280474833
88358 0.00664197958771049 0.01540658011228066 0.000362079127593548
88904 0.0011696343430635 0.001833611287852361 0.00014558529172983958
89844 0.00181199544225688 0.008102543686757113 0.0004895305212480611
90506 0.0003878163676544036 0.002295426728239788 0.00023633097064385583
90549 0.002900122088759974 0.004028880273633988 0.0003702299176013399
90875 0.005260300179907163 0.007410681049244336 0.00035206833758237154
91213 0.001319310165697111 0.001530664897947343 0.0001040481856493597
91583 0.0002095770567333476 0.0007870643079281231 5.939387109990328e-05
92484 0.001647630809872329 0.001788853688230012 0.00012194968222150132
93518 0.0008790690381455819 0.001558471727438199 0.00018454953306049255
94012 0.00957627044266053 0.01263465069084464 0.00046655935318434566
94290 0.002236172070956224 0.003437302205062604 0.0001327519070430233
95950 0.0003730756337308442 0.000687848911742107 0.000102434802567769
96731 0.01173257255455458 0.01220544292483348 0.0001653531095501172
97129 0.001136424965816456 0.002365508069209623 0.00015505770496822944
97994 0.002102367427548773 0.0110884402285348 0.0005841654980014685
98456 0.000573813839863669 0.001033661926347182 9.681027734119527e-05
99522 0.003217823164974889 0.003631017969024599 0.00013086663859105126
100090 0.001190147508405017 0.002522500632034704 0.00013392258196600015
100222 0.001639100664860057 0.002817491019839826 0.0001870253721541601
101234 0.001092493206057875 0.002643768950232759 0.000125057042331495
101610 0.0006167119563605243 0.001260098756514329 8.527255126001736e-05
102407 0.00192148818129354 0.003276880747296445 7.309598840868307e-05
103269 0.001026227518641869 0.005698689310104182 0.0003050676759388659
104074 0.002305044387951648 0.002395086058483131 6.901040082876809e-05
105422 0.0002378527905323445 0.001546491179209604 0.00016340365524086247
106693 0.00967659354348331 0.01220544292483348 0.00018067651319287072
107392 0.001827707497347539 0.001973350009523996 7.266098063482311e-05
107564 0.002374176573202738 0.003435487760417342 0.0002727469374402553
108356 0.0008045658964050522 0.004233799584046009 0.0003590985025641198
109389 0.0006628206911898509 0.00146843490173976 0.00011559227596089858
109928 0.0008652474611080153 0.001767874285159329 0.0001771893767810418
111023 0.001415657842527071 0.001574366867038896 0.0001806921620103501
112876 4.838881247111037e-05 0.0006189220809039009 6.094412099710453e-05
114505 0.001979218218359966 0.005600548739562631 0.0002988255042943859
115165 0.001727032669367409 0.002003307022818344 0.00021761580024250363
116262 0.0009837287704581296 0.001201799126916793 7.774107064034163e-05
119266 0.00228395823408752 0.002907031722700197 7.104196357136594e-05
119268 0.001301019112809732 0.001919380274497713 0.00011104722179507036
119700 0.0006609386236944239 0.0007316565893101494 5.452790947559306e-05
120284 0.0009375987929616102 0.0033357205950005 0.00019279765731812143
120922 0.0002208217745757731 0.0003519115204000472 3.39519756612032e-05
121302 0.002037884626626423 0.003602722135741006 0.00018468537535397544
121956 0.0002023672805885898 0.000919672782615826 7.604413054358106e-05
122028 0.003338429515580021 0.005742367149702608 0.0004062578762829707
122806 0.004134224019791512 0.005965668539651067 0.00042453710515896514
123599 0.0001012232283074299 0.0006111866119707887 7.66314475376349e-05
123953 0.00373869711595612 0.01577643283260328 0.00043366736967805265
124686 0.0009835038037886536 0.001237458758968943 0.00018182212288448917
125300 0.003611271433056408 0.01642720149977948 0.0004519709498602906
125663 0.002332974903552697 0.003537108086727282 0.0001248609726095146
125995 0.0006730205040156207 0.001192311607550294 0.00018572541647972712
126633 0.04627425531459705 0.06071238435386982 0.0007129730763309268
128146 0.001255940223320236 0.009246061515213514 0.0005808222618675494
128828 0.001244675124234136 0.001317165003410271 0.00012702584133334447
129780 0.001793038815323577 0.002241487770030832 0.00018388771327129444
131943 0.0005609400607498086 0.0008992617309638517 0.00011102649361764762
132126 0.0009670859748928802 0.002464132851447633 0.0003759978779064293
132564 0.001373051477800081 0.001739983860281908 0.0001415769895834407
132701 0.001604379254776407 0.002109161085856178 0.00015778239414869917
133311 0.002743624458892219 0.005294889821401505 0.00025695178691478453
133533 0.0003937503382244425 0.0005143088832232271 8.888241266029325e-05
134870 0.0004298043147254485 0.0007141157824197235 8.331404994151774e-05
134968 0.002646553863938791 0.005493255737746925 0.0003379260146128102
135241 0.003349902158451611 0.007516343349841242 0.0003920358771184883
135425 0.001116686671910175 0.001227144049788087 8.929059848530941e-05
136560 0.003235757952739085 0.003457996611819814 0.00017294691121562557
137954 0.03714646595215057 0.06071238435386982 0.0009304613224859668
139352 0.004855618193030246 0.005276057811167702 0.000209517848857363
139465 0.001078583656985845 0.001322609830001586 0.00013558542091328754
139978 0.004094480584892497 0.004743052237053959 0.0002070065280701731
140282 0.0003498192019678857 0.0008016328521443824 8.63280790038371e-05
140474 0.01016975644796813 0.03058521378603521 0.0008678560250952416
140995 0.002937346812474792 0.007932325943120348 0.0003060883794440628
141216 0.0001464104979131951 0.001786301709377315 0.00015315454210065984
141759 0.0005742647083632781 0.004125445305242473 0.00030475474724744146
142131 0.00418806314687223 0.005529475612705104 0.0002826873547362508
142395 0.0005411959698727876 0.0007473239204830375 8.511838866513542e-05
142876 0.000724031186352685 0.001949013096167754 0.00011642792463893087
143063 0.002813046346345079 0.003399557316596112 0.000102382702953183
143445 0.001709454550116224 0.002048093462383763 0.00012719320432096694
144217 0.001091664664710371 0.001431573537394428 7.5221723765574e-05
146179 0.001127420915693875 0.003490554110759814 0.0002176814025284126
149537 0.006020584515012316 0.006213620206854865 0.0002088490576649327
152209 0.001300154454364031 0.002105224634463664 0.00012624626025437984
152772 0.001378130970411783 0.001536352969102425 0.00015325545274553004
152842 0.002428166344257536 0.005679187373229744 0.000351825311332781
155597 0.003440143438008864 0.006470783289689912 0.0003812276531433363
156268 0.0006215665125361426 0.001434896517971758 7.265393505383686e-05
156673 0.0009906405110053969 0.00165673880874388 6.868298950222617e-05
157585 0.001085815689912303 0.001339558887366306 9.466434914793024e-05
158405 0.0001456479558027208 0.001858794281599514 0.000319108456450846
159435 0.0006864568156301924 0.00175568062008414 0.00013268878788044966
160648 0.0005199960362470258 0.0008199748089024772 6.153240642842231e-05
161242 0.003105913549771309 0.00400953520666925 0.00022075911738608352
162461 0.001683138855729582 0.002596243781139709 0.00015742250647299259
162767 0.000852599934989255 0.001775834533220774 0.00011023388158612208
163359 0.001224501041676465 0.002600487426108636 0.00019221390859924648
163523 0.0007777244869099517 0.001649840361571622 7.152296046383096e-05
163707 0.00232477544030935 0.01746012173387927 0.0007840566523637102
164349 0.001939378517744137 0.001945348356914524 7.957866047373974e-05
164522 0.0002941972105361033 0.0007281894939681555 8.894096134953764e-05
164811 0.00149949184412521 0.0124818449328357 0.0003013712353440229
166314 0.000382089813863187 0.003514289462532198 0.00013816674452185468
166831 0.0004293579943527558 0.00180229948383593 0.00012310705794633375
167838 0.0007164742492095879 0.0007853254014877719 6.439904431959533e-05
169627 0.006958175060140916 0.009179756834556244 0.00035438173783732734
169764 0.003794329078046606 0.005578525293036316 0.00017290377528943147
170672 0.000942555390857982 0.00110087089012882 0.00015708989425441652
170876 0.004017512946295538 0.004241986839949528 0.0001532939538963418
171155 0.0009772815892450333 0.006658511504781505 0.0002548909247321115
171724 0.0005008270254972472 0.0009316880260547729 7.704519972445516e-05
171968 0.006479633855193263 0.006548047395893994 0.00022544453424405085
172835 0.001098699685109301 0.002238938592010566 0.0001674014563488011
174110 0.0149380072698302 0.03004822235985265 0.00023996396575724806
174336 6.242429428685056e-05 0.0004493046776827867 4.1986667315673105e-05
175100 0.0006656288150985838 0.003624889184237315 0.00016455319805729266
176679 0.002592668416819274 0.004880241248729975 0.00022595413690716816
177486 0.0009924730319393476 0.005425985353439657 0.00046906425889191354
177852 0.002205937321150568 0.004583702494428883 0.00013796086005461855
179030 0.001852805740302489 0.002494058869615504 9.104954898342845e-05
179140 7.90059115054066e-05 0.0001798402554899071 5.106166340496312e-05
179497 0.001476362591140719 0.002378495590942558 0.0001614275248246281
179742 0.002946060697443044 0.003821788399078813 0.00011053859152321923
179938 0.002152027715508457 0.002211764690078912 0.00011159412430098773
180042 0.0009564587157971481 0.00246919248842709 0.0002415455390176005
180716 0.001950683204734506 0.003317920881194284 0.00016421251033150883
180782 0.001889477398578424 0.001983600812191544 0.00011672488343865811
180855 0.0006715053466166057 0.004022071764746388 0.00021360568568878208
180865 0.006868188082302766 0.01795293929265404 0.0003536543876149746
180988 0.003707434547571762 0.003883767071794916 0.00022671095543903123
181158 0.004598592091962776 0.005552532505527538 0.0003943263937426669
181726 0.0003615598906297251 0.005867684948293815 0.0003727462682775605
181912 0.003379706336056676 0.005785340725215694 0.0003506956198919846
181916 0.002254446447358425 0.01295096817438253 0.0005253004594235027
181952 0.0002029965807024777 0.00126835651871634 0.00014590249983670292
182867 0.004609116031386366 0.00796478730232798 0.0005010754064658361
183681 0.001859696915428098 0.006362989647677296 0.00023297100782289086
183700 0.002311864571466219 0.003475247476449379 0.00028400541623708466
183952 0.0001276775811514989 0.0007420026659674628 5.745972073241119e-05
184046 0.001222953673752111 0.001347695409299892 0.00018074575405978716
185847 0.007721154807887717 0.01202162075951709 0.0003225223382318914
186196 0.0009431994413357155 0.001469617148131246 0.00011304490671786768
187397 0.00016689585640147 0.0003032760956040083 3.99671442812236e-05
187417 0.004184640277860114 0.005536032932298469 0.00012275450321370563
189097 0.005120455151569028 0.005626873792932998 0.00020476107926982795
189841 0.007520644415310099 0.02574252377314381 0.0003872323766755899
191429 0.002906799804187223 0.01884456967422809 0.0006495776093454684
191514 0.0005720045220456508 0.001116609048292261 0.00014893478817189698
191645 0.0007259056050498833 0.00165061792374217 6.843440663163185e-05
192162 0.002899847853943457 0.006039760240952145 0.00035976634297218936
192301 0.0008515215477823334 0.001184307795690821 0.00014522600339497306
193684 0.001138655774159014 0.002392010651529392 0.00025682100034097986
194064 0.002163737857148224 0.002221607378101974 0.00017553337869690225
194189 0.003947857059790539 0.009223434546318954 0.0003111168813335362
195866 0.01016462684110134 0.02690190841803795 0.0006332304116389453
197310 0.001849433033185764 0.00796493081785393 0.0005281382665885837
197516 0.004276654197163102 0.005861760326153363 0.00023403376591799073
197672 0.004884615149560948 0.01360068388155 0.00043769502935049034
199180 0.0003813115755822961 0.0007664430367512882 4.432659418606715e-05
199198 0.002858284529980529 0.003347831542812947 0.000254556873279039
199947 0.0001382349353717401 0.00142063987317143 0.0001428538123840043
199956 0.004559499036178349 0.006911231812010032 0.00039781211626857814
199982 0.01308804264325856 0.02438760978773513 0.0004280071614738815
200647 0.004615903410632107 0.005263014283713571 0.00016716387360904815
201747 0.004041209726038039 0.005588298596272334 0.000388406302818096
201803 0.005161345066603489 0.03012978382549928 0.0006271530270332106
202027 0.004520831091681246 0.01011734804830619 0.00015175181543792624
202590 0.003005108688562635 0.004258977505644525 0.00022592879979078562
203364 0.001061606628546519 0.001271602431381492 7.908233809612636e-05
204143 0.006078935228993187 0.00619909089275811 0.00016533923880740164
204601 0.0009883360506665916 0.002441694585823393 0.00018930385727234915
204965 0.003709785650767326 0.005701330283061111 0.0001797257586276333
206526 0.0001679611237526364 0.001249096841449319 4.088021720859444e-05
207120 0.01393933080514238 0.02388479236268434 0.0006642479863978015
207276 0.002305795018416463 0.002343201988840032 0.00018023468481132636
209255 0.002514797642148204 0.002536688322860295 0.0001170256242302902
209557 0.001263981235236657 0.002718060892487065 0.00023697407505504994
209908 0.00991565970214894 0.01171353988104558 0.0003899921820569522
210356 0.0005877606283792156 0.00101555576298482 6.159344328197804e-05
210387 0.008507885876306929 0.01164493325442971 0.0002557326942132349
210670 0.0005457205043608719 0.0006429188284491153 6.702454616336417e-05
211844 0.001988281708634947 0.003325668191801619 0.00015819286029715608
212448 0.001033276452899707 0.001186251301839607 8.504449772715418e-05
213320 0.0008978302899393694 0.002075046149408423 0.0002131721446971076
213778 0.0009890104202818603 0.001073141683928265 8.48523368193201e-05
213882 0.0006001616432858967 0.001131264881694046 0.00012588365411747376
213951 0.003525086150969114 0.005577539778174863 0.000165313488936996
214073 0.003053205117589509 0.008053038117380094 0.0005470657397992102
215287 0.0009558575436067566 0.002603697413915699 0.0002027642792989391
215305 0.0006939077805671547 0.004174286523051341 0.00047256899799878103
216232 0.001490225240249096 0.006565483887579114 0.0003083177074653467
216840 0.001179102189040238 0.001554663042987573 9.705357562572546e-05
217777 0.0002269133689824741 0.0008096680719967563 7.920306570515045e-05
218685 0.00513638839156807 0.006294070387703562 0.00040043008374399103
219593 0.00100236844784527 0.002086198142834579 9.149697301082266e-05
219649 0.006485608014496292 0.007101846514705158 0.00034523029671654573
220059 0.0003501421730926753 0.0005183992880603136 8.98608830851586e-05
220236 0.003048838845987806 0.004130251601090232 0.0002861591167277582
220309 0.0003669483124968746 0.0006709165858252274 7.939748105090018e-05
220566 0.0006358638607434445 0.0009541818707614672 0.00010414816803865368
222641 0.001167232146059649 0.001465481780811861 8.832876533103761e-05
222702 0.001043402954395465 0.001824157808334753 0.00016745401552342506
223138 0.002728474902151971 0.004440485696787918 9.9748508596182e-05
223645 0.003412161488679591 0.005293534427678555 0.00019272953437315593
223979 0.000102844490044379 0.000781217776436901 6.385851826914324e-05
224033 0.003961547619315873 0.02332477041916666 0.0004982839408355067
224124 0.003352037412548068 0.004153151487740752 7.292973686778399e-05
224129 0.001903043459873976 0.002565927841648884 0.00020068990901981487
224361 0.003910823302802691 0.004360310197534279 0.0001209471966275963
225839 0.001819247968371075 0.001882942082132437 0.0001591631413568038
225982 0.00150054079469786 0.00612086714415406 0.00046978691297410786
226024 0.02092369039929085 0.0331899595512019 0.00038586872564481625
226397 0.003607433461923494 0.003930444900010062 0.0002468596646635418
226614 0.005610431804322986 0.006441387773387916 0.00019622412239275841
228517 0.001417950075648679 0.001787394284776411 0.0001520693949175026
229649 0.001187672040504958 0.002385357866295339 0.00023077600380277429
230558 0.0002815024825736049 0.0003747809472432143 5.404224118844463e-05
230953 0.001224053157213149 0.001510278966339743 0.00012325903302839672
232301 0.00104155793761857 0.005454634985647374 0.0003271251568058854
232489 0.001826581907969209 0.00221440085447123 0.00010891908921389444
233231 0.007181247636615246 0.01788878853602774 0.00028091158083416934
233562 0.0009456373537865163 0.001097138000090329 8.706787897214635e-05
234236 0.001600099026472537 0.00164631906727381 0.00011807874749031576
234429 0.0002976140855108517 0.0007699593415346488 9.933880469963241e-05
234499 0.01738297043936626 0.01779298186959132 0.00024966722030002786
234538 0.002416267692460033 0.003271642166209028 0.00031766658034303614
235064 0.007162021412456618 0.03072446890086706 0.0004046051374513123
237278 0.0007767713354137539 0.00359878745853843 0.0003808878032454364
