929 0.01700462856959557 0.02225828286131822 0.0012936179920959219
2626 0.04874791488410945 0.05251081896343317 0.0026958053320498636
3812 0.0003621219873688743 0.002066901590778388 0.00028966199087666065
3982 0.003630541368021662 0.02060645682514581 0.0020156845092723615
4029 0.0007988969645667621 0.002316764942491878 0.00014380306417245158
4473 0.001431575461647135 0.01380808649817687 0.00112560081825848
5658 0.005723261301443225 0.007381772944756793 0.0003907449115971397
7683 0.009475714948176432 0.01355549882088677 0.0009311557619816016
8448 0.00276853829336819 0.00733206412020098 0.0015280327829334521
9117 0.0001223070819094239 0.003005053645912372 0.0008681490569076708
9144 0.02948400695901196 0.04074658784821947 0.0027558761771092678
10254 0.01247106002645059 0.01931660101441938 0.0013273104327310669
11230 0.004256965380876432 0.00793039941896533 0.0010799571201568733
12072 0.005221585489351651 0.01415504067844906 0.0011841185397121862
13555 0.01003588809651561 0.01633851182958012 0.0019773187606895166
13597 0.01178668575633127 0.04847363757680384 0.002931773874567077
17135 0.005111622957787464 0.01945871183259343 0.0015787296978452927
17435 0.09914410555447629 0.140583305104444 0.004498320078254212
17723 0.01004249874308886 0.01342495165270881 0.0004961491410283149
17851 0.1726609410555678 0.1736613934135445 0.002534999933701741
18232 0.01491617912442425 0.02815780890612828 0.002241008638080032
18546 0.009505074251771539 0.03670920973369591 0.002250289514372554
22022 0.005567891067178546 0.01688935693021859 0.002857279930147449
24775 0.03834986481676208 0.03871205938850266 0.0015287480175918656
26061 0.005452198376497278 0.009102561134758776 0.0005591301628720827
26815 0.05693469721679751 0.1694077201657612 0.005414110694430188
27697 0.08863067336834773 0.1904792853315237 0.003216929438167403
28658 0.01305130499430795 0.02717536658615429 0.0017504040880515022
28904 0.0009047678250003893 0.005801579601055419 0.0006329865787021494
31844 0.008155375424797675 0.01007223455098141 0.001148282744706919
32393 0.01311111424605238 0.03757206183502056 0.002879392279217236
33122 0.003472184009759557 0.004651633017097153 0.0007097423811566698
33382 0.01004100075307506 0.01120753984531074 0.0007461376147964888
33565 0.0114877802149319 0.02731112941218816 0.0020163484410071794
38261 0.02405943358661836 0.02643027632445176 0.0023267307511676875
40567 0.007188915793651466 0.04938475937148114 0.003473603054556479
40874 0.006072858726146714 0.008321924843153526 0.0008800513674703237
43157 0.001887328200902132 0.005606540252324974 0.0013743081657086184
45223 0.01034129642998434 0.01070914673074967 0.0007616854327471864
45705 0.02006875317941217 0.02021694689442022 0.002530213674137069
46789 0.01539644763159479 0.01684077841336689 0.0017002030358569573
48905 0.01019967311579542 0.01265559964032556 0.0014093803766277648
49034 0.03145498071287593 0.03227902932293952 0.0024268535413926175
49077 0.01172283311291108 0.01954791348452588 0.0006250517747004614
50054 0.004580453651383561 0.007749074049395006 0.0008440560906170006
52526 0.04222495674155043 0.1299528181096515 0.0037427643451733187
53107 0.003842552558434281 0.004952486872540156 0.0006587737041778742
54309 0.005168919118546882 0.011439585248578 0.0012101625927385341
54703 0.008823231962353888 0.05145305750388237 0.0016179506791423532
55145 0.00827732284347423 0.01828700957604203 0.0012365202108706988
55696 0.03171945084480841 0.1469227105297819 0.005944752049262132
56349 0.08859054565274176 0.09955072473547416 0.002802436931873669
56991 0.01495379560089027 0.01603587506443606 0.0011276858210618108
58152 0.01181611084525317 0.01337100167490502 0.0009991161947759378
60230 0.004356166492360642 0.005803100956350069 0.0006240388798746992
60835 0.04329865943743093 0.04530947002562978 0.0025495891006904374
61151 0.01422706468585424 0.01724933122821779 0.0011623751518754042
62983 0.002818918296816582 0.003076576461346998 0.0005057620232147896
63414 0.01234527124423903 0.0219022023613547 0.0022175711765173418
64016 0.02025386399219836 0.02182076115861977 0.002224305829277189
64634 0.001900386477764917 0.009007924672039236 0.001303961469493056
64760 0.00881576593188351 0.02030541065977714 0.0020364275826624412
65723 0.03544487052921982 0.04583164528933557 0.0008517970436546984
66062 0.004507251075319938 0.007061966184194761 0.0009772979582901623
69274 0.002480337730837138 0.01066323009597253 0.0008049006484769628
69738 0.01802558862604716 0.02310987652169292 0.0019266499611962633
70488 0.02742434975247698 0.08782071257397228 0.005618292404816997
71064 0.03282883781911309 0.05015602086241748 0.0023567116415252705
71174 0.02016824854202096 0.02046971929309048 0.0012266486260623585
72053 0.003682593587758788 0.01617749400979421 0.0011593691808215274
72784 0.02510948259118951 0.03735436173316113 0.003106499117687223
73189 0.01188223572847857 0.01868588864639759 0.0013566598927656037
73197 0.02216498435922786 0.06473824677447777 0.003813333088478776
74129 0.01153122803252402 0.01819599791335559 0.00202318299369376
74238 0.2313887271334666 0.3858369237780468 0.007422200449936064
75171 0.01797748590411239 0.0240713444388356 0.0009299416102998894
75953 0.08719613206105897 0.1025226558393316 0.0021230825967946745
76572 0.02276790272748831 0.03458883370530912 0.0016240639046823583
77333 0.006399647666392918 0.01145020333553644 0.0015103057882726112
77463 0.01078082009139062 0.05642209319883294 0.0029851926422976467
78385 0.01370476170412452 0.01484214317828034 0.0012302005790382374
79267 0.004280085941043694 0.03147443760847548 0.0015421859584267142
80672 0.04926112039316218 0.08696181978701396 0.0015812648949199873
80982 0.01784802233246319 0.110131179972576 0.006176983855105343
81547 0.01546363993436387 0.01590878971848921 0.0006952226950476212
82560 0.008340944643911597 0.01604126644102536 0.001635660759016867
83073 0.06442552201150094 0.09753352654749492 0.003265102002381148
83560 0.006750909216311647 0.01268457454105784 0.0008738576564236975
84622 0.004703551113622565 0.01584553889754044 0.0010384510619858014
84810 0.03643872138778187 0.04982030764417807 0.001088338255272134
86375 0.03382504381264559 0.0425519024387521 0.0014365686210337477
87168 0.005349630211912964 0.01283712425087739 0.0011504873912146192
87230 0.1722827071072884 0.1964747749107188 0.003996665999375509
87312 0.01310198957609923 0.01930598290543568 0.0016074586441515565
87634 0.03044596523814868 0.04650364167918719 0.00401720254282997
87915 0.02893302677430655 0.03727452006113159 0.002458990401546651
88358 0.05302667750324203 0.1095655927577418 0.0031904762005294926
88904 0.01207458324130905 0.01630365192451393 0.001327910225043012
89844 0.01735364929704966 0.05848254377276286 0.004315419560188286
90506 0.003805079390873712 0.0187964540003893 0.0021112965778761123
90549 0.0290767784847516 0.03681484987292511 0.0033145187992860508
90875 0.0430772698134883 0.0584116787035797 0.0031399622842812913
91213 0.01351349096696264 0.01488210846859665 0.0010211654884611722
91583 0.002349220837423073 0.007460087058192318 0.0005514391101281998
92568 0.02386393703361927 0.02923591024208247 0.0015386978696519478
93518 0.009529614384664055 0.01359718489505918 0.0016896359456575534
94012 0.07125483131738686 0.09220051864558933 0.0039037682303298417
94290 0.02363634175086202 0.0266524949756372 0.0012929824764774686
95950 0.004118345319803916 0.006301062653703442 0.0009870033764332242
97129 0.01200576466253266 0.02265898343110792 0.0015328545622730096
97994 0.01922690985088949 0.08413386362982653 0.005013488279595345
98456 0.005641427123397715 0.01009653629561258 0.0009701322317420119
99741 0.08419711259652657 0.08524638380878652 0.0030155073340086785
100090 0.01102849558194935 0.02340340964857391 0.0013053758111915047
100222 0.01739347740749843 0.0192141934356858 0.0016588449270637329
101234 0.01229712938885829 0.0230285223370223 0.001217642848994942
101610 0.006329592457054491 0.01177408526710961 0.0007970743786292529
102407 0.0210006043132711 0.02758581373087878 0.000717199245112174
103269 0.01093137474424973 0.04520053021992373 0.0028524635320129527
105422 0.002123637447974069 0.0142804286879268 0.001539374360655556
106330 0.135244391343191 0.1513459348872054 0.005588460636364516
106693 0.06248014512589314 0.1049017694164976 0.0017292918023446425
107564 0.01903093840681199 0.0284175142214609 0.0024237871141171924
108356 0.00765549294454609 0.03426734144270112 0.003131532855682641
109389 0.005625976942204109 0.01315275290463567 0.001035232012908497
109928 0.007926239354161481 0.01587227745174781 0.0016623325386181686
111023 0.01305052637538532 0.01464153983806757 0.0017021871336226355
112339 0.0136230611811418 0.013717304638791 0.000681230834710717
112505 0.01767358276994735 0.01857813565174612 0.0014451283179543503
112876 0.0005404545999278419 0.005368312926913734 0.0005954184226224547
112979 0.01558411161458272 0.01711467958150916 0.00192795249261809
114505 0.01863132303705733 0.04692205793936873 0.0027231683039718384
115165 0.01564486136166801 0.0181668536156686 0.0020087014899258363
116262 0.01089693142692499 0.01181840690691509 0.0007481292442303117
119266 0.02238728187218019 0.02458805554349436 0.0006734726544511598
119268 0.01359515466009825 0.01803995356516975 0.0010496872755872517
119700 0.005487952703599726 0.005761241696225227 0.0005217118307639574
120284 0.01032712508150241 0.02648048606273863 0.0017122358698183882
120922 0.001891472837156219 0.003216938848097737 0.0003210860539419669
121302 0.01873755969141415 0.03216277967554547 0.0016551735105707012
121956 0.001910902246859758 0.008029025243708484 0.0007209885008466423
122028 0.03476362163590107 0.05135551793153068 0.0037013674385325836
122806 0.03402029475987388 0.04622861385540884 0.0037191923219304997
123599 0.0009704074490557973 0.005716063446908195 0.0007366776129816746
123953 0.03249143923595195 0.1065565124732335 0.0036204209802076196
124686 0.009209291890757617 0.01242686743986723 0.0017376896712043158
125300 0.03394701515066993 0.1211207747028772 0.0039065311379664425
125663 0.0241056670903707 0.03277357324796089 0.0011779073256556853
125995 0.006296311602993804 0.009958892175434495 0.0016577043125936043
126633 0.219212312067339 0.3624528700295574 0.005737672710315155
128146 0.01275320978983101 0.07041071187951024 0.004827801946054081
128635 0.2785555079767669 0.3858369237780468 0.008263628708249001
129780 0.0165383195678576 0.0179262628121124 0.0016798727890277787
129941 0.04752883458127502 0.0498667012827479 0.001405229523502857
131024 0.03542271594687688 0.03675642440145801 0.0023605174118152194
131943 0.006077154907247413 0.007529472107407253 0.0009936253511425369
132126 0.01006517530754331 0.01950368775412567 0.0032233554207830766
132564 0.01320478533941809 0.01495588407451973 0.00132850151163512
132701 0.01756921360261256 0.02153278774818816 0.0014001868383876639
133311 0.02251047365887377 0.04318363236512597 0.002247804610889268
133533 0.003986620181673914 0.00520085579740148 0.0008322623765820733
134870 0.003998139621786567 0.006609420541445219 0.0007788852813166786
134968 0.02124432970546627 0.0436906195560174 0.0028256445546042267
135241 0.03205606452979514 0.05366158922696695 0.003543107587307306
136560 0.02975537137694578 0.03387452744724545 0.0016553541918753454
137954 0.21953882646808 0.3695269477129633 0.00751941239849672
139352 0.04604851264101434 0.04984452347778341 0.0019546531700109604
139465 0.01176410151450909 0.01220096756646137 0.0012766990280472167
139978 0.03115001975978969 0.04044027102412985 0.0019129950828586618
140282 0.003252127833823854 0.006903897966015227 0.0007903005306702043
140474 0.06884795253492 0.2165482860918455 0.007153871090356981
140995 0.02764500952792117 0.05835207824713508 0.002676883674715476
141216 0.001274351665129772 0.01483749624911517 0.0013565890055919154
141759 0.005947227907182558 0.03395928016676857 0.0027929618364546417
142131 0.04092658277353715 0.04208465768591997 0.002570766081517785
142395 0.005479505418323783 0.006650317085171197 0.0007919342774112554
142876 0.007479849012078537 0.01541316484407833 0.001040084331258083
144217 0.0109356229419803 0.012149400717814 0.0006948060752324923
144981 0.01150850553369738 0.01240906048280561 0.0015482241820288845
146179 0.01103996407445579 0.02783517265031868 0.0019453089975353611
152209 0.01355846796069912 0.0211693219605619 0.0012125300291377958
152842 0.02007491119553948 0.03971513195137062 0.0030141486899268955
155597 0.03363119789913059 0.05054269307917197 0.003319701245938022
156268 0.00689580525637875 0.01252714150061857 0.0006782110347020505
156673 0.01080710578177478 0.01459722521308894 0.0006583508114050663
158405 0.001191599405100083 0.01780216894211184 0.002964659351794373
159435 0.007022449345248492 0.01820172675745003 0.0013596727188487567
160648 0.005646783958231561 0.007466111815131376 0.0005781341629870941
161242 0.03184699990523063 0.03254607227869331 0.0020953227137758394
162461 0.01815811964488715 0.02379793864307315 0.0014989201935884172
162767 0.008281968535997972 0.01607801791085227 0.0010592898989075646
163359 0.01175550453109596 0.02303242468268396 0.0017753019116375092
163523 0.008576590737722861 0.0157977455873014 0.0006712443099152297
163707 0.02019223507451884 0.125874290031368 0.006423619757340127
164522 0.003232931436155509 0.006326637709584574 0.0008270313898293099
164811 0.01670448010846654 0.09419559393095985 0.002526614340171925
166314 0.003355535925382616 0.0274772611287208 0.001234311055627805
166831 0.004040623641494428 0.01457559021768419 0.0011155399798204724
167838 0.0073291948799928 0.007414543954300526 0.000621574775538833
169627 0.0543062437556622 0.06628308928445041 0.003067552764159997
169764 0.03390827872909722 0.04088125319528368 0.001457205547718751
170876 0.03528903281020134 0.0375567496664738 0.0013978324544931641
171155 0.008824562582480245 0.04847865346509291 0.0020856256489037235
171724 0.0046189411812452 0.00902574973300015 0.000755090482002187
172835 0.01144344935649691 0.02156926244977543 0.001625523260150679
174110 0.1227705214336869 0.1732192791056327 0.00201854931739378
174336 0.0007465284483069227 0.003808097325343545 0.0003990985223641464
175100 0.005024874610223841 0.02848157331891434 0.0014772265472628749
175383 0.009543202975114088 0.01021123193283659 0.0007773500562695708
176679 0.02322839026806729 0.0392283149721557 0.002058614469237955
177486 0.008756162522044761 0.04445055166249166 0.004330171238612116
177852 0.0239526358803832 0.03614266999493637 0.0012282722919849441
179140 0.0008601437679177989 0.001832834996969946 0.0005203396301827158
179497 0.01449391642481295 0.02036111386609697 0.0015049382462331813
179742 0.02660108914674427 0.03646689030002328 0.0010740215613156202
180042 0.009241907978530805 0.02073189903792512 0.00221317093946206
180716 0.01933136633398837 0.02907890452376093 0.0015256573458417224
180855 0.007324140311896365 0.03412607738138602 0.002006631442641092
180865 0.05609298913134918 0.1260569070956611 0.0031204153343431297
181158 0.03883268049776212 0.04598455055284452 0.003724290786462625
181726 0.003601280079855728 0.04677851388088829 0.003370916017369777
181912 0.03196920281414527 0.04962885945703377 0.003301611202341077
181916 0.01897250417610079 0.09070752055296807 0.004297869267156948
181952 0.001860400473076411 0.01113768788261091 0.0013896338016640328
182867 0.03869462629557451 0.06823826107045151 0.004512370650871641
183681 0.01986254717289063 0.04640790095537138 0.002077676731476812
183700 0.02517485005002667 0.02858835945925926 0.0027792777644568773
183952 0.001523080951393221 0.00722738792548751 0.000560919134443958
185847 0.0642452667847446 0.0878840500819769 0.0027632004255242503
186196 0.0104032701230998 0.01291976988285757 0.0010601410446245154
187397 0.001978056594012373 0.002997582285953528 0.0003880369942729233
189841 0.06805649512260306 0.1825242609813135 0.0032440087408857413
191429 0.0261462945963836 0.1355443350407674 0.005351486825987366
191514 0.006139443426860473 0.009959233785274128 0.0014001784390394044
191645 0.007566472349797418 0.01359142502585717 0.000638866628148012
192162 0.02617738718605428 0.05173606664727433 0.003434688819842421
192301 0.009855593475020254 0.01026803030692938 0.0013570603964112467
193684 0.01296477275648659 0.01968476580470348 0.0023360164494904407
194189 0.03573451782559026 0.06960626755419609 0.002884100358497461
195866 0.07677002761750212 0.1485645195260709 0.005174737914806415
197310 0.01943628397388488 0.06516451211536893 0.004803185106493671
197516 0.03526421529091065 0.05027390024989192 0.0022353280456336847
197672 0.04834025095565506 0.09625326401512967 0.0038396471446305435
199180 0.00373796483250079 0.006688231427729285 0.00043331264857695764
199198 0.02465187372212617 0.02666745149132604 0.0023153264358162693
199786 0.1052321921951379 0.1260214039742627 0.001644641984642651
199947 0.001570098706509847 0.01337458055568878 0.0014194089071197535
199956 0.0356238926853961 0.0549181958611886 0.0035633229623551047
199982 0.09434429581947363 0.1640281507237121 0.003577486016918829
201747 0.03355670427106119 0.04500270808672914 0.0035426756906281236
201803 0.04671779453110195 0.1945792099773184 0.004822412783333264
202027 0.04901702816657896 0.06688699895352918 0.0013309674074382977
203364 0.009831438563680765 0.01182991712689034 0.0007579344178104336
204601 0.008900703275432037 0.02155948943199427 0.0017035050921447687
204965 0.03878477983643445 0.04078980985020729 0.001647694919516001
206526 0.001834943709502417 0.0099368286682446 0.0003890533978310826
207120 0.08644107906890309 0.1653540680301609 0.005542023675990149
209557 0.01110394182406923 0.02270153904698532 0.002158562203710862
210356 0.005778205427145962 0.009127420175315403 0.0006085030448646719
210387 0.06586280832209171 0.07554364199390548 0.0021017154640712733
210670 0.005424783147657463 0.006138116693767706 0.0006411268839652694
211844 0.02064863404667865 0.02503394534831552 0.001442256726550079
212448 0.00967800383828905 0.00987933485768103 0.0008216049747032727
213320 0.009441913825982858 0.01794127678578914 0.0019302211291404362
213882 0.006576731409635687 0.01022086580687343 0.0012093274875724523
213951 0.03273804122448424 0.04343398710818846 0.0014836138209693723
214073 0.02638950132315411 0.06294788677727944 0.004753678807043148
215287 0.01109962587900024 0.02493734170888889 0.0018860654880004412
215305 0.008168190186545169 0.0331905776614088 0.00413449170262146
216232 0.01363148041386733 0.05163731279634522 0.002799449544170566
216840 0.01257538046797159 0.01423184754785492 0.0009043660830206686
217777 0.002686085155552466 0.007145276031801425 0.0007367306946718448
218685 0.04477841412435567 0.05006617032339505 0.0035492395699135305
219593 0.009453553479115345 0.0164760868395608 0.0008326307058035016
219649 0.0499859013566994 0.05628081729635888 0.003239337847749163
220059 0.003067364004825731 0.004585912144594224 0.0008342266947031939
220236 0.03193512962309291 0.03348666796521697 0.0025282164788644635
220309 0.003488059727534979 0.006178818655603695 0.0007614505726841248
220566 0.005618465467622522 0.008504651715117807 0.0009886279129507336
222641 0.01250871541136065 0.0147681795426042 0.0008587142890034171
222702 0.01131790745853118 0.01614968594273665 0.001530144710479745
223138 0.02389334608302195 0.03899283732631809 0.0009317484083220921
223617 0.02543186061558983 0.02565411800476687 0.0017715688519232865
223645 0.03195572960276419 0.04213424078151484 0.0018361733935027991
223979 0.001012949483310433 0.006881554284488668 0.000604712423727186
224033 0.03810101910422964 0.1505542233573637 0.004126780797496177
224124 0.03568113690210961 0.03640529191179428 0.0007157834005538623
224129 0.01793928960228239 0.02340405951542365 0.0019314653971691223
225982 0.01321769522415051 0.04921473305901367 0.004138192969417208
226024 0.1365489462184689 0.2073638269237169 0.003279567790116609
226397 0.02880187244289104 0.03161568201670005 0.002192134172657994
228129 0.02662258510394356 0.02733967958279172 0.0016997242606617935
228517 0.0159242751432846 0.01729176169473844 0.0013534332532589828
229649 0.01113628790718632 0.01976590122886965 0.002110875812446962
230558 0.003308029660490696 0.003338727002121177 0.000541968404063392
232301 0.01085532839587607 0.04353043152915905 0.0028901436700919138
232489 0.01986004807017042 0.02186050480130313 0.0010234536807558143
233231 0.04825002080656541 0.126497688361053 0.0022588818745041253
233562 0.009729230999179893 0.009791689649454427 0.0008194011556623714
234236 0.01294408747674762 0.01349116951580106 0.0010807116814831909
234429 0.00327021028676813 0.006709111521989591 0.000952651729520983
234538 0.02229182056762625 0.02816383958973881 0.002830017647720997
235064 0.05574810200370528 0.1753746200571878 0.0034057400759174
237278 0.005207481970538035 0.03090687939128584 0.0032579493622621404
