0.21038055419921875 0 3
0.9195327758789062 0 1
1.1407852172851562 3 4
1.8096923828125 12 14
2.5655746459960938 11 12
2.617645263671875 2 3
3.3418655395507812 1 3
3.6310195922851562 10 13
4.347038269042969 11 13
4.65240478515625 1 4
5.541349055056344 10 13
8.807793370215222 1 3
9.172439575195312 0 4
9.987098043347942 11 13
10.180044174194336 11 14
10.329275757248979 0 3
10.444082345743734 10 13
10.468376782151775 11 13
10.852081740790709 11 14
11.258028210249904 11 12
11.294126510620117 12 13
11.464018371733765 11 13
11.60888671875 10 11
11.793121191294631 0 1
11.814193410324611 0 1
11.918210983276367 2 4
11.942863464355469 1 2
11.957645416259766 10 14
12.032328441273421 1 4
12.097001486302336 11 14
12.363156235915085 3 4
12.365019248682074 2 3
12.421035766601562 0 2
12.531276654540449 0 1
12.541620378124207 0 2
12.672984287663414 1 3
12.738346824223587 1 4
12.905061842545244 11 13
12.974951876094565 12 14
13.007280600586796 0 2
13.053417205810547 13 14
13.28593255711894 0 4
13.317689233646878 3 4
13.375348171034862 1 4
13.507271021389407 0 4
13.603057766009169 0 4
13.616698268994687 1 4
13.669156332840029 1 3
13.699130650939315 2 3
13.73956719109572 0 1
13.847272738654572 3 4
13.896775128729264 3 4
13.936291856184713 11 14
14.045329401984976 1 4
14.1230414519455 3 4
14.138770473737011 12 14
14.32342529296875 10 12
14.46140055968499 1 2
14.501892782070872 2 3
14.58795324176544 10 13
14.589089271652771 11 14
14.618215023547403 11 12
14.876994183926445 11 13
15.117475260992986 1 2
15.246894527146788 1 2
15.389062347776417 2 4
15.486817767388732 3 4
15.610150642365301 1 2
15.67452216606845 2 3
15.780787187941314 12 13
15.857501245428198 1 4
16.015085180094033 11 12
16.061599122039375 2 3
16.194620667272133 11 13
16.331231528063267 11 14
16.37937010045789 13 14
16.423005227069915 11 12
16.65750908889454 0 3
16.696395057125883 0 1
16.715119451246203 11 13
16.843844064898306 0 1
17.03794773401517 0 3
17.070208415941377 0 3
17.118074709820768 2 4
17.24951074176629 0 4
17.37592312748177 0 3
17.441108861761922 11 14
17.452906358195264 2 3
17.530427969246517 12 13
17.914144446734625 1 2
17.93807677245149 0 3
18.010948275908206 10 13
18.080616988900964 0 2
18.1068521224136 12 14
18.181708273498842 2 4
18.23291541083097 0 4
18.35290754843797 2 3
18.399334344781423 12 14
18.51890731486492 10 14
18.560526114311322 13 14
18.584444053507593 12 13
18.62598523609185 0 3
18.681215701508336 10 12
18.76463396474719 10 11
18.962742991721903 1 3
19.001482321863406 1 4
19.175527599660278 0 4
19.218346346152153 3 4
19.332310335852995 12 13
19.541504500673472 0 4
19.573824052369968 11 14
19.67616153220751 11 14
19.86896324041652 3 4
20.03144012285305 2 4
20.406168671438998 10 13
20.42011511422465 0 4
20.449941178105675 0 4
20.695083308301143 10 11
20.701541552665095 2 3
20.721262822603126 10 14
20.92398567686093 12 14
20.99942045641084 2 4
21.059693115364382 2 4
21.076675579087343 12 13
21.10192770706206 12 13
21.19206757877643 10 13
21.356165009423343 10 14
21.37968784196582 11 13
21.638666446296803 2 3
21.661961841045994 12 13
21.716049625827722 0 4
21.808463166090583 1 3
21.84972417243923 12 13
21.909224999489993 10 12
21.953852086430803 0 4
21.977462639186328 0 2
22.027463541733546 0 1
22.086582051852318 11 13
22.136183291169488 0 3
22.174744072586584 12 14
22.554327614387475 10 13
22.60232410098018 2 4
22.61739033941752 10 12
22.810777440915622 0 2
22.832328933185018 10 13
22.849055960144774 10 11
23.058357638032323 0 2
23.314600343687175 0 3
23.389880264370284 11 12
23.420892258197586 1 4
23.438796281786132 3 4
23.49063654385577 3 4
23.57933396299198 1 3
23.625611915034618 11 12
23.625820741523412 0 2
23.732744126334282 0 2
23.741690593296326 10 11
23.950764660355006 0 2
24.02940940923053 11 13
24.05606305245673 1 3
24.285455264232986 1 2
24.289484526547493 0 4
24.550166433238644 12 13
24.626510892401 0 4
24.746332156407 11 13
24.77417554816317 13 14
25.05111684049156 2 4
25.05998040178389 0 2
25.103949560261963 11 13
25.216537691651745 12 13
25.457832996664074 0 3
25.49608432067423 11 12
25.543428636600243 12 13
25.59569032947897 1 3
25.65302772521629 3 4
25.813366608653503 0 3
25.95237038230143 10 13
26.01751480373151 1 3
26.045600612137314 0 4
26.084595498111725 13 14
26.229246644625718 1 4
26.261905725150854 1 2
26.545732987825566 2 4
26.580105002267548 0 1
26.608342680336285 0 2
26.753580454160655 1 2
26.911159424990657 10 13
27.124594188612477 10 11
27.456502568984973 0 2
27.492767324386634 1 2
27.497744540691315 0 3
27.522899690579635 12 13
27.572207019742585 13 14
27.75380762198691 1 3
27.971687973627965 13 14
28.21471386227867 11 13
28.362680106563673 2 3
28.506930654499932 1 2
28.515024477149172 1 4
28.831661693402214 0 3
28.86166448468474 12 14
29.17706873946598 12 13
29.300942259674866 1 3
29.44002667206226 12 13
29.522724761919044 12 14
29.59522329184949 3 4
29.772505680769243 13 14
29.95237981978746 12 14
29.955679400726645 12 13
30.414052143378747 11 12
32.64988330881226 0 1
32.79008905158422 11 12
33.50492402601208 2 4
33.56578993393276 12 13
35.63514881860527 2 4
36.9466908913443 10 14
37.34200077263121 10 14
38.652481958769016 10 13
38.72025645467649 3 4
40.166449546813965 4 10
40.30919075012207 7 9
40.5181884765625 6 10
40.53328037261963 6 9
40.65966606140137 9 10
40.938663482666016 6 8
41.24973053112626 6 10
41.52603219845332 7 9
41.700155725186505 6 9
41.709184646606445 4 5
42.002752768644314 4 10
42.214345932006836 4 7
42.237138748168945 7 10
42.32206344604492 5 8
42.86785125732422 4 6
43.010902404785156 4 8
43.337831240341984 7 10
43.54560448603985 7 10
44.5063591003418 8 9
44.52667236328125 5 6
44.58646774291992 6 7
44.6408488121496 7 9
44.77691650390625 5 9
44.87668741722519 6 10
44.96574401855469 4 9
44.98001574875161 4 5
45.18394470214844 8 10
45.47791054790502 4 10
45.511722564697266 5 10
45.84450996583726 6 9
45.96642137262279 4 7
46.32124985853804 6 10
46.40699417486176 6 9
46.70391540421406 5 6
46.75814836954947 6 10
47.01660205319058 5 10
47.116845595883206 4 6
47.11970628551181 5 10
47.159596872677795 5 10
47.22868517474126 6 7
47.2425615334561 4 10
47.80049819928536 4 9
47.84168019539436 5 6
48.01356979972037 6 10
48.088436157559045 8 10
48.090553283691406 5 7
48.25014987529751 8 10
48.26006756484276 5 8
48.40731604747533 5 10
48.49451168556698 5 7
48.54169092820271 5 7
48.6236572265625 7 8
48.62548705787049 6 8
49.25330189392694 7 9
49.576907896086055 4 5
49.931931877210445 4 6
50.43031882178168 4 10
50.62333204888898 4 6
50.860256064968254 6 7
51.181481849069336 4 5
51.26698540584024 6 10
51.666457738610916 9 10
51.80403458310235 6 9
51.96683148088992 4 7
52.02372071133747 5 7
52.097408249846595 7 10
52.168167326347984 5 10
52.238777929929135 5 6
52.76511888951063 5 9
52.84070724028673 5 9
52.86817098822212 8 9
52.9233614159634 9 10
53.06419176631607 7 8
53.19170125349172 5 6
53.27945230391934 9 10
53.452139468687044 7 8
53.66438431347542 4 7
53.722978394240045 6 8
53.85614650174472 7 8
54.187706084454945 5 6
54.24485174753239 6 10
54.4417595162514 5 10
54.44487604455243 8 10
54.75196231009066 4 9
55.001643579791676 7 10
55.056283804719826 7 8
55.222889200893704 4 10
55.26508885668591 4 8
55.28354501138357 9 10
55.32570370298067 4 5
55.33171096976714 4 5
55.35245668277004 4 5
55.426936654550374 5 10
55.586739805651355 7 8
55.65268848760091 7 10
56.11532038638963 6 7
56.14015413862813 6 8
56.25632124160103 7 8
56.266809348425255 6 8
56.58207485349871 5 7
57.07073802205839 4 8
57.131084370015515 4 8
57.135556342139765 5 7
57.28475691127271 5 10
57.31612075473279 4 8
57.53749093352789 6 9
57.79281989836848 6 7
57.83043865479729 8 10
57.830662602420944 4 10
57.88746498191855 8 10
58.06569542201329 4 6
58.11002025010624 5 6
58.130833886361216 5 6
58.20901108232365 4 5
58.282490261030446 4 6
58.37328610407555 5 6
58.722713054099756 4 9
58.84756932148993 5 10
58.87710572694016 4 7
59.308384573877575 6 7
59.350606326653875 7 9
59.385227492060864 4 9
59.51532760164745 5 6
59.62712608537184 5 8
59.96832518545307 6 8
61.218272678003345 0 3
64.70980414033117 1 3
65.97086839843627 10 11
66.00311206125951 1 3
66.92279861038719 10 14
67.39925440800991 12 14
68.10146123899702 1 3
70.07595471196885 11 13
70.18765161963576 3 4
70.35876670501187 10 11
70.44840043994769 1 2
70.47055810422574 13 14
70.60596090930126 3 4
70.88628317171522 1 4
70.90530784027345 10 14
70.93877180662084 11 12
71.16438615354821 11 13
71.18485676545478 3 4
71.25274726206615 0 3
71.27602303566243 0 3
71.44904919512808 10 14
71.46457267490764 1 4
71.54714620719041 0 4
71.67605160302242 10 14
71.71359562638986 10 12
71.82698015914815 10 14
71.84431995171897 10 13
71.87784837496284 2 3
71.94224722438341 0 1
72.09628858267108 0 3
72.17568696539959 12 14
72.25830801065237 2 3
72.62448539717096 2 4
72.7194190313913 2 3
72.74084216711157 0 2
72.95462507766635 13 14
73.11724557023689 1 3
73.20311712971824 3 4
73.25153426023707 11 14
73.40923206692057 10 11
73.41521582510026 10 12
73.73843734012516 1 2
73.73920183950003 12 14
73.74535118891447 2 4
73.89432308539884 10 11
74.00909532182416 12 13
74.04126846906112 1 3
74.05319524689529 3 4
74.13320501669975 0 3
74.13541378567086 11 12
74.15924634824937 0 4
74.17514654202697 1 4
74.37245095357302 1 2
74.40371393254298 11 14
74.42113718002165 2 4
74.42448689605047 13 14
74.44918039138216 11 13
74.48573437337181 3 4
74.75043159570242 11 13
74.78167324499037 11 12
74.78897286619267 2 4
74.79138586156145 12 14
74.90387264983966 1 3
75.11531293935657 0 1
75.133462405194 10 11
75.1387532271342 1 2
75.17276738461058 11 14
75.20017193487067 2 3
75.28136536884116 10 12
75.35913069446664 0 3
75.55950642559537 2 4
75.60710407331379 12 13
75.63377528463435 0 4
75.6896667256402 11 13
75.69569367911839 10 12
75.72933798006423 12 14
75.869555930829 0 2
75.9157922989854 3 4
75.9388551115919 1 2
75.95606223899165 11 12
76.0854841487238 10 11
76.16608087015668 2 4
76.26402990503902 1 2
76.34319913610324 2 3
76.393037888543 2 4
76.41158151655388 10 12
76.49811640354582 11 14
76.73799973101538 10 14
77.08080006476573 3 4
77.2466992248145 2 4
77.38033459150716 3 4
77.39829538531802 10 14
77.41915723619995 11 13
77.6294442631665 11 13
77.66171707173595 3 4
77.74351490312955 10 14
77.80597844757146 1 4
77.84429008023858 0 1
77.98702098985123 1 2
78.02777517723466 2 3
78.09278915055977 12 13
78.17129019974644 13 14
78.42667904312025 13 14
78.55550206605722 12 14
78.66834648839713 0 2
78.67948923789065 3 4
78.87121055947173 10 13
78.87381003233327 3 4
78.89953022613997 2 4
79.02766369691875 11 14
79.04506220517621 12 13
79.12996001306551 1 3
79.23979406362037 10 13
79.24682093575028 3 4
79.45762043205987 11 14
79.46233202878165 0 1
79.57776818693539 2 3
79.5824094651612 11 12
79.61196407153957 2 4
79.63338304836836 0 3
79.71851606845233 0 2
79.76714818210564 10 14
79.8087655153447 0 2
79.98332022421587 2 3
80.22251580337017 3 4
80.32340032997692 10 14
80.43053729107629 0 2
80.4993513870809 12 13
80.50467088434058 10 14
80.67534163603939 11 14
80.69516370417247 2 3
80.79506666144468 13 14
81.27802086750972 11 14
81.28223456978336 11 14
81.36931805665185 10 13
81.49928462023976 11 12
81.7394010377187 13 14
81.8856807105725 11 12
81.93960483631757 2 3
82.0055152491402 12 14
82.03514540411129 11 12
82.04720676889124 11 12
82.11482614620454 0 2
82.1159348272162 0 2
82.17135199414795 11 12
82.21817996338109 11 14
82.31516881994247 10 11
82.72431098645723 10 13
82.74475477264623 1 2
82.86699132192193 12 14
82.99436337317816 2 4
83.14446549009965 12 14
83.28049903269897 10 12
83.2980017146435 11 14
83.58343497457491 0 1
83.85708880770585 2 3
83.93303052072255 10 12
83.93514186227219 2 3
83.95259010281981 1 3
84.03647622368808 10 13
84.07212727651573 0 4
84.15322064822996 0 3
84.23292649662329 10 14
84.25807313666456 11 13
84.30743817795458 11 12
84.32297757528872 1 3
84.33634353010808 2 3
84.42169481857803 0 4
84.42615286420715 1 3
84.50178096002364 12 13
84.62840794788909 2 4
84.66990464460027 0 2
84.82255534818873 3 4
84.93609298679331 10 13
85.01396400914945 3 4
85.17605727028705 2 4
85.22818521140529 13 14
85.3311518657857 0 1
85.35264396630599 10 12
85.47657799667411 10 14
85.66993293783912 10 11
85.69723803922443 10 11
85.97457590093912 0 1
86.1655831571642 11 13
86.2123998393944 2 4
86.21321179333616 11 13
86.27588161670477 10 11
86.34123256718297 2 4
86.36724255926697 11 12
86.45640656027072 3 4
86.49448629554686 11 14
86.91701420873875 10 14
87.11170941951826 2 3
87.1895697816519 0 1
87.31636219013332 0 3
87.57995739316172 11 13
87.88966110481292 2 4
88.06973318929342 10 13
88.12819720022016 1 3
88.16142818856864 13 14
88.3561179050997 3 4
88.7169827967958 10 14
88.78723590165541 11 12
88.85581192790261 1 2
88.87313912656572 11 14
88.88886216153736 0 2
88.91358533332091 1 2
88.92284713146242 1 2
89.73227709356856 11 13
89.73880465772976 10 14
89.76554697222284 10 11
89.84759331236933 0 1
89.9106624434225 0 1
90.41588307113524 10 13
90.61008923867516 10 11
91.65358179134722 10 12
92.72783163250301 10 12
94.18895697600827 1 2
95.119466814272 12 14
96.11031026047469 12 13
96.39169703175116 0 3
97.38333155155803 0 4
