0 0
1 0
2 1
3 0
4 1
5 0
6 1
7 1
8 0
9 1
10 0
11 0
12 1
13 0
14 1
15 0
16 0
17 1
18 0
19 0
20 1
21 0
22 0
23 0
24 1
25 1
26 1
27 1
28 1
29 1
30 0
31 0
32 0
33 0
34 0
35 0
36 0
37 1
38 0
39 0
40 0
41 1
42 1
43 1
44 1
45 1
46 1
47 1
48 1
49 0
50 1
51 0
52 1
53 1
54 0
55 1
56 0
57 0
58 1
59 1
60 0
61 0
62 0
63 0
64 0
65 1
66 0
67 0
68 0
69 1
70 0
71 0
72 0
73 1
74 1
75 1
76 1
77 1
78 0
79 1
80 0
81 0
82 0
83 1
84 1
85 1
86 1
87 1
88 1
89 1
90 0
91 0
92 0
93 0
94 0
95 0
96 1
97 1
98 0
99 0
100 1
101 0
102 0
103 0
104 1
105 0
106 0
107 0
108 0
109 1
110 1
111 1
112 1
113 1
114 0
115 0
116 0
117 1
118 1
119 0
120 0
121 1
122 0
123 1
124 1
125 0
126 0
127 0
128 1
129 1
130 1
131 0
132 1
133 0
134 0
135 1
136 0
137 1
138 1
139 0
140 0
141 0
142 0
143 1
144 1
145 1
146 0
147 0
148 0
149 0
150 1
151 0
152 0
153 1
154 0
155 0
156 0
157 1
158 0
159 0
160 1
161 1
162 1
163 0
164 0
165 0
166 1
167 1
168 0
169 1
170 0
171 1
172 0
173 1
174 1
175 1
176 0
177 1
178 1
179 0
180 0
181 1
182 1
183 0
184 1
185 0
186 0
187 1
188 0
189 0
190 1
191 0
192 1
193 0
194 0
195 1
196 0
197 0
198 1
199 0
200 0
201 1
202 1
203 0
204 0
205 1
206 1
207 0
208 1
209 0
210 1
211 0
212 0
213 1
214 0
215 1
216 0
217 1
218 1
219 1
220 0
221 1
222 0
223 0
224 1
225 1
226 0
227 0
228 0
229 1
230 0
231 0
232 1
233 0
234 1
235 1
236 1
237 1
238 0
239 1
240 1
241 1
242 0
243 1
244 1
245 1
246 1
247 0
248 0
249 0
250 1
251 0
252 1
253 1
254 0
255 1
256 1
257 1
258 1
259 0
260 0
261 0
262 0
263 0
264 0
265 1
266 0
267 0
268 1
269 0
270 0
271 1
272 1
273 0
274 1
275 0
276 1
277 0
278 1
279 1
280 1
281 0
282 0
283 0
284 1
285 1
286 0
287 1
288 0
289 0
290 0
291 0
292 1
293 1
294 1
295 0
296 1
297 0
298 0
299 1
300 0
301 1
302 0
303 0
304 0
305 1
306 0
307 1
308 1
309 1
310 1
311 0
312 0
313 0
314 0
315 1
316 0
317 1
318 1
319 0
320 0
321 1
322 1
323 1
324 1
325 1
326 1
327 1
328 1
329 0
330 1
331 1
332 0
333 0
334 1
335 0
336 0
337 0
338 1
339 0
340 1
341 1
342 1
343 1
344 1
345 0
346 0
347 1
348 1
349 1
350 1
351 0
352 1
353 0
354 0
355 1
356 1
357 0
358 1
359 0
360 0
361 0
362 1
363 0
364 0
365 1
366 1
367 0
368 0
369 1
370 0
371 1
372 1
373 0
374 1
375 0
376 1
377 0
378 1
379 1
380 0
381 1
382 1
383 1
384 0
385 0
386 0
387 0
388 1
389 1
390 0
391 0
392 0
393 0
394 0
395 0
396 0
397 0
398 0
399 1
400 0
401 1
402 0
403 1
404 1
405 1
406 1
407 1
408 0
409 1
410 0
411 0
412 1
413 1
414 0
415 1
416 1
417 0
418 0
419 0
420 1
421 1
422 1
423 0
424 0
425 1
426 1
427 0
428 0
429 1
430 1
431 1
432 1
433 1
434 0
435 1
436 1
437 1
438 0
439 0
440 0
441 0
442 1
443 0
444 0
445 1
446 1
447 0
448 0
449 1
450 0
451 0
452 0
453 0
454 0
455 1
456 0
457 0
458 1
459 1
460 0
461 1
462 1
463 0
464 1
465 0
466 0
467 0
468 0
469 0
470 0
471 1
472 0
473 0
474 1
475 0
476 0
477 1
478 1
479 1
480 1
481 0
482 1
483 1
484 1
485 1
486 0
487 0
488 1
489 1
490 0
491 0
492 0
493 0
494 1
495 1
496 0
497 1
498 0
499 0
500 0
501 1
502 1
503 1
504 0
505 0
506 0
507 1
508 0
509 0
510 0
511 1
512 1
513 0
514 0
515 1
516 1
517 0
518 0
519 1
520 1
521 1
522 1
523 0
524 0
525 1
526 0
527 1
528 1
529 0
530 0
531 1
532 1
533 1
534 0
535 1
536 1
537 1
538 0
539 1
540 0
541 0
542 1
543 0
544 1
545 0
546 0
547 1
548 1
549 1
550 1
551 1
552 0
553 0
554 1
555 0
556 1
557 0
558 0
559 1
560 0
561 1
562 1
563 0
564 0
565 1
566 1
567 0
568 0
569 0
570 0
571 1
572 0
573 1
574 0
575 1
576 1
577 1
578 1
579 1
580 0
581 1
582 1
583 1
584 0
585 0
586 0
587 1
588 0
589 0
590 1
591 3
592 3
593 2
594 2
595 3
596 2
597 2
598 3
599 3
600 2
601 2
602 2
603 3
604 2
605 3
606 2
607 3
608 3
609 2
610 2
611 2
612 3
613 3
614 3
615 2
616 3
617 2
618 3
619 3
620 3
621 3
622 2
623 3
624 3
625 2
626 3
627 3
628 2
629 3
630 2
631 2
632 3
633 3
634 3
635 2
636 2
637 3
638 2
639 2
640 3
641 2
642 3
643 2
644 3
645 2
646 2
647 3
648 3
649 2
650 3
651 3
652 2
653 3
654 3
655 3
656 3
657 3
658 3
659 2
660 3
661 2
662 2
663 2
664 3
665 3
666 3
667 2
668 3
669 3
670 3
671 2
672 2
673 3
674 3
675 3
676 2
677 3
678 2
679 3
680 2
681 3
682 2
683 3
684 3
685 3
686 2
687 3
688 3
689 2
690 3
691 3
692 3
693 3
694 2
695 3
696 3
697 3
698 3
699 2
700 3
701 3
702 2
703 3
704 3
705 3
706 3
707 2
708 3
709 3
710 3
711 3
712 3
713 3
714 3
715 3
716 2
717 3
718 2
719 2
720 2
721 2
722 2
723 3
724 3
725 2
726 2
727 2
728 3
729 2
730 2
731 3
732 3
733 3
734 2
735 3
736 2
737 2
738 2
739 3
740 3
741 2
742 3
743 2
744 3
745 2
746 3
747 3
748 2
749 3
750 3
751 3
752 3
753 3
754 3
755 2
756 2
757 2
758 3
759 3
760 2
761 3
762 3
763 3
764 2
765 2
766 2
767 3
768 3
769 2
770 2
771 2
772 3
773 2
774 3
775 3
776 2
777 2
778 3
779 3
780 3
781 2
782 3
783 3
784 2
785 3
786 3
787 2
788 3
789 2
790 3
791 2
792 3
793 2
794 2
795 2
796 3
797 2
798 3
799 3
800 2
801 2
802 3
803 3
804 3
805 3
806 3
807 2
808 3
809 3
810 3
811 3
812 3
813 2
814 2
815 3
816 3
817 2
818 3
819 3
820 3
821 2
822 2
823 3
824 3
825 3
826 3
827 3
828 3
829 3
830 2
831 3
832 3
833 3
834 3
835 3
836 2
837 3
838 2
839 2
840 3
841 2
842 3
843 3
844 3
845 3
846 3
847 2
848 2
849 3
850 3
851 2
852 3
853 2
854 2
855 2
856 2
857 3
858 2
859 3
860 3
861 2
862 3
863 2
864 3
865 2
866 3
867 3
868 3
869 2
870 2
871 3
872 2
873 2
874 2
875 2
876 2
877 3
878 3
879 3
880 3
881 3
882 3
883 2
884 3
885 3
886 3
887 3
888 3
889 2
890 3
891 3
892 3
893 3
894 3
895 3
896 3
897 3
898 3
899 2
900 3
901 2
902 3
903 3
904 3
905 3
906 2
907 3
908 3
909 3
910 3
911 3
912 3
913 3
914 2
915 3
916 2
917 3
918 2
919 3
920 3
921 2
922 3
923 2
924 3
925 3
926 3
927 2
928 3
929 3
930 2
931 3
932 3
933 3
934 2
935 2
936 3
937 3
938 2
939 3
940 3
941 3
942 2
943 2
944 3
945 2
946 2
947 3
948 2
949 3
950 2
951 2
952 3
953 2
954 2
955 3
956 2
957 3
958 2
959 2
960 3
961 3
962 3
963 3
964 2
965 3
966 2
967 3
968 2
969 2
970 3
971 3
972 3
973 3
974 2
975 3
976 3
977 3
978 2
979 3
980 2
981 2
982 2
983 3
984 2
985 3
986 3
987 3
988 2
989 2
990 2
991 3
992 2
993 2
994 3
995 2
996 3
997 2
998 3
999 2
1000 2
1001 2
1002 3
1003 3
1004 2
1005 2
1006 2
1007 2
1008 2
1009 3
1010 3
1011 3
1012 3
1013 2
1014 2
1015 3
1016 3
1017 3
1018 2
1019 3
1020 3
1021 3
1022 2
1023 3
1024 3
1025 2
1026 3
1027 2
1028 3
1029 3
1030 3
1031 3
1032 2
1033 2
1034 3
1035 2
1036 3
1037 2
1038 2
1039 3
1040 3
1041 2
1042 2
1043 3
1044 3
1045 3
1046 2
1047 3
1048 3
1049 2
1050 3
1051 3
1052 2
1053 2
1054 2
1055 2
1056 2
1057 2
1058 2
1059 3
1060 3
1061 2
1062 3
1063 2
1064 3
1065 3
1066 3
1067 3
1068 3
1069 2
1070 2
1071 3
1072 3
1073 3
1074 2
1075 3
1076 2
1077 2
1078 2
1079 3
1080 3
1081 2
1082 2
1083 3
1084 3
1085 3
1086 2
1087 2
1088 3
1089 3
1090 2
1091 3
1092 3
1093 2
1094 3
1095 2
1096 3
1097 3
1098 3
1099 3
1100 2
1101 2
1102 3
1103 3
1104 3
1105 3
1106 3
1107 3
1108 2
1109 3
1110 3
1111 3
1112 2
1113 3
1114 3
1115 3
1116 3
1117 3
1118 3
1119 2
1120 3
1121 3
1122 3
1123 2
1124 3
1125 3
1126 3
1127 2
1128 3
1129 2
1130 2
1131 3
1132 2
1133 2
1134 2
1135 2
1136 3
1137 3
1138 3
1139 3
1140 2
1141 3
1142 3
1143 2
1144 3
1145 3
1146 3
1147 2
1148 2
1149 3
1150 3
1151 3
1152 2
1153 2
1154 3
1155 3
1156 3
1157 3
1158 2
1159 3
1160 2
1161 3
1162 3
1163 2
1164 3
1165 3
1166 3
1167 3
1168 2
1169 2
1170 2
1171 3
1172 3
