0 0
1 0
2 1
3 0
4 1
5 0
6 1
7 1
8 0
9 1
10 1
11 1
12 1
13 1
14 1
15 1
16 1
17 1
18 1
19 1
20 1
21 1
22 1
23 1
24 1
25 1
26 1
27 1
28 1
29 1
30 1
31 1
32 1
33 1
34 1
35 1
36 1
37 1
38 1
39 1
40 1
41 1
42 1
43 1
44 1
45 1
46 1
47 1
48 1
49 1
50 1
51 1
52 1
53 1
54 1
55 1
56 1
57 1
58 1
59 1
60 1
61 1
62 1
63 1
64 1
65 1
66 1
67 1
68 1
69 1
70 1
71 1
72 1
73 1
74 1
75 1
76 1
77 1
78 1
79 1
80 1
81 1
82 1
83 1
84 1
85 1
86 1
87 1
88 1
89 1
90 1
91 1
92 1
93 1
94 1
95 1
96 1
97 1
98 1
99 1
100 1
101 1
102 1
103 1
104 1
105 1
106 1
107 1
108 1
109 1
110 1
111 1
112 1
113 1
114 1
115 1
116 1
117 1
118 1
119 1
120 1
121 1
122 1
123 1
124 1
125 1
126 1
127 1
128 1
129 1
130 1
131 1
132 1
133 1
134 1
135 1
136 1
137 1
138 1
139 1
140 1
141 1
142 1
143 1
144 1
145 1
146 1
147 1
148 1
149 1
150 1
151 1
152 1
153 1
154 1
155 1
156 1
157 1
158 1
159 1
160 1
161 1
162 1
163 1
164 1
165 1
166 1
167 2
168 1
169 2
170 1
171 1
172 1
173 1
174 2
175 2
176 1
177 2
178 2
179 1
180 1
181 2
182 2
183 2
184 2
185 3
186 1
187 2
188 1
189 3
190 2
191 3
192 2
193 2
194 1
195 2
196 3
197 3
198 2
199 3
200 3
201 2
202 2
203 3
204 3
205 2
206 2
207 2
208 2
209 2
210 2
211 3
212 3
213 2
214 3
215 2
216 3
217 2
218 2
219 2
220 3
221 2
222 3
223 3
224 2
225 2
226 2
227 3
228 2
229 2
230 2
231 2
232 2
233 3
234 2
235 2
236 2
237 2
238 3
239 2
240 2
241 2
242 3
243 2
244 2
245 2
246 2
247 3
248 3
249 3
250 2
251 3
252 2
253 2
254 3
255 2
256 2
257 2
258 2
259 3
260 3
261 3
262 3
263 3
264 3
265 2
266 3
267 3
268 2
269 3
270 3
271 2
272 2
273 3
274 2
275 3
276 2
277 3
278 2
279 2
280 2
281 3
282 3
283 3
284 2
285 2
286 2
287 2
288 2
289 3
290 3
291 3
292 2
293 2
294 2
295 3
296 2
297 3
298 3
299 2
300 3
301 2
302 3
303 2
304 2
305 2
306 3
307 2
308 2
309 2
310 2
311 3
312 3
313 3
314 3
315 2
316 3
317 2
318 2
319 3
320 2
321 2
322 2
323 2
324 2
325 2
326 2
327 2
328 2
329 3
330 2
331 2
332 2
333 2
334 2
335 3
336 2
337 3
338 2
339 3
340 2
341 2
342 2
343 2
344 2
345 2
346 4
347 2
348 2
349 2
350 2
351 4
352 2
353 4
354 4
355 2
356 2
357 4
358 2
359 2
360 4
361 4
362 2
363 4
364 4
365 2
366 2
367 4
368 4
369 2
370 4
371 2
372 2
373 4
374 2
375 4
376 2
377 4
378 2
379 4
380 4
381 4
382 2
383 2
384 4
385 4
386 4
387 4
388 4
389 2
390 4
391 4
392 4
393 4
394 4
395 4
396 4
397 4
398 4
399 4
400 4
401 4
402 4
403 4
404 2
405 4
406 4
407 4
408 4
409 4
410 4
411 4
412 4
413 4
414 4
415 4
416 4
417 4
418 4
419 4
420 4
421 4
422 4
423 4
424 4
425 4
426 4
427 4
428 4
429 4
430 4
431 4
432 4
433 4
434 4
435 4
436 4
437 4
438 4
439 4
440 4
441 4
442 4
443 4
444 4
445 4
446 4
447 4
448 4
449 4
450 4
451 4
452 4
453 4
454 4
455 4
456 4
457 4
458 4
459 4
460 4
461 4
462 4
463 4
464 4
465 4
466 4
467 4
468 4
469 4
470 4
471 4
472 4
473 4
474 4
475 4
476 4
477 4
478 4
479 4
480 4
481 4
482 4
483 4
484 4
485 4
486 4
487 4
488 4
489 4
490 4
491 4
492 4
493 4
494 4
495 4
496 4
497 4
498 4
499 4
500 4
501 4
502 4
503 4
504 4
505 4
506 4
507 4
508 4
509 4
510 4
511 4
512 4
513 4
514 4
515 4
516 4
517 4
518 4
519 4
520 4
521 4
522 4
523 4
524 4
525 4
526 4
527 4
528 4
529 4
530 4
531 4
532 4
533 4
534 4
535 4
536 4
537 4
538 4
539 4
540 4
541 4
542 4
543 4
544 4
545 4
546 4
547 4
548 4
549 4
550 4
551 4
552 4
553 4
554 4
555 4
556 4
557 4
558 4
559 4
560 4
561 4
562 4
563 4
564 5
565 5
566 4
567 5
568 5
569 4
570 5
571 5
572 5
573 5
574 5
575 5
576 5
577 5
578 5
579 5
580 4
581 5
582 5
583 5
584 5
585 5
586 5
587 5
588 5
589 5
590 5
591 6
592 6
593 6
594 6
595 6
596 6
597 6
598 6
599 6
600 6
601 6
602 6
603 7
604 6
605 7
606 7
607 7
608 7
609 7
610 7
611 7
612 7
613 7
614 7
615 7
616 7
617 7
618 7
619 7
620 7
621 7
622 7
623 7
624 7
625 7
626 7
627 7
628 7
629 7
630 7
631 7
632 7
633 7
634 7
635 7
636 7
637 7
638 7
639 7
640 7
641 7
642 7
643 7
644 7
645 7
646 7
647 7
648 7
649 7
650 7
651 7
652 7
653 7
654 7
655 7
656 7
657 7
658 7
659 7
660 7
661 7
662 7
663 7
664 7
665 7
666 7
667 7
668 7
669 7
670 7
671 7
672 7
673 7
674 7
675 7
676 7
677 7
678 7
679 7
680 7
681 7
682 7
683 7
684 7
685 7
686 7
687 7
688 7
689 7
690 7
691 7
692 7
693 7
694 7
695 7
696 7
697 7
698 7
699 7
700 7
701 7
702 7
703 7
704 7
705 7
706 7
707 7
708 7
709 7
710 7
711 7
712 7
713 7
714 7
715 7
716 8
717 7
718 8
719 8
720 8
721 8
722 8
723 7
724 7
725 8
726 8
727 8
728 8
729 8
730 8
731 7
732 7
733 7
734 8
735 7
736 8
737 8
738 8
739 7
740 9
741 8
742 8
743 8
744 9
745 8
746 9
747 8
748 8
749 7
750 9
751 9
752 9
753 9
754 9
755 8
756 8
757 8
758 9
759 7
760 8
761 9
762 8
763 9
764 8
765 8
766 8
767 9
768 9
769 8
770 8
771 8
772 9
773 8
774 9
775 9
776 8
777 8
778 9
779 9
780 9
781 8
782 9
783 9
784 8
785 9
786 9
787 8
788 9
789 8
790 9
791 8
792 9
793 8
794 8
795 8
796 9
797 8
798 9
799 9
800 8
801 8
802 9
803 9
804 9
805 9
806 9
807 8
808 9
809 9
810 9
811 9
812 9
813 8
814 8
815 9
816 9
817 8
818 9
819 9
820 9
821 8
822 8
823 9
824 9
825 9
826 9
827 9
828 9
829 9
830 8
831 9
832 9
833 9
834 9
835 9
836 8
837 9
838 8
839 8
840 9
841 8
842 9
843 9
844 9
845 9
846 9
847 8
848 8
849 9
850 9
851 8
852 9
853 8
854 8
855 8
856 8
857 9
858 8
859 9
860 9
861 8
862 9
863 8
864 9
865 8
866 9
867 9
868 9
869 8
870 8
871 9
872 8
873 8
874 8
875 8
876 8
877 9
878 9
879 9
880 8
881 9
882 8
883 8
884 9
885 9
886 9
887 9
888 9
889 8
890 9
891 9
892 9
893 9
894 9
895 9
896 9
897 9
898 9
899 8
900 9
901 8
902 9
903 9
904 9
905 9
906 8
907 9
908 9
909 9
910 9
911 9
912 9
913 9
914 8
915 9
916 8
917 9
918 8
919 9
920 9
921 10
922 9
923 10
924 9
925 9
926 9
927 8
928 9
929 9
930 10
931 9
932 9
933 9
934 10
935 10
936 9
937 9
938 10
939 9
940 9
941 9
942 10
943 10
944 9
945 10
946 10
947 9
948 10
949 9
950 10
951 10
952 9
953 10
954 10
955 9
956 10
957 9
958 10
959 10
960 9
961 9
962 9
963 9
964 10
965 9
966 10
967 9
968 10
969 10
970 9
971 10
972 9
973 9
974 10
975 9
976 9
977 10
978 10
979 10
980 10
981 10
982 10
983 10
984 10
985 10
986 10
987 10
988 10
989 10
990 10
991 10
992 10
993 10
994 10
995 10
996 10
997 10
998 10
999 10
1000 10
1001 10
1002 10
1003 10
1004 10
1005 10
1006 10
1007 10
1008 10
1009 10
1010 10
1011 10
1012 10
1013 10
1014 10
1015 10
1016 10
1017 10
1018 10
1019 10
1020 10
1021 10
1022 10
1023 10
1024 10
1025 10
1026 10
1027 10
1028 10
1029 10
1030 10
1031 10
1032 10
1033 10
1034 10
1035 10
1036 10
1037 10
1038 10
1039 10
1040 10
1041 10
1042 10
1043 10
1044 10
1045 10
1046 10
1047 10
1048 10
1049 10
1050 10
1051 10
1052 10
1053 10
1054 10
1055 10
1056 10
1057 10
1058 10
1059 10
1060 10
1061 10
1062 10
1063 10
1064 10
1065 10
1066 10
1067 10
1068 10
1069 10
1070 10
1071 10
1072 10
1073 10
1074 10
1075 10
1076 10
1077 10
1078 10
1079 10
1080 10
1081 10
1082 10
1083 10
1084 10
1085 10
1086 10
1087 10
1088 10
1089 10
1090 10
1091 10
1092 10
1093 10
1094 10
1095 10
1096 10
1097 10
1098 10
1099 10
1100 10
1101 10
1102 10
1103 10
1104 10
1105 10
1106 10
1107 10
1108 10
1109 10
1110 10
1111 10
1112 10
1113 10
1114 10
1115 10
1116 10
1117 10
1118 10
1119 10
1120 10
1121 10
1122 10
1123 10
1124 10
1125 10
1126 10
1127 10
1128 10
1129 10
1130 10
1131 10
1132 10
1133 10
1134 10
1135 10
1136 10
1137 10
1138 10
1139 10
1140 10
1141 10
1142 10
1143 10
1144 10
1145 10
1146 10
1147 10
1148 10
1149 10
1150 10
1151 10
1152 10
1153 10
1154 10
1155 10
1156 10
1157 10
1158 10
1159 10
1160 10
1161 11
1162 11
1163 11
1164 11
1165 11
1166 11
1167 11
1168 11
1169 11
1170 11
1171 11
1172 11
