53 1 0.7192792746936443 0.25186968581600283
6942 0.9996142622312684 0.9240719734703963 0.3570967656675811
10330 1 0.8633039913796814 0.29572434684317944
12079 0.8333238461001214 0.7543509340051912 0.3187597202333502
12411 0.6666363193929129 0.6641283996701431 0.2429722262788816
15826 0.6997916388173965 0.6903541430109587 0.26006465342954893
18557 0.7 0.4933566725357508 0.15933924001625183
21901 0.8330810123764188 0.668119267459888 0.25959513469768053
22148 0.9981053880507736 0.9446019303660396 0.32926796920198625
22420 0.5997267078586751 0.5012800657758005 0.15650067331990367
26834 0.6665507044823604 0.5219217894732922 0.17131005953647538
27520 0.9999980168167467 0.8863007797938705 0.3713942869532248
29192 0.4999362376327613 0.4923014707389441 0.1541777955013902
30190 0.8333226098963808 0.736784236436458 0.2590117324146515
31796 0.5331742417144801 0.5039639764235 0.18703562020261322
32006 0.599997262690931 0.5499322770073654 0.22614955209576215
33216 0.5999828696825531 0.5813876443777438 0.2475779152964934
37863 0.6666655409513131 0.6633166986655511 0.23123700929776156
39169 0.6648130452632111 0.5672002292611055 0.19719982713174258
42781 0.9997082263772262 0.8238943760734039 0.30368670307819
45935 0.6651960274115845 0.5228935529359245 0.18861703715359973
47583 0.8319467017891911 0.5991352452752009 0.22533344634065985
48289 1 0.7771544162097205 0.2686954704291727
48338 0.6666524111282853 0.6234315308942742 0.2171161218142634
51960 1 0.8774300071432736 0.2834435868293559
53415 0.6666666666666667 0.5542819834126641 0.2186085928909974
57996 0.5998816713691935 0.5251479951307241 0.20231323448297614
67524 0.6665985895122926 0.585265578157078 0.21010638241943133
70090 0.6999248545921684 0.6520503018436898 0.2336966992047322
71137 0.833329860200914 0.6039926236331771 0.20858403644284304
71150 0.7992698078208299 0.6652421289048396 0.260834485740809
71335 0.9997720332893978 0.6624920080651288 0.2462477125145603
76217 0.4761399607983296 0.4305568297977159 0.10948311047685885
76958 0.5998987912595334 0.5870391327687245 0.19783813303916756
77701 0.6997333295939679 0.6960979030511301 0.2196821684828117
90256 0.5998583656634236 0.5155128443578407 0.19733476049415005
91133 0.4998953809939704 0.4925551385759517 0.16148094609221111
91364 0.5999956535332399 0.5240107360933391 0.17309533515366352
94065 0.6666436260988531 0.6648385882010236 0.2450803662499158
94092 0.4983826167804293 0.4947978274903546 0.15292405407682688
94952 0.8331685543896434 0.6666517845153974 0.23015641199039413
95825 1 0.6920570195649844 0.2468165696496595
98676 0.6666360650890208 0.6560036705760998 0.20104507079287678
99358 0.8331429170334293 0.8186694315916965 0.3131801667249844
100451 0.9997662599411781 0.7232076667061395 0.2518853996230536
102602 1 0.9914725535172847 0.3366068196097065
105200 0.6666178765009916 0.5564955747143498 0.18797837564071201
106338 0.9999350313025594 0.5971116645640847 0.21221256142722755
107306 0.6665681000784788 0.6541524351984438 0.21337821741517266
115802 0.9999924946753046 0.7254418710092804 0.2646882319645684
116385 0.5999961824670274 0.5693263767849995 0.2162416663964768
120080 0.6666366889464244 0.6053655858194305 0.2267053050113169
121162 0.4666117544664584 0.462996680889278 0.14575203072420398
122541 0.6666666666666667 0.5522901188480318 0.20620503970088297
125109 0.9999264708475605 0.7753888539051444 0.2644220951415905
126875 0.6666216847909364 0.5643050155395621 0.19812329612689678
127459 0.533041310668442 0.458381780907977 0.12591378053797211
127578 0.9998011140262555 0.6393217823009149 0.23830445258882987
128869 1 0.7902406512441993 0.3194003981327504
129898 1 0.6625901031484901 0.2330805372467796
134180 0.9997865186302854 0.9226166598884972 0.31858368947116733
136124 0.6998035945493859 0.4691498231572239 0.1341031466711696
136667 0.5998791131398201 0.5823421721509345 0.23309442128388402
144391 0.5238095238095238 0.4926400797283373 0.1725519983799858
150987 0.6665158579386419 0.5816834855544237 0.23524217946234807
155762 0.5999891489104048 0.4858864587828516 0.13432773757650318
156650 0.9998882493534918 0.6626222321463259 0.2390213748042133
157206 0.9998747491083113 0.9914017076080452 0.3473728304635611
158693 0.6999471027769832 0.6001958445458634 0.23542854703428956
159278 0.9999368597798027 0.7921827005352181 0.3060416070836466
159741 1 0.9551051320128543 0.32806249979682706
161431 1 0.8288670098234735 0.3008131328937055
165272 0.6998969530744026 0.6894071981908177 0.2343722823873895
167054 0.6666666666666667 0.5890390352625468 0.21568662928750068
167402 0.9994755503351604 0.832615055693376 0.3036806312390208
168953 0.9999357372636927 0.7764964622862754 0.3085454504465677
169242 0.6666525926745378 0.6617581325620349 0.23797727701163238
169605 0.4999985235029018 0.4854121663435081 0.14753570907445537
169664 0.5998422701763515 0.5912147153312955 0.21070032804464625
170707 1 0.8138866568213564 0.28657395275755476
174222 0.8331530958193601 0.686566344044972 0.24999827061857965
177714 0.6666666666666667 0.5854860646573639 0.19672429317753756
179569 0.499982964375586 0.4985785026043558 0.1609946977977047
180771 0.6996256640533995 0.4871263897765759 0.14214337675097824
181590 0.5333333333333333 0.4741944954590142 0.1476259823181626
183349 0.9994898279988719 0.6936274643330063 0.252127832476388
185209 0.8333333333333333 0.6054131394786092 0.2396905971387608
186730 0.9998681111381038 0.6259275654722521 0.22920557262635413
186898 0.6664618953560659 0.5528251508831789 0.19150946063063132
186941 0.6666289857324649 0.6381588512869242 0.2174560082755776
187139 0.6666243013479768 0.6220206537967106 0.20576557298995263
191036 0.9999994165047489 0.7290049195695163 0.24183803713225713
192816 0.5998660926421103 0.5880304104761263 0.20614324135227727
195711 0.9998945538295253 0.584540494054148 0.22646183730673472
195788 0.8329813064006434 0.7465801384127952 0.2596993485377462
197068 0.6666250390929695 0.661972808806934 0.242172519570175
197993 1 0.6718661485021332 0.2459840464443435
199374 0.9997533560102759 0.8979713117583349 0.37760113498614234
199709 0.6666319320244395 0.6571482351763741 0.22910876926372284
200308 0.8328203378666422 0.6288014608222526 0.22770118661995034
203628 0.6999800752342281 0.6599995979327519 0.21907322046421399
203958 0.599933414193175 0.5799024293137384 0.16990668352773902
205860 0.5999594187430916 0.5738836181217797 0.2237348344775826
205928 1 0.9573344802977071 0.31820466817697557
206087 0.6663985187456205 0.5598442002025003 0.1907130980084057
207343 1 0.8990039998104257 0.3129492435673285
207927 0.6665516176182208 0.6078939358550106 0.22245223870100642
208855 0.5997715014814852 0.4900175474720243 0.15265120149750602
211239 1 0.872277171939913 0.30178773662217884
214868 1 0.9477690269337365 0.3275618525415524
216596 0.5332911473232391 0.5327293332458173 0.19891321543841595
221523 0.6666307234465469 0.5850359139388308 0.21646491195889286
222037 0.8325570412805122 0.7379675193283616 0.2461517480133864
222650 0.9997712756633002 0.7151491711540662 0.2738468905771752
222659 0.8329353297528493 0.6985087376345671 0.25886324642585
223124 0.9999603181565524 0.7999448968871227 0.29249916549851396
224980 0.599719678906465 0.5689802751603595 0.22615032578558075
225673 0.833062432701807 0.523236015815936 0.16530363025057443
229853 0.6999781517979735 0.5984230236501121 0.21873038784715412
231654 0.6999841304029536 0.5313311488749441 0.1734960405882904
231959 0.6666194577445682 0.5837370235202965 0.186610497661962
233920 0.5995408692765684 0.5867234104770906 0.21254660741014894
234429 0.5929037382463998 0.5688882654010602 0.21221480973255566
236633 0.6666174451743775 0.5253494615231894 0.18981781861503083
