649 0.1999939805582214 0.6386475051662537 0.3369277126319133
679 0.249979362550957 0.6003231314501642 0.2796514764095751
770 0.1523512664129142 0.4316260877999993 0.20230269855652103
929 0.1664461205891141 0.5368595402704353 0.2507076230280727
1026 0.3332332206971897 0.8699905178424444 0.40783474146398596
1363 0.2499842498891116 0.6505926796940382 0.2896303614028809
1497 0.2499504487946685 0.7470640545130202 0.3464991986901907
1518 0.2856843935291963 0.7506241832826479 0.31457794121797167
1597 0.2499676793710484 0.6466029224208075 0.27158551070197673
1669 0.181746034364394 0.5438861451202835 0.25799714562466486
2156 0.2856597537886911 0.7970872088067373 0.39075463977167124
2352 0.3808739902326315 0.906525299117053 0.417493506409619
2458 0.1538254835377454 0.5325976677565813 0.20578094561536805
2626 0.2221897385261151 0.6430331409972726 0.28590975985565875
2778 0.1818098398968448 0.494081794642149 0.21160460201220196
2943 0.2777650600063969 0.7602834917090447 0.37076990257856973
3143 0.1333050048459475 0.4338294254672539 0.19001840946832035
3347 0.1793674201106641 0.5285301491911948 0.24734578549108094
3406 0.1713284068330782 0.5538604434619926 0.28916817671001616
3435 0.1666604380155954 0.6626787786898563 0.31596323770201984
3574 0.3571271560099266 0.7405798683851049 0.3582410007318244
3684 0.1665647152604695 0.5486054527696356 0.24773311569632636
3812 0.1001145823708951 0.4282502337011865 0.18234981575075046
3853 0.1817845012902611 0.4529671735613536 0.22112880286699135
3982 0.1210100352109578 0.5826820446824965 0.3209659264341597
4048 0.1204099311347281 0.3723470998817587 0.24209904988022085
4473 0.2490652101159453 0.6873931527635748 0.2851540376283066
4554 0.2178985740701205 0.6546411630786706 0.2619475860644891
4564 0.2363396665864034 0.5868253713559374 0.2646059747094634
5182 0.1666335007965379 0.4849644683567438 0.20368870730067146
5271 0.1666432686661443 0.5079602442747015 0.24973798775006925
5622 0.1817637623131693 0.6122858116073299 0.2927903965532081
5670 0.1473356606768852 0.3494583984163717 0.1510988989383045
5727 0.1666443145530659 0.4667848448493918 0.18436610960879166
5953 0.2856811283416004 0.7011699550941913 0.293661398890011
5991 0.2363233477672292 0.6815563316998212 0.3360596081791035
6132 0.1475965595725929 0.4303826987903265 0.26011601393433753
6619 0.3999957318276437 0.9622080510702932 0.40451199763108603
6685 0.142800435717398 0.4701106347610772 0.20542258299272814
6773 0.230695082409582 0.5529010504380109 0.27603169628004387
7031 0.2181713367620778 0.6810969007710992 0.25631629868362515
7292 0.2499792753018543 0.6557614119950642 0.2683755986297392
7354 0.2777272738491653 0.7282196339416948 0.3741051369544251
7603 0.1815427391152844 0.5133493162524769 0.20285755129308206
7742 0.2435319144793966 0.65559727153034 0.2994847400795941
7772 0.1196233811613873 0.3780068232624117 0.22456048310257296
8009 0.1817645192082594 0.5639972897003335 0.22142640501745664
8181 0.1998658861757475 0.6675019333909568 0.32113400879095205
8243 0.3332760312176157 0.788483681898957 0.35005308727495305
8276 0.2499896084803426 0.5944708511204583 0.25228368615591334
8448 0.1817700612259189 0.7107526812114675 0.3915514705477558
8656 0.2221869783818106 0.6008315938491717 0.26014474062276266
8903 0.1764475810259594 0.6258475918461015 0.31330750841520116
8904 0.1427498588895963 0.4420678699159907 0.18298657320675185
9117 0.09405723453809734 0.3569866219093712 0.19080898337166774
9144 0.3332423490064602 0.8073930528539432 0.3526263320183192
9255 0.1648351648351648 0.4510443412225624 0.19707461718390798
9310 0.1966963892131799 0.6032670904791692 0.26339439236823947
9401 0.1999509739987028 0.5200474041441977 0.21330650863347508
9746 0.1285278454095824 0.4903647034555305 0.2108469912273833
10126 0.2888634748660486 0.608004920691896 0.2952370648712621
10254 0.2498893567887107 0.6329265834468079 0.2904421200887354
10578 0.1998786682742145 0.6256740403030348 0.2793100346397845
10810 0.2363345225212555 0.6186026094117256 0.28683117513577894
10886 0.2221986820180941 0.6260975179221796 0.28926469506606306
11230 0.1664482271449638 0.6002523663829552 0.31309026161237896
11313 0.2499154821880438 0.6198156573756959 0.2739958821635163
11473 0.2221434881569342 0.547097273760585 0.22857637208809262
11494 0.1818100085822522 0.536720138236139 0.25981471872902884
11907 0.1969569451714988 0.5277130778071764 0.2567646236720602
12004 0.2499868093518942 0.8878259642423193 0.4454383624099717
12046 0.2499162897668951 0.6321814549586207 0.32553714353698343
12047 0.2499671579465383 0.6474388738672944 0.30483815713305806
12072 0.1990311428743112 0.4968002574949031 0.21647617756215942
12235 0.2856689873578915 0.7677628128415829 0.3442770447321723
12369 0.2545158245843727 0.5865150137655597 0.3217769879801492
12702 0.1817936500771819 0.4364737615211455 0.2032979948200924
12925 0.08332378262302115 0.427703333890515 0.23737237257277183
13033 0.1499603332137064 0.5688849295681766 0.2603666902645233
13277 0.1132795974989584 0.4891428687627845 0.32777240029975047
13319 0.2424101105819434 0.5780429587434499 0.34869790957741553
13325 0.2222222222222222 0.5372925473306239 0.2295554567601678
13597 0.1856752480826008 0.5772040353458343 0.3637614253371574
14022 0.3331645542053111 0.904876357686826 0.43509255358315424
14067 0.2857027461550936 0.725573909708414 0.3717507433700375
14790 0.3332205814721159 0.8681274105302036 0.37867475621935337
15011 0.1578601132187722 0.4277241779266374 0.21213397002381618
15236 0.1817969744899745 0.499438537545597 0.1941976197121865
15776 0.2776222999475231 0.6427773379668891 0.302216971480775
16105 0.2665694637144027 0.7355184802286029 0.3146204206548864
16184 0.1618739751479965 0.4240407383215461 0.21128926655386165
16506 0.1332675667418391 0.3480680781593529 0.13869439577782366
16512 0.2424242424242424 0.5587162259272817 0.31705810185009065
16844 0.1998610301967595 0.5124290866141274 0.2120075545579025
17135 0.1998158083959806 0.6901119318687435 0.3437654520087156
17236 0.3330995988008621 0.7478815934037539 0.34626680445949004
17435 0.2499763210726279 0.8799502784960295 0.42645570737538313
17541 0.2856734963002512 0.7343785145361926 0.3297531291562452
17754 0.2499828711262583 0.8379039496385566 0.4036604304552294
18132 0.2444228031292306 0.6251571995516484 0.2913229927290497
18144 0.3213406037968907 0.7386520396226224 0.3508328255818082
18232 0.2180816473241588 0.7224391247880249 0.33661771825560016
18323 0.25 0.8007932886329551 0.40657402908803575
18330 0.2499380078962997 0.5920149634576461 0.2610435685130028
18765 0.1568359850209739 0.4690192807949229 0.2553309845640108
18798 0.2856907809920285 0.9508066404417328 0.36811780798069527
18820 0.2777057204990667 0.664282405509354 0.309624066481794
18846 0.2856935774167039 0.8523954994785723 0.33259238709721645
18892 0.2189585836628639 0.4690822623162212 0.22094563643769033
18940 0.1666010043904566 0.4694900903122249 0.19956128894693295
18983 0.2362392899017356 0.5839878946457029 0.2775611066909115
19347 0.1647043657367209 0.4896574670447193 0.2428210283292512
19719 0.1525739103080086 0.7044052307473806 0.3398991449709174
19791 0.2499702259628614 0.5991924153633048 0.27408616648683903
19835 0.1817722619085576 0.5863986398030376 0.2507518199263399
20177 0.2435256232993551 0.7310794098773301 0.4118817560260624
20549 0.3332995500289358 0.7768221724628587 0.340962346929772
20813 0.2499610699413314 0.8486457404644381 0.35842634637212484
21046 0.2777731918134502 0.7764931709181273 0.3983724643607945
21147 0.1428346558672529 0.4585987759336934 0.1680270041365525
21191 0.2499122667279198 0.6085104566526316 0.26837441469508777
21503 0.1427947993018104 0.4162339363364054 0.16082419641670828
21566 0.196969696969697 0.4461813965248698 0.22981104701469016
21619 0.2363237778160773 0.7729664356597113 0.34458199559756714
21810 0.2051012903505142 0.6355367827729755 0.3420930302110579
22022 0.243222803628805 0.6769584416858553 0.3707755135153413
22304 0.2181406024971479 0.582965248614757 0.23826381973132527
22373 0.1817995977078348 0.6890312531995147 0.3459959930945464
22473 0.2544616867023168 0.5744044284385174 0.26276572440570206
22569 0.1543295864314723 0.4252874697746603 0.19455599247819477
22813 0.2222105538645101 0.7020057444985943 0.33837955136654624
23198 0.3333090562901026 0.9408774241949209 0.35411212113184515
23256 0.1666546459306537 0.5423579502073128 0.24861770908892114
23471 0.2499970175368206 0.8127420348885261 0.38763258125245525
23760 0.1631046580946208 0.5686199519993768 0.3162505823317379
23896 0.1817988018154787 0.7168472354341896 0.36545903802128044
23967 0.1999780518252009 0.5866681021283575 0.283810904826303
24055 0.1818048472862375 0.6388811894904298 0.3326619129858123
24240 0.2777412042961689 0.6979485832189775 0.2890477619838345
24275 0.3884539989085476 0.73172370540165 0.3947234386747054
24304 0.2444076102286603 0.6021695113043529 0.27024123656830445
24379 0.2499646658284684 0.7249094769379296 0.32975121096794363
24699 0.1969368072919405 0.5530813251493224 0.2775324430951715
25308 0.2499521106751541 0.6654615645725185 0.30387936425457956
25368 0.2499267671369011 0.6928198207782011 0.2971586448855255
25496 0.2777048112447717 0.7685803308427128 0.36908539154807496
25584 0.199940577922335 0.5333282477203164 0.24053937991810742
25694 0.2856854623096194 0.8238652676159799 0.3371916993207805
25759 0.2221968220640407 0.8524373117273187 0.40280805193555297
26045 0.2909090909090909 0.5752630541660425 0.31982270637726834
26220 0.1713285556472559 0.6099651832686906 0.34890065617939564
26230 0.1323099847005399 0.3826716274391009 0.19891717238432433
26258 0.2496840828374796 0.6292088720056379 0.26096354575446024
26452 0.1223587456883952 0.4622087862375648 0.2629872558260124
26519 0.1922358632055233 0.5487018951587169 0.26093932271484865
26556 0.3333255218167717 0.7673069199252474 0.3737992197898721
26776 0.3333310796524811 0.766786706549036 0.3526041170752963
26815 0.2284698386785271 0.666427017646865 0.3943998049884622
26817 0.2221813546486643 0.6542668809596183 0.34336804329031295
27042 0.2499651299972029 0.6608747636409469 0.31640867033715986
27136 0.3333065316252141 0.8781435923585543 0.4256402419393445
27261 0.2499945051743321 0.7614833567421448 0.29121102049545805
27548 0.109623875026217 0.4458210992063806 0.2939612742781333
28027 0.2221849818132941 0.5947678127923977 0.24244258339333674
28082 0.1818047987473322 0.5292757552591638 0.24500379528074223
28094 0.2856896159372301 0.620628389618921 0.2889355350029971
28203 0.2888596794914817 0.6361124209262943 0.2895053453766183
28433 0.1794704384980061 0.551530277368837 0.2614803803564985
28658 0.2574625915095469 0.7007670189820832 0.3388188198004108
29368 0.1498941409308499 0.4382464032763279 0.18777070877780389
29485 0.2777518502998675 0.7360624309734364 0.3013496842924401
29583 0.1582702995680011 0.4858553036113178 0.21511614907615723
30025 0.1903275317959969 0.642140494688278 0.27469017660165873
30132 0.2498825529195199 0.6547292593681172 0.2961607504344009
30265 0.1538165683004693 0.5101408673308004 0.24744413654824282
30552 0.133304779902599 0.4286571169691586 0.202457851332312
30758 0.3333312708524218 0.7560797238287458 0.3562511018622701
30857 0.2856914769583307 0.8363986529808054 0.3672718305133297
31115 0.2189578639524774 0.5266310165145136 0.2512904783541087
31543 0.1999705680555182 0.643534352167146 0.2904612446502853
31844 0.1425224368199253 0.543484410075804 0.27416798761942196
31941 0.244400509102652 0.5343650065656101 0.2507947377364825
32118 0.1665865181897712 0.5167941758456877 0.1936642288561113
32249 0.1341145555380719 0.5686025016425197 0.2768626488831009
32267 0.2221931322267207 0.5803547753122759 0.24684786580366755
32363 0.2856915012828109 0.7552509445762134 0.29381025343334166
32393 0.3327531838889331 0.8259790158033355 0.36588625861148155
32535 0.1428532344189017 0.3820409583141885 0.16003290504722945
32544 0.1543713599861269 0.5983004326056036 0.253846753653509
32912 0.2777695868113727 0.7777457919390001 0.39298593561088646
33106 0.3214285714285714 0.6851347185966137 0.33899082367233063
33122 0.2051282051282051 0.5198321928063817 0.26038492840527666
33456 0.1666123001318351 0.7483193432758376 0.3514210329447982
33580 0.181561636279125 0.5151130360754402 0.21569731579945706
33765 0.2272114128810284 0.6525016125766155 0.30202681347007293
33780 0.1469951938763796 0.4706941740409189 0.24838710699907135
33817 0.3055423533174887 0.7637587252867348 0.38496630289495903
33871 0.2221816873701609 0.6408526987418232 0.23921301933192485
34097 0.2690164883269003 0.5616381201813652 0.2877672272475089
34328 0.1817116745638217 0.4886812168164516 0.19168752837665826
34551 0.1469807506514419 0.5045878222868481 0.2740320174921307
34636 0.2222222222222222 0.5947852201594596 0.3360544140742002
34881 0.2221618454425584 0.6229472812635576 0.2327216470618512
34991 0.1664673733049713 0.5456744922065284 0.25514752080718145
35051 0.2499903107676392 0.7806589957518745 0.34628449271652995
35376 0.2222183839867249 0.7072831845520778 0.3074913538174931
35520 0.2120415915408655 0.4867035564010254 0.2322394237321658
35686 0.1537569304770782 0.4504003045190868 0.19863091917009398
36135 0.1749458746319212 0.5171593403035328 0.2457570904839182
36255 0.2363397001275261 0.5230161660671852 0.27905236186503385
36258 0.2726407316178914 0.7944504064569429 0.4164138933256997
36882 0.1999729485411294 0.5936773714024678 0.2514669894042235
37199 0.2856123495981917 0.7874737786019476 0.3191108774609269
37756 0.1416666666666667 0.417541143733295 0.21994494120699531
37851 0.222193416723477 0.7820859287868324 0.3885113156223915
37997 0.2120770840600295 0.7529770748105569 0.3365513224883358
38141 0.1323272421352833 0.5442993615691436 0.34035336864229465
38150 0.2777341251559072 0.7017137323598736 0.342665518493132
38270 0.2121001756897156 0.5265412160891124 0.21449629357407693
38302 0.2222110331323307 0.5818250626249634 0.23009569168654714
38450 0.2221223748497385 0.7074780529662141 0.34722203235522575
39371 0.2726963796676097 0.6145310316943638 0.29265296490094883
39629 0.2776826526952419 0.8985995302510462 0.37537481471605705
39730 0.2856146330159003 0.6668765873771761 0.296575921816659
39997 0.3333333333333333 0.7327946366444249 0.3521086101599552
40174 0.2499898444962379 0.5657635676641009 0.26190168454517554
40211 0.199966787885025 0.6475996139786725 0.31754058610806757
40567 0.1053621713425194 0.7147487399413512 0.4905942102938975
40874 0.2176481398829342 0.5422005973588386 0.24724522952952982
40892 0.1647895885207333 0.6443848966048895 0.3565432955790851
40954 0.2498638398186133 0.5777540542911649 0.26631607685643494
41096 0.1428428604676027 0.4717167117596503 0.19999506533910977
41858 0.3998667337347665 0.9366304959411621 0.4308007510113406
41900 0.4284154869697443 0.9716207876938293 0.4456283797469579
42172 0.1462450592885375 0.3405476790186382 0.17868047377952856
42502 0.2856745113119077 0.8377258531961838 0.3792230931993289
42644 0.1757535078220591 0.4935314579241423 0.20950125515720433
42728 0.2423682354220293 0.6234174350409718 0.27755468136526523
42786 0.1867689275024869 0.4165861443596702 0.1929436115166299
42865 0.3332898529696472 0.7856063363424683 0.37781170409198406
43033 0.2221947065519921 0.6701387697650774 0.3295141387680733
43090 0.1339338384412433 0.5359254409856263 0.32717275890999686
43143 0.09876331182019132 0.4447444771881001 0.23407348619293877
43150 0.1249672767842795 0.5377531869921053 0.2542110540133803
43157 0.1284228023819695 0.5965831077807027 0.39631026248407974
43240 0.1521988430167826 0.6537142428832079 0.31570810458224713
43835 0.2777449970370644 0.7401141371309599 0.3660152661276323
44193 0.149925643576583 0.631206572587188 0.3364914986452682
44325 0.1582978379162552 0.608723557671662 0.34711646464379425
44501 0.2499682873704346 0.7436240975523641 0.33750663143964627
44792 0.2856349026728345 0.6771659127845308 0.29803492165563245
44845 0.2777707678723918 0.6811330932202687 0.3190663024507343
44888 0.1968382381618566 0.5660321412788206 0.2492997518878556
45223 0.1647450249582784 0.4481990420649256 0.21811047458785499
45352 0.2221687532878993 0.8539829222843536 0.3263681355463403
45426 0.2363549987140121 0.6408807520262478 0.31526874615993905
45705 0.2853131068475762 0.8327744222008466 0.3615707101278946
45857 0.1969530386379228 0.5155774395841024 0.24059941532286477
45988 0.1817817485786706 0.5007135453541295 0.2803334163523846
46202 0.1666167756720494 0.4843371636996758 0.25445149651366766
46256 0.1999858256201583 0.6796287156018374 0.3115208684900543
46346 0.2222171455856746 0.5138675825339778 0.22741595455784347
46665 0.2545323258004528 0.5850661360636576 0.28944598025078977
46715 0.3333008549904762 0.8801888821616092 0.3744170948360669
46717 0.2272151280872815 0.6516849694237997 0.34387232339388507
46789 0.1647937710536776 0.6009010087873019 0.34703829260613805
46864 0.2856999047503419 0.8401930988947087 0.401224598382948
47009 0.1998863583860348 0.6053721998302369 0.2719001686828568
47317 0.2221715965395986 0.6039417540280726 0.2493818377579243
47444 0.1818094332983182 0.5682542093736458 0.30991070798816883
47692 0.09988152702287452 0.4828809251388125 0.17867259988665618
48324 0.1999774800536385 0.5507864106641722 0.2451150017698563
48444 0.2442868822999559 0.6013253125989555 0.2661848589719289
48458 0.3332901508186145 0.7419646863663633 0.356467083297128
48509 0.2856979484772405 0.8067375319033634 0.35043218500181483
48905 0.2494350737623644 0.6721128230162333 0.3202237041962437
48955 0.1416666666666667 0.4201034147311475 0.19287348835533297
48984 0.1403241761663408 0.6459801247607307 0.3753441719392547
49034 0.196899057514099 0.7653226287604495 0.38604250840181115
49077 0.1968513136662253 0.5660396837268258 0.21424869012424458
49161 0.2499911297270657 0.6778988087715783 0.28694057864411315
49203 0.249993369799041 0.9320699560456641 0.4856348659573537
49390 0.2777668468042057 0.6335961791295555 0.29696094384268634
49465 0.2444135935879044 0.7622797294433052 0.3490732016233059
49604 0.1999899724642245 0.5239413239886045 0.2274002286320991
49883 0.2278576769841059 0.5498024292665055 0.2597669712162335
50054 0.1392647872584904 0.4232444363416853 0.20341905046408865
50541 0.2663291434969345 0.5621605387503951 0.2807843978047218
50706 0.3054876826490377 0.789984487466385 0.36202775717158325
50744 0.1818108871078753 0.4696736416567186 0.18599307718807218
51163 0.1344709995164061 0.4641615780968427 0.17710260323463256
51220 0.1998902298964243 0.6473219754235102 0.32964851997271166
52160 0.1666515839832492 0.4973007714020462 0.21854181983012722
52526 0.3332362076017199 0.8326042540260267 0.3785195943110511
53007 0.1999741322285942 0.6082622683973156 0.25737287992662045
53217 0.2120691689373889 0.5287087011578341 0.24557675243183444
53262 0.1999943210225807 0.5914325085082902 0.2400782997851278
53266 0.1999751458331305 0.6670779391995995 0.33226889136618565
53405 0.2221887110993225 0.6270334100074573 0.26846253677433374
53658 0.1233146814748173 0.5085783018952139 0.31906385635636075
53787 0.1999628806455262 0.6342822639371373 0.33494402226797576
54101 0.1437257305648422 0.6091471950637428 0.3600834724506818
54579 0.3054199301816656 0.720596456582524 0.3222423989573629
54953 0.2499135395846069 0.7251899071833644 0.33335928809910953
55059 0.1437538604271215 0.4372113837469862 0.21014682989702227
55132 0.175777021663664 0.5545619928882393 0.2635675585944349
55270 0.153797606465795 0.4263664949591825 0.20586394017641077
55457 0.199843655373677 0.547060726731001 0.2115159600144933
55696 0.2498898566407335 0.9868255058546583 0.501489721674557
56115 0.249983663633322 0.643371288474604 0.30657191547846113
56213 0.3333233805937652 0.9423100128899758 0.42509205352142615
56349 0.1794764677281482 0.6939176726605701 0.35660165353924916
56969 0.3332989075858707 0.8965439609163725 0.39518996055335237
57142 0.2181694818700456 0.6095207135871289 0.2809335455191102
57158 0.3333216814170866 0.873616996423993 0.3873137255988414
57314 0.1428068428774447 0.4108670599818448 0.1840761739130141
57914 0.3333333333333333 0.7362355251308932 0.3769526507286664
58152 0.09988001728661625 0.5179555910524981 0.26184363083302187
58541 0.244429156944336 0.6627439349893994 0.3136475859360751
59154 0.2498262781090361 0.8261920198421164 0.3672911930509465
60006 0.2221891186773528 0.5731953625710348 0.22655171218190406
60021 0.2856895367270568 0.6936853072304668 0.3229608836704762
60027 0.1249809730996721 0.4042536756541368 0.13015550621719651
60028 0.1332516117299094 0.4741144740284833 0.20134240990584867
60092 0.3332786531839264 0.7765873809230228 0.3815000116003102
60230 0.1050186027915091 0.4033361900378981 0.2157089956167338
60472 0.2444226312676248 0.7228856541050069 0.33950782054703255
60549 0.2443907543939443 0.7351428844933136 0.3476346751941004
60603 0.2222017489900471 0.5762499098235053 0.28249277584235716
61113 0.2181731006384029 0.5638998798133174 0.3021116897371112
61151 0.1426539539011129 0.5883456938451774 0.28532822138640734
61335 0.1999374938013182 0.6317395980454735 0.32564509975313716
61342 0.1428004687809198 0.4241775770832684 0.1578372640870508
61699 0.3213804025738285 0.7497636047011417 0.34959617173035057
61848 0.1538341975973509 0.4838117064138955 0.21739517058331934
62184 0.2499665787051134 0.5806438484434389 0.2922791884314416
62196 0.1969558582758086 0.6347730995050244 0.2904751038188329
62377 0.2222222222222222 0.5055282334803765 0.23026286223042358
62388 0.2181818181818182 0.5331403678291698 0.26231338899120593
62477 0.1794547338616781 0.5228217876394368 0.26684789187625196
62568 0.0939004295444245 0.2488608701097641 0.09409029169424571
62853 0.2856756873741707 0.8187710146548395 0.30297445310001486
62886 0.2499454852599289 0.6874511952987744 0.33366237770449525
63031 0.1619047619047619 0.392375372721835 0.2409827680205999
63216 0.1829342506199981 0.6278242709904958 0.3265961601421501
63223 0.2499500830215794 0.6408767248163706 0.33307559963586864
63227 0.1999376134064624 0.5458548592240859 0.25784383068844696
63248 0.1817991839290518 0.4982570433489311 0.21031845757262632
63414 0.199810882632975 0.8225514888544326 0.3960630417723528
63507 0.2888523646935595 0.8034568406504013 0.3555175914016755
63783 0.1714192107417766 0.5738887920066191 0.31634517906360676
64016 0.2722089907575259 0.6695324637420591 0.35577029652516284
64218 0.2856683882201131 0.69500923068083 0.3294457757526695
64281 0.2499431800483207 0.5764652845839146 0.2521613790107485
64432 0.3610284680459846 0.9170785244143238 0.37365684844758856
64459 0.2856179911123179 0.8337755874386871 0.3831609758497036
64536 0.3054075222565867 0.6620811909758801 0.3155539793952063
64581 0.2662716596631452 0.6208983739048557 0.3146382832029111
64634 0.1962134464471199 0.6840105420639915 0.32259018722424193
64692 0.1999556419724757 0.5085857268793307 0.21269656479780896
64753 0.1758109748335262 0.4661189296808637 0.24463376473467827
64760 0.1999122227096928 0.6305764466590253 0.335770760023081
64843 0.2856318750140773 0.7734899724939075 0.3357229024165826
64917 0.1999527656695633 0.7029806769006745 0.3616857957276085
65632 0.2856508425048103 0.7872683196159757 0.34718094068307187
65723 0.1999102899394916 0.6713561861339526 0.25730694858923975
65857 0.3554336107086457 0.7696730528608655 0.38310770774384684
66062 0.1566745672911675 0.4773551488637034 0.26693150651701636
66656 0.2499497417881963 0.6227126876291746 0.25575908659665847
66848 0.2544192275114211 0.6007173585039356 0.3087784879277854
67227 0.2575487664609037 0.7383385814742646 0.36605254121162883
67271 0.169436815697317 0.4661358634587968 0.24246376467507957
67278 0.3213480069486326 0.7403644852416537 0.36092333604151167
67486 0.1868027512511041 0.4411714865005143 0.2246113828938446
68209 0.1809029836408125 0.5932899501202316 0.32459098770572115
68407 0.175 0.4868368982057629 0.234730097899264
68466 0.3333057606623508 0.7752832581235953 0.340610214718474
68581 0.277708113856701 0.674678825187766 0.2955470678202063
68772 0.1714140209235953 0.4936957094998424 0.18889845916314654
68887 0.06400220464417776 0.367854335360518 0.2557127001018553
68899 0.1322788742673059 0.5603339864678686 0.2914279852490835
69068 0.2857082920489748 0.6910391418403194 0.33303880885649945
69271 0.1817506028558984 0.6160442754093036 0.3161887830951666
69469 0.2857067157528193 0.8917517056336082 0.4071044862003861
69936 0.1977751595560508 0.627180777420703 0.33546061745963673
70211 0.1999657385792873 0.5608727709704207 0.26113643733871034
70311 0.285702617101011 0.7769640416642685 0.3364573015834735
70327 0.2051027189420861 0.6496584219917905 0.34572375350669854
70488 0.2666049927083453 0.8668554733170681 0.4613348597112187
70634 0.2498660603573687 0.6238098681576251 0.32315606216339615
70675 0.3054683681635542 0.7205833101124327 0.3112687693513085
70720 0.1870770928061712 0.5129844942484285 0.2962158229510021
70780 0.1434987916808666 0.4272948493427737 0.22071386727468795
70807 0.1333168261448677 0.3854995158339892 0.17443709742312377
71013 0.3332106780627385 0.815277052119493 0.3512087733326522
71064 0.2443576179778504 0.6452259227906204 0.3167679186464862
71530 0.3213846455484448 0.7850987882097714 0.38337122098120446
71561 0.2498016769620683 0.6860875169630953 0.2840970849813621
71713 0.180952380952381 0.4297338674524147 0.23332452659276978
72014 0.2221976344264867 0.5918011236012154 0.26675687049397445
72053 0.2831407684775758 0.6206374804365278 0.2960420693542569
72357 0.2856496873444895 0.7021965377635186 0.3540564188812916
72436 0.3332956712675352 0.827569881433931 0.3351534996131237
72539 0.1999918608235856 0.673054346106792 0.3411755496589604
72606 0.3333151695178008 0.8078979230761283 0.34900389982811086
72642 0.1817996491534756 0.4893560422346695 0.19258966655720347
72644 0.2499894959518694 0.7645575105209306 0.33544845511601107
72784 0.1617404646924619 0.6595020364619893 0.37461829565149235
72791 0.169725023391579 0.4658226908142602 0.22032426703759725
72852 0.3809068615442935 0.9932536849256071 0.4881812913561922
72918 0.1396944419356899 0.3937932541681563 0.1972923059650861
73054 0.3332855343138958 0.6898613776927282 0.3600725827242278
73197 0.2499150340825588 0.8489311297376909 0.4084593411779811
73449 0.2499269694455684 0.6689532860942936 0.27648534155612403
73682 0.2856818399962319 0.6356075606015679 0.29386392090755264
73957 0.1618671108313754 0.4903885866183764 0.255152795566957
74113 0.1074473454576945 0.3796286342166762 0.27208394739105496
74129 0.2854747039524002 0.7226830249407659 0.34536741696634987
74238 0.380945591900452 0.922179469841471 0.44402184487254637
74259 0.1999539868375806 0.4964067123195298 0.25215752220865634
74299 0.2363524444927973 0.6786628970259336 0.3509695396826564
74469 0.1998906944314331 0.553849763829046 0.25973699956648716
74498 0.1999514449334475 0.5599718945927445 0.28075320250322366
74556 0.2856989048687995 0.6354994327558099 0.2884990372288254
75025 0.1385079935724726 0.4455797932197502 0.22638542422548166
75171 0.1469703273531179 0.7074687085257131 0.30716691512661615
75199 0.218146865848206 0.5204122957366384 0.24525790163420041
75264 0.3333143721827339 0.7084683111133498 0.3436814416328768
75499 0.1749459530976912 0.51737959387748 0.28222726987908003
75706 0.2857078983206933 0.7069967732374614 0.3341594300063322
75846 0.2666403462179589 0.6791290603479315 0.34130342094934984
76169 0.2222080523997721 0.7047534136691259 0.3371117275302474
76571 0.1969287714996102 0.6406721620845842 0.30500476934017323
77205 0.3055184502784112 0.9137392735832076 0.376403033189594
77209 0.2497682905291703 0.6538190117897309 0.2657580354785537
77242 0.3609868024998469 0.8193471513139104 0.41329521498976185
77463 0.2662079511411374 0.727845463122738 0.3694323891901532
77578 0.1756620521668862 0.4765002724821493 0.19709044219901448
77846 0.2856093774019761 0.7905169672973841 0.3768850440736768
77915 0.2855447350772351 0.7589643915443229 0.33878213620545905
77942 0.2221462572190059 0.6079266647916515 0.2639863545101908
77974 0.3332842846394472 0.8576352534576395 0.3701415420762402
78067 0.1999404092311331 0.592044124521315 0.25634586071684806
78102 0.3213777124210337 0.7255615204056857 0.3219881786941894
78589 0.2221999391427384 0.606943784592319 0.29180967216744436
78918 0.124919757854334 0.4331280825029314 0.19732520342872364
79238 0.1582782705750921 0.4215706621322448 0.17114980130050156
79267 0.1915021831202712 0.5654932162992121 0.2543704355500304
79277 0.2051206894015355 0.5421878260365866 0.26339094406012514
79504 0.1520028493509329 0.4296210285735759 0.22018942601719788
79816 0.3333146543239031 0.7548777613173387 0.34844560783242035
79843 0.1665180863225723 0.5375575929392326 0.23543929632499655
80088 0.3333270898994837 0.7413669260279544 0.3491080625643497
80128 0.2499526331621638 0.5991488584453436 0.2628852536727542
80192 0.2222113169669487 0.7007144052072937 0.2689026150101836
80314 0.2272667088488357 0.5874042849565583 0.2971861359177578
80424 0.26657709685924 0.6156220935420696 0.27272976371924723
80487 0.2362285208779669 0.737984451986785 0.34538690183554743
80672 0.2855221684199177 0.6925543087554611 0.3010985032684731
80719 0.2499402739953938 0.7427729891634132 0.33392129264643516
80793 0.3212274877437437 0.7988532831486269 0.4041142342198796
80873 0.2499870314220906 0.6675602443816663 0.3459542441716923
80884 0.3999703746283248 0.9532622740111028 0.43889355625442916
80982 0.2284709401749205 0.83261839386751 0.49334073131267103
81274 0.3055418875110997 0.852611209509048 0.3518664270086778
81286 0.1817287724506795 0.4947478326472758 0.2090628050886775
81432 0.1999492109224938 0.5367783813235768 0.27544456561873293
81526 0.180918405002799 0.4979720519789821 0.26509112990796124
81547 0.08916291111817432 0.4099159593652761 0.22910130999667552
81740 0.3999916037759419 0.9239829706764443 0.42035468434315765
81897 0.1666411578059382 0.6354081573984037 0.3186317883864544
82063 0.1470387565301354 0.4915032653304228 0.2669099538032285
82275 0.24992138372351 0.664654861074035 0.25609660422406816
82299 0.1538461538461538 0.5005198004740207 0.28010636642904213
82345 0.152366129557018 0.4263891988162932 0.22417395900130993
82467 0.2888580925083256 0.6621209951314841 0.30301451510175276
82533 0.2197581280210644 0.7568748089809444 0.40221957000907593
82560 0.290560294288579 0.7330251521834261 0.3494702035655027
82727 0.2221986030340653 0.6155404579716374 0.29575718824379416
82856 0.2221359137757851 0.7585162209039108 0.34733885161710204
82996 0.2499198529147164 0.5878211192735425 0.25545218844939793
83073 0.2545102968997345 0.69207117602793 0.351793340908718
83521 0.1648164447346209 0.4440547864342531 0.18527213262464617
83568 0.1142753458759473 0.3791224571618871 0.2080056754853653
83950 0.1666374054089647 0.5146384311999741 0.24795622077738355
84204 0.09993513805035518 0.4527451446341133 0.2340217262915824
84232 0.3332644803124537 0.8508932757541611 0.3605395232966336
84444 0.1758095432063218 0.6873830739854201 0.3839528373912107
84621 0.3055091511502162 0.6903061028192246 0.33524735432752656
84622 0.220245880389089 0.5868574913125463 0.23722692246035648
84729 0.2857041331300441 0.6819788165398535 0.3337016788236063
85214 0.2499907193180565 0.7109488615222455 0.32346695240017675
85229 0.1999854054261306 0.6035201043692943 0.2883013016525677
85320 0.3331275896481547 0.7701236122405481 0.3814496236889228
85323 0.1969302713261448 0.4701080343101096 0.21601721703899496
85334 0.2444336162436912 0.5425873080598502 0.24906513060336916
85435 0.3333038116480442 0.9383395613012225 0.4547846581927419
85681 0.3333041344525146 0.7970036762600086 0.34770070430904576
85886 0.2307165600354225 0.7519254704589502 0.28996117906481
86032 0.3213712010213846 0.8816302316540767 0.37875153433928455
86061 0.2363181190994324 0.7754357871387495 0.4181059653361191
86375 0.2220289498308245 0.5830635121513189 0.2605204149609514
86491 0.3809473548573499 0.8647193553595939 0.3894316584721341
86502 0.3214169487103259 0.7568911364970549 0.3754952219658583
86626 0.2888204746844236 0.8151696845837818 0.4033931359324337
86909 0.1999954111713215 0.4948653951556834 0.2413601886748859
87040 0.1903650807160856 0.7390140751259453 0.3146904847215426
87127 0.1666118812391256 0.5968637738212669 0.282590129186741
87159 0.333327897801956 0.7432104297351969 0.34153480521367074
87168 0.2174320560095755 0.5442655119081964 0.23270743573378821
87172 0.1428037793412134 0.5390544592901756 0.25082055700728106
87469 0.2222143523873972 0.6777804498465528 0.32144719794889437
87634 0.1764123568029736 0.6664514694375712 0.40493620445969375
87915 0.2119665592278612 0.8529702215544674 0.430428849411248
88070 0.2444121310663775 0.7335311406565088 0.3406229304625189
88082 0.2498935035349652 0.7615571385464172 0.30465667884538755
88288 0.1794367003056061 0.4806708062917902 0.21954495444854907
88358 0.2499644231456222 0.807738100144935 0.35337371925801914
88868 0.2444228379382853 0.5639699588682588 0.24672193632908657
89289 0.2499823192553114 0.8424778858146358 0.3837294135231305
89409 0.2856535175680604 0.7681097693189162 0.3289635949854242
89844 0.2119985035806611 0.8373492994794145 0.4565780485382282
90192 0.1506832253995455 0.5683709192036157 0.2788585281313224
90506 0.1552757049201953 0.4983711913933058 0.31681256475099767
90549 0.3331892407400234 0.7192049507359709 0.370950331563842
90584 0.1999598045778037 0.6792555536577216 0.24585052786128955
90672 0.3055089748232859 0.8002857076763727 0.4022318647583614
90875 0.3570054614947155 0.8182357867981142 0.39524503116176085
91026 0.2222198845987117 0.6796747646919543 0.29367101004162455
91213 0.1996066283504104 0.5798532313691982 0.23741466549668588
91320 0.2499851802894409 0.6629146038490873 0.2867777174660601
91469 0.2887665575376566 0.8099338278135438 0.36759764721797317
91687 0.2221995796284548 0.662020816666771 0.31221308090222427
91735 0.2222099374440049 0.5665141539940363 0.2285556509981142
91856 0.3332935625767249 0.9022926704100023 0.4223321076927514
92065 0.1199679364075517 0.4566326552975926 0.28380995402052334
92176 0.1867782015715063 0.3998136464366461 0.18946691294076437
92304 0.1013745211177285 0.4446796511227554 0.2527990503540975
92484 0.1427376499236432 0.5235671291050362 0.2802072913972563
92510 0.1538127959103207 0.545892498503105 0.23443482630889487
92527 0.2272727272727273 0.5918770934567431 0.3030840062785637
92568 0.1998426920145007 0.6405112951895158 0.3063402548741455
92610 0.1830065359477124 0.3887031990415917 0.21062061030257778
92854 0.3333224610686828 0.7371889178474642 0.33818422613326343
92858 0.1664590838255868 0.502185210412358 0.2616948808009826
93315 0.081354083791414 0.3513583930250511 0.23256119214467902
93518 0.1647584753080117 0.6273994377920465 0.31998283756235363
93658 0.2726944736745087 0.6238459369121984 0.295638071482051
94012 0.3806118317897084 0.8547310400989275 0.38843819719725703
94040 0.1817686119862646 0.5117608568137981 0.24178490180010634
94115 0.2499750440902562 0.6298779853959781 0.29353245220721225
94118 0.1227575101214102 0.3755619532901625 0.12659734302746914
94203 0.2120998249329014 0.741311278088272 0.3332401663830037
94290 0.1816794137278674 0.5335380883873058 0.22204625119498664
94560 0.1396685367546647 0.6256489695347525 0.37277744753944153
95098 0.1412281573572675 0.4039965573304819 0.23873856087907863
95230 0.1794691324136641 0.6349936966809838 0.3009283539182021
95270 0.3332432993768607 0.864049827933969 0.3925426539098744
95313 0.1666151065962187 0.5206959767597692 0.2159073465639041
95650 0.3331567940718274 0.85086434394996 0.33907387412935486
95726 0.1999817969101584 0.6007381041880472 0.33117253302172917
95887 0.2499887487324274 0.6748790306927628 0.33811935146546646
95950 0.2643335564700684 0.7052290832335082 0.2921900760245017
96055 0.1999716142604859 0.5610656992832938 0.2365479885448504
96632 0.3332927539891892 0.8869300199505782 0.4035840784878134
96735 0.166649804993101 0.5094884050579548 0.20754787539930478
96811 0.249526656229126 0.6591913962392738 0.29242610047533646
96983 0.1666586719014979 0.5405644144655211 0.29413681967285715
97129 0.11682029003744 0.5969151470095465 0.3278573565330855
97317 0.1922468041234959 0.546230644091397 0.2229359797691804
97492 0.1999851389945908 0.573569969195214 0.27963814475147014
97512 0.2776694061573545 0.7544274508028241 0.3643283296045942
97597 0.2221423568387312 0.6057721189422784 0.267793404389043
97694 0.2496953863608274 0.641963189643977 0.29436725098274347
97741 0.3055229131950636 0.6882110835789064 0.3450378653371078
97994 0.2562785030141 0.8452805656906622 0.48163218422968856
98253 0.3332931858822297 0.9084065349897243 0.3548231173658048
98456 0.1132054110094526 0.4149219767828831 0.2649235392836153
98766 0.2362708551614693 0.6299368785149267 0.30285421146416985
98832 0.2221129970584995 0.5443662934680508 0.24833511879810122
98852 0.2666501502712036 0.6172649688866371 0.2864597967825232
98971 0.1538275189420656 0.506322688287989 0.23701586173753675
99030 0.3213465794753404 0.76263987464029 0.3289818913497996
99138 0.28570070581652 0.7047050370050207 0.33655008377830264
99278 0.2221422967688014 0.5945828168025725 0.2893139841788092
99314 0.1999655283182753 0.6613738264285047 0.32158949387403546
99400 0.2636897127836719 0.5405356463289008 0.3096499929037108
99522 0.1817937775449092 0.5160701922486084 0.19741924783660175
99545 0.2499917284399433 0.5983363137554841 0.28583978511132935
99741 0.2856692333197733 0.7836073496478566 0.36556951057790776
99846 0.2497426789118975 0.7131620042394988 0.33234030710644563
99878 0.1756993900578882 0.4717761377210485 0.21762665768710376
99895 0.2222222222222222 0.5744533111701464 0.2834938447691113
100032 0.2444306536690424 0.8814366137984573 0.4064376221797893
100048 0.2363226673676542 0.694211453825537 0.40301641929562576
100222 0.1333082230628127 0.4705784729843413 0.25843862697811604
100623 0.2499117085051171 0.8641128622049453 0.43497376411766975
100707 0.25 0.5213709271203889 0.2692955489739993
100728 0.2499884898959113 0.6702108539189761 0.26194272322272694
100790 0.1569892890108649 0.4597031748740408 0.2485529956997507
100879 0.2443359572183373 0.6821442203474216 0.33205455201566886
101075 0.1999873669143084 0.608819797176534 0.27641346958234175
101234 0.1815255075371411 0.5237590123208535 0.23539759142165267
101598 0.1225296442687747 0.3902868067265469 0.2556935341790657
101635 0.218156085217325 0.6204444652367699 0.23347688169846254
101798 0.2 0.7279594505315914 0.36449035108622413
102043 0.164819808084482 0.6071264058203568 0.3489841209417386
102258 0.1099724400524407 0.4978549625700359 0.29317627289319137
102378 0.2499650707832217 0.629897933813801 0.28917702813672624
102407 0.2118909620752374 0.6294643058157733 0.2513287572016304
102463 0.285679338620263 0.8885996677804925 0.4520178897544588
102500 0.15 0.3784085831216809 0.1686400666978332
103203 0.1997513873106794 0.5230979177750767 0.25621916983675247
103245 0.2423626209808754 0.8710364886048719 0.46489768681279175
103527 0.2856815736563033 0.8304704363047449 0.3664079444796304
103608 0.1416589268229592 0.3801994708355006 0.1721842997785896
103925 0.2856370673194548 0.7237635720989554 0.3339477935734697
104240 0.2222057250859072 0.6535264267591822 0.30239902726290224
104283 0.1538153350684163 0.4146751432733229 0.1805247298439381
104874 0.1818004506008536 0.5538476028795791 0.2921855691686957
105220 0.3332752496268216 0.8943299197803513 0.40696974058142815
105221 0.2499290743859475 0.7023797047748366 0.35820050049965296
105226 0.3212988649356647 0.8696341484503358 0.383165735307072
105270 0.2543794275208699 0.6504380162300653 0.34201868396828083
105273 0.2499854408192912 0.749967241565166 0.32898350718284713
105682 0.1758241758241758 0.4187189620527698 0.1987084291358449
105695 0.1999733470250709 0.4864863999355757 0.21295615255272657
105831 0.2499795485443529 0.644357304677442 0.3238034729461385
105959 0.166527146663554 0.458291891214234 0.19624381488922493
106265 0.3213879869883586 0.6992357130139449 0.3281572648395961
106446 0.2499745315302144 0.6731548209780923 0.32492620617831824
106503 0.1794402867714029 0.5919927550287081 0.30887983205020175
106516 0.2499549458991902 0.7294894262978125 0.2837430885347983
106693 0.2499305295237886 0.9634021593215124 0.3380514353352746
106695 0.2221762106349638 0.6379973196524146 0.2970826410569101
106805 0.2181762797989934 0.6266324168135923 0.33121047317674
107136 0.2499937304993545 0.7076205256397823 0.3058224423636165
107341 0.1618391132692988 0.5581198770208137 0.3204876128634267
107515 0.1396531431404771 0.4274674487421775 0.2017436524054669
107564 0.2499228357255236 0.627543027820129 0.28114867415596484
107639 0.2856688624270746 0.6552584222008575 0.3099857523675062
107707 0.1666294123602979 0.4797458443896289 0.17908275424770945
107813 0.2272221087777611 0.7682045486892283 0.42358440965963706
107972 0.3570859278674201 0.9149910237831315 0.39535618170357983
107973 0.2499519231263871 0.6848358794121548 0.2932012627583206
108128 0.3333198409194901 0.8740536307114635 0.4225065499993829
108211 0.1415400472630425 0.4939713827504185 0.24760802582370828
108249 0.3610854931737657 0.9124541027813866 0.4652852113461329
108349 0.1794110758242458 0.5316937422996888 0.27031551486802663
108356 0.1895444537101208 0.6090995051461372 0.40579050967466357
108457 0.357086975504779 0.8112928852584093 0.3926608067829677
108504 0.1920279368209046 0.4291387705549213 0.22971529159248735
108622 0.3333227818648996 0.8644968073795813 0.3537869347129939
108846 0.1999320555894417 0.6125813915523965 0.26369525530173793
109340 0.3333268835681744 0.7845389469507056 0.3345244307998436
109389 0.1815833240117036 0.6798478057055808 0.2967547994519129
109657 0.2444363392464521 0.6132099209448215 0.2930788710103753
109844 0.1599446655464935 0.7054558331990345 0.47320560522726623
109928 0.1992947314219258 0.541767483467493 0.2711051158560804
109939 0.2856101879378657 0.7400477005359173 0.3181121375253452
110190 0.1255291328175729 0.404416793097405 0.22274342649487233
110495 0.1814958250346981 0.5672166841443826 0.25111540973567165
110704 0.2221004799762111 0.6029446979189999 0.2755006747102586
111002 0.2777631392080048 0.7406220616764104 0.28959113597408503
111023 0.304426154357531 0.6397769602841652 0.3202432687280954
111235 0.1999885979104693 0.7537580567683476 0.3455816671081915
111311 0.1323415816216015 0.5903083108988794 0.3616774525794665
111709 0.103869195282102 0.4857694282804991 0.22431257749675176
111838 0.2221185358074515 0.6907192018200982 0.27922349469174884
112167 0.1666460550828915 0.4792524992064877 0.19694579653488556
112316 0.1922982110211635 0.5628920472831825 0.2876185425603961
112332 0.3213447409031726 0.7661891796008237 0.3350621731781315
112354 0.2856963525749141 0.7562699133156652 0.33281005625475907
112505 0.1666286743624931 0.5775667256487159 0.2599968398926582
112709 0.277710338479527 0.7386834712558121 0.39257311325676614
112777 0.2499080497346913 0.550208805127045 0.25414159991701
112810 0.1818058415803042 0.4884540554629524 0.20720556348328456
112825 0.2363057028580879 0.7756445886492573 0.42041264825967456
112876 0.1423292652540209 0.453984012419878 0.18572024708986026
112979 0.2850634844639068 0.8254148560772026 0.36115779463134684
113040 0.1999804091588711 0.5991029305619991 0.2712039413061101
113444 0.2444291363474919 0.6329793520661365 0.2866232293591138
113526 0.2499950731229333 0.6527110344642209 0.26758067107015604
114019 0.321371195089561 0.7155546989352635 0.33452155817262574
114050 0.3333211628171403 0.7896517965385489 0.3621842325267526
114176 0.1976549937643354 0.5598875874122295 0.2562000202967647
114319 0.1538191184083331 0.526146530639158 0.2463323027148157
114462 0.2856373959753987 0.8575086867624839 0.38273589653603485
114484 0.2221752955533571 0.5349915431258369 0.2671655713911932
114505 0.2441332070931932 0.7972715721977361 0.37650900890886463
114709 0.2222222222222222 0.7360318788701491 0.34707215712373013
114977 0.1461269220807053 0.3292316974748986 0.15035399699074356
115165 0.1995679990755622 0.6018884588209785 0.35210507066070645
115182 0.1999939248489869 0.5880192991134784 0.3045117635958153
115246 0.1999598388831953 0.6724628515612636 0.29860314769833096
115822 0.1969508714512969 0.5559685359833196 0.252744293583041
116056 0.1818102162481086 0.5323748104908859 0.25942184941310203
116063 0.166633568244066 0.6010604613202662 0.29776762160476855
116107 0.1618656029586013 0.3992199390580608 0.18040976097395672
116184 0.3777300506979968 0.8054682632711396 0.39296720683877695
116239 0.380906869073078 0.8272394585963456 0.3924645753578702
117134 0.2499923956185825 0.8573221363099682 0.4339466911266176
117891 0.1635725057355578 0.5770162647306998 0.2579162247870068
117903 0.1999886127794602 0.7251698471371837 0.32285373215124946
117993 0.2855057405561012 0.7496314029485918 0.2892082313372649
118213 0.2856498515366529 0.7622383538581533 0.3316561843835202
118274 0.3055389761939689 0.7523773478286621 0.3703704605287575
118377 0.2221905717829863 0.577029004720428 0.22450793178403988
118473 0.2855766485927813 0.8888819303100185 0.37278485066244105
118560 0.1666566999010517 0.5701820142920065 0.23656875126107016
118739 0.1666613096632141 0.544651957739637 0.2681163137043421
118755 0.2196702009398012 0.7035341265965686 0.3586018751696736
118761 0.2362872525762068 0.5778526350432515 0.24704418661555771
119062 0.2221993624812517 0.7173441724336395 0.33065509426690853
119266 0.2220153426870425 0.6557237323528315 0.23529438134004288
120099 0.1647764766125578 0.5401876895005762 0.2528618453935749
120284 0.2220181914052414 0.7000998203345438 0.3081239185767872
120333 0.2222055722272937 0.5938962991329608 0.24780850125700393
120806 0.2775185915126478 0.9001739047967013 0.42059558361818744
120922 0.1100526058762918 0.2955688574322797 0.13997392429289676
120938 0.2915136731342062 0.7187172194604036 0.3573784556807123
121073 0.2774842470181259 0.7106135784466812 0.31492808326569766
121115 0.2221952417008915 0.5808005352826163 0.2315536117861476
121251 0.2181673213178928 0.6401209189493345 0.3260785053465848
121299 0.2857015130038298 0.7989491941391021 0.33879726270968846
121302 0.276970648876313 0.6200437819595525 0.31184047937472675
121375 0.2856758044683108 0.7751650478689377 0.3013907434643292
121809 0.1916267199349162 0.6083519854514536 0.3583285678515309
121895 0.1817675605252942 0.5351494531520583 0.19578532287873854
122028 0.2498455423951398 0.8029240695475246 0.4280700177059483
122037 0.2444231447882496 0.5594067056710299 0.25537022313006263
122090 0.1968963946437559 0.5416298856069229 0.2656706231537746
122273 0.1818048560230596 0.4689855599505217 0.1826054682239707
122363 0.2222163995467978 0.8152473603108285 0.3984117753949221
122666 0.1538410749722672 0.6235627374741189 0.3478347507896226
122806 0.1757764623665055 0.7326342610047123 0.4257755882360862
123236 0.2179715431078378 0.5060408522210584 0.24346952458070623
123246 0.2121100299932151 0.581851958206963 0.3077249015392624
123275 0.2499902139339951 0.7778223460808227 0.36219382449874504
123280 0.2909090909090909 0.6202725701966042 0.3118703914524331
123511 0.2221526717213395 0.5857126743371076 0.23714677235635806
123855 0.2499538436416063 0.7225577976335799 0.3378008330695485
123952 0.1557882079098169 0.4286810448032721 0.23750079588937717
123953 0.2180558028022199 0.8370906997200177 0.4443654633416103
124134 0.266649198093865 0.655717944626666 0.28344091939840693
124138 0.1618598833790637 0.5340416469423006 0.2974231744239938
124315 0.2166341692631183 0.6853962093073972 0.3099224328078628
124400 0.175 0.3634364824131104 0.17653754942424593
124426 0.1764015762647331 0.546273489984928 0.3123025914084631
124430 0.1714057553968565 0.6329226246182194 0.3713778808070401
124510 0.1647988651951909 0.526788756960407 0.24231649572152697
124567 0.3332855036863954 0.8402630310691782 0.38675189810486355
124686 0.1807588568370732 0.6328913812184999 0.4054211419514604
124800 0.285651514162173 0.7184942273690499 0.31390631519122475
124846 0.1168200634419291 0.4675492390904477 0.26006740941308937
124908 0.1999345575952613 0.8350215526899303 0.46625334752826053
124926 0.1648004460301347 0.5781056194651621 0.31631443001694476
124964 0.1666352678414941 0.531690487054203 0.25604897969535295
125114 0.1372549019607843 0.4006375919803793 0.21148063071960757
125159 0.3333272282979173 0.9654652885659977 0.40940117902208206
125300 0.3053460075850835 0.8744824398102053 0.418248098791559
125663 0.2776915861265764 0.6504311368694633 0.3003063840167129
125809 0.1255041968682609 0.4986422089822362 0.3232865144410426
125995 0.1998865112295531 0.5806989121582804 0.3001105920065489
126094 0.1749779651648439 0.6328062428372001 0.3767897599922113
126279 0.2856118998699292 0.6638346298934567 0.2857038470304867
126544 0.2856568613920208 0.8258523253792177 0.3675768610171163
126633 0.3999837988665876 0.9995381189524675 0.40024044587650154
126865 0.1263679953596836 0.3247125060886585 0.1527556315971404
126960 0.2777450052247366 0.6556931928482762 0.34556130692752335
127045 0.3028650302780199 0.6232587660879628 0.33234415961126523
127141 0.1470364793512343 0.4373818674044172 0.1806371237495356
127146 0.1999923254547122 0.5791057791386365 0.23300854007753377
127243 0.1666253049931468 0.5274952888393661 0.2663658652373526
127618 0.2221980267858224 0.5860447974342918 0.27367540994233847
127964 0.2777332684326174 0.7670677189282566 0.3979551613407784
127977 0.3055555555555556 0.736315441858632 0.3654406097215116
128146 0.3021844927657031 0.7188955311953185 0.4184578700021132
128171 0.1699346405228758 0.4352223413225267 0.24782019458956242
128381 0.1999771497563613 0.688820095321399 0.3547177102989359
128492 0.3808456601478799 0.8529091566924765 0.420547229304576
128524 0.3332934188589486 0.7282142969243556 0.3420892517419329
128635 0.3333274764915012 0.9770737412583139 0.4767847746824792
128828 0.1536288546698214 0.604069379109276 0.28749159557508197
128916 0.2573418985379396 0.6955781036203775 0.32711726023913895
128918 0.1999675342214352 0.5005267189284629 0.26138191429518
128968 0.1999961335044107 0.743163824571832 0.3651492153022463
129163 0.1815681275527642 0.4953512782098602 0.23310599863808024
129504 0.3332269230840333 0.9276497343572289 0.42910737154026446
129611 0.3333317688804237 0.8140549662850577 0.33816729839032844
129780 0.1322114813939689 0.4831276887119444 0.29722946382972437
130090 0.2666331815956773 0.5803266500051882 0.26765923888608867
130614 0.1903376430143891 0.5474923073818531 0.2742353117919444
130814 0.3214173442103778 0.7869735848414784 0.4174835051531575
130907 0.2856902055487225 0.6611146084385542 0.32278018040244943
131010 0.2666499616475779 0.7994002166004052 0.3867387401823265
131024 0.1999715774136199 0.7771325187086978 0.3807689415002408
131061 0.3331181168734939 0.82969490657649 0.3869661682489989
131150 0.1999889698682556 0.75738406572524 0.3579086593278104
131194 0.171412670192349 0.690166985681093 0.3846197853008253
131214 0.1666530366719333 0.4559280803596445 0.26787061731242173
131278 0.2118873200183211 0.5841377805802195 0.25348166006355294
131395 0.1416666666666667 0.4467171178378727 0.23927602066086312
131466 0.1868058313197793 0.5590929309129999 0.22926086398417325
131570 0.222208650899623 0.5458874142695105 0.2387362386767548
131648 0.1519796462647672 0.7213002350667336 0.45793085921311005
131738 0.1428072743733578 0.3700172506675223 0.1519870667035499
131852 0.2363259194542429 0.5856740589965002 0.24869127191536033
131861 0.2666078316687687 0.6616993526753583 0.30408594670851674
131943 0.153666357889027 0.447407083208818 0.20175195297766416
132046 0.1333257945141288 0.5686943366796235 0.29128599563333335
132126 0.2561276816371821 0.6550861690825274 0.35787800688570415
132285 0.266612376704517 0.6701817688398684 0.31566846070483057
132564 0.249782918401034 0.6690879783559874 0.2939643351892224
132627 0.2 0.6384902509825594 0.30418521647111213
132665 0.222189771137468 0.6044251298456805 0.2738473201899408
132701 0.2219422743756888 0.5862866218297627 0.2671625352856593
133184 0.08384848934725105 0.3830952050307946 0.23260527092020003
133311 0.1817827491735463 0.7070108755627846 0.32097646931808155
133336 0.15378709098409 0.5569512590601136 0.2785514349369301
133362 0.2 0.5388260450960699 0.25429402540155965
133497 0.1867148049925793 0.4331639679409987 0.204845292538673
133533 0.09389662113522868 0.3688165009207377 0.23760225164935073
133555 0.2222169233673749 0.6091535020582193 0.2334539418301585
133723 0.1999958193027208 0.5656232857970865 0.2670237943214232
133730 0.2181563962908603 0.5851003924786157 0.28815507743550584
133739 0.2499896974552026 0.7422919245261193 0.34548071653787854
134734 0.2499752867609702 0.5752361161977121 0.2591209217791223
134870 0.1092452599452745 0.4114530177490362 0.19798694401443925
134968 0.2574980944912839 0.6571905847402248 0.32921707577172854
135237 0.2666666666666667 0.7488061860712746 0.387199281272362
135274 0.199943738419375 0.5771639677080173 0.27961830121057213
135351 0.1303992066587296 0.4636673276547555 0.2833971004907578
135412 0.2362751836061587 0.5487565814990293 0.26818431065452164
135532 0.321416142994631 0.685391522083096 0.3240799090022543
136240 0.1818181818181818 0.4433183918818187 0.210950209686058
136303 0.2221260384921347 0.69829670005385 0.321154632855332
136560 0.1816701007070304 0.6441152268952683 0.31187736917491876
136849 0.1999922280624771 0.6047798975963703 0.22641929105197103
137015 0.2221848449519103 0.6319569715198348 0.316303587114633
137241 0.2498632097107864 0.5805926609908517 0.2722532938348772
137341 0.09114194799362164 0.3885154442339958 0.20681130954131954
137348 0.3999446521255063 0.9932536849256071 0.4577071613153006
137728 0.3332889174662235 0.9325332321876413 0.34605423550890974
137963 0.2777501988183816 0.6743896253226626 0.3086656243059873
139338 0.1999687839530489 0.5183896337368975 0.23652122571408946
139438 0.2196769051213553 0.6734481557279097 0.3929733791298448
139461 0.1520151320066087 0.4118359321944689 0.20006149968259815
139465 0.1814748491972927 0.6629860891744247 0.3016326337776164
139709 0.1999833021375196 0.5999518916324258 0.271915652915195
140137 0.215660875944672 0.6244604590390938 0.27828877479238234
140332 0.146179999977795 0.4018334697488386 0.20672273792230558
140362 0.2221633146633983 0.5639471086771126 0.24989755322241872
140370 0.1969568594145598 0.7753961912061652 0.42318058468401215
140426 0.2776584383473226 0.6737995342598936 0.2792712226331261
140474 0.2499548329316345 0.9995381189524675 0.4894358514777578
140499 0.1999693116885176 0.5897428020805208 0.24982158874081647
140558 0.1818172435887243 0.4931497010540821 0.23340900583887944
140569 0.1666573978485637 0.6696656730293452 0.3854329297370605
140576 0.249986705268061 0.760582523917844 0.3588435521672813
140695 0.1648351648351648 0.5230830388985567 0.2986551463183118
140735 0.3333333333333333 0.8388657364963478 0.39900642483174176
140986 0.2180529013546575 0.5812515449229477 0.30852723927876213
140995 0.18179799790552 0.7130258865442893 0.3646536082953055
141044 0.181805898807428 0.7012568309569388 0.3435266857153118
141092 0.2221459126339777 0.5776276959501325 0.24595150198846868
141156 0.2221965716795997 0.766901987099677 0.351749792216135
141387 0.2181593499033027 0.5182025345667756 0.2499444425500439
141577 0.07394957983193277 0.2939416333919647 0.2027137479497153
141759 0.221999652597849 0.772140359125642 0.3852499745481815
141768 0.1124750298433379 0.4134443822229894 0.24123085286527687
142131 0.2777125925414488 0.6807208778896534 0.32332111480253106
142138 0.1999457242451969 0.6274464477268535 0.26577280060825587
142307 0.3333037648274755 0.7524488900599702 0.33584357320117647
142395 0.166402099388937 0.464995145408593 0.2078192910895741
142466 0.1818100700668103 0.6412286178376791 0.31881487258302305
142533 0.1818067103845316 0.6912454416559048 0.34453326403030776
142540 0.2526183474911932 0.5370305219176694 0.31771459407902275
142560 0.1538133890843929 0.5830685472860762 0.28365817180964265
142734 0.2363520750891068 0.6418854384563047 0.25495148149107183
142859 0.2222031587552834 0.7393397546815563 0.30429495460145156
142873 0.3332967805788271 0.8491791696738729 0.3835531969346285
142876 0.1646258776469523 0.427663429245815 0.19324280207568387
142973 0.1817995738456689 0.6892208297036339 0.31603175874281925
143038 0.2363398558604076 0.5337162959179059 0.25170204877976676
143346 0.2197479985741328 0.6672407581608167 0.33041147490978107
143432 0.1372107321847957 0.5041260795149992 0.25516504480406316
143445 0.1647648327712422 0.5476047202399619 0.26423794685141916
143590 0.1185586580035529 0.5774998399198931 0.34644245613473174
143861 0.2421821522637365 0.6424197755351209 0.2715110257599664
144255 0.2181384425261437 0.4940490842559336 0.24538099809091474
144486 0.20877513318083 0.6983301255950612 0.3669919754485697
144561 0.1904410900463632 0.6708866844369487 0.33014535042073595
144786 0.2499886040394789 0.6360088434448081 0.3294625630106576
144902 0.2280460057332285 0.5289829681082426 0.24514072618167382
144981 0.1828881495176847 0.6388196812161615 0.37050146987898913
145140 0.1176078983229573 0.5033751359130226 0.20308059550406746
145355 0.1333333333333333 0.4005332432901396 0.15937302878314608
145487 0.2497026527654849 0.7714988197312403 0.3074329182351234
145512 0.2499887902128254 0.6161717338459352 0.2544968688605573
145600 0.1267565608201252 0.5730768234337855 0.3007028600424234
145684 0.2221046171842042 0.5532970217433874 0.24011259972915555
145979 0.1817885344106603 0.6551097209797939 0.3397368074413101
146179 0.2221286380345353 0.7226207672680495 0.31547336047097835
146296 0.2219735754849116 0.646116368351694 0.2796214481261045
146651 0.2181514922419942 0.7510859304960996 0.34880730347452343
146760 0.2221966418600689 0.6497335412467063 0.2479951161558054
147284 0.1998847235460073 0.7607128362625162 0.398648616086362
147396 0.09843397281013763 0.4593643320526493 0.2749723315607972
147591 0.112574381310255 0.3758182499130008 0.26587856483072775
147789 0.2222135995004822 0.565271445445198 0.23630382092907007
147838 0.2181818181818182 0.4860006496796504 0.24692472831772963
147937 0.333313356867672 0.7567984465331964 0.3370709673662164
148215 0.3051265834969645 0.7284639031920535 0.3052899391520891
148557 0.2221865939997773 0.5680067431846814 0.23180175686016657
148641 0.1469792050707121 0.4064199413160371 0.20357015545866577
148651 0.1666207748066151 0.4251402659552476 0.17163451552208175
149458 0.1518749803686465 0.4975524361401635 0.24515991862413472
149501 0.222206339101447 0.613269962387801 0.2882197956343901
149537 0.2665673174334619 0.7421679567280283 0.3382786207996109
150123 0.2855268998270983 0.6420453814258197 0.30473900400960446
150230 0.2499877991994586 0.6878649235618827 0.28156308428358645
150292 0.2857082851215514 0.7614795364877212 0.3222395412099044
150406 0.2222105364469652 0.6509055724479746 0.2838065269932178
150478 0.163031035089307 0.4700970811690714 0.26118314365580225
150620 0.189307283325207 0.4014507144966308 0.2521326476106872
150715 0.124159910878593 0.63077541367148 0.37745791462241973
150860 0.2221700462778662 0.534938580691836 0.2910087736619047
151038 0.2285214685524218 0.6337320588035136 0.320187739977048
151126 0.2499835922331406 0.8814599153944405 0.41868378301617937
151253 0.1176338951400211 0.5564216618367488 0.34024485435951873
151423 0.1792938670967109 0.5309150688642891 0.29338773638895993
151469 0.2856528135387996 0.7913439505254694 0.31234452482652597
151617 0.2499336905814834 0.8447258411263991 0.3623855196891697
151783 0.333325269305662 0.7508894454268719 0.3465563077122538
151828 0.219705941942656 0.5689908511615184 0.3116304566824711
152091 0.2777704423910424 0.6549707753197528 0.3382880843515043
152123 0.1648351648351648 0.5020166789061434 0.24733169781689726
152209 0.1106478745400243 0.4848149592812077 0.3133137694390253
152729 0.1397058823529412 0.3722462227238559 0.15005417990603262
152772 0.1817574730569968 0.5748401705997519 0.30096075804176486
152842 0.1713990480929339 0.5528232970279983 0.31626327318693764
152896 0.277754827544338 0.6010583492612669 0.2785924522477406
152952 0.1999671977245775 0.625415532991001 0.2895986512958655
153030 0.1053788726255063 0.4604512578264809 0.28629213871889914
153197 0.1190008910259898 0.5328662243859025 0.2938092375041556
153547 0.124978025731817 0.4761524450949526 0.20805449071504065
153723 0.2665924893319794 0.7013582479455062 0.35127452720106705
153753 0.1999871325840144 0.6092732613473564 0.30415785286875013
153785 0.2222154265662185 0.642018986455376 0.2777561460850648
154051 0.285683617613444 0.8050326218774159 0.37880479238949527
154155 0.1817495811110653 0.5947599041228184 0.24261329000724802
154215 0.1095096480767024 0.481964957097401 0.28130597880947183
154469 0.1538360395570453 0.517262296401547 0.25008990309587076
154616 0.2856505428885999 0.7592523941828366 0.39656900957589636
154944 0.1794515488310166 0.5497928752892329 0.27582883662014585
155597 0.21814934940473 0.8015307476224787 0.4105367140681441
155694 0.2499434843337678 0.6904104451639864 0.3125672372071672
155729 0.1999928360249764 0.6027758537238406 0.25127755638768906
155790 0.2499672205292693 0.6767172868102906 0.279601284856373
156302 0.152316042817265 0.585068534671913 0.31602948397968855
156370 0.3330907059647022 0.8080198112211583 0.3387406756956383
156577 0.2221753830524347 0.6133728676358516 0.2699063245585726
156825 0.2499794849975054 0.643555440105211 0.2810192793652393
156883 0.2726525713054274 0.6554886596534601 0.2797987258092252
157106 0.333263344491915 0.8619255327861044 0.37439648692218114
157146 0.1866863432530908 0.5248571000330994 0.2708486356347929
157385 0.1999901637686467 0.6211135980709719 0.28201819000835754
157437 0.1999547282604353 0.5472076787307638 0.2501640173285008
157585 0.1226576007362474 0.4100059883100049 0.2202406586623225
157710 0.1618025802184102 0.4626981312665694 0.25800358336863627
158080 0.2435404326314601 0.8208368679801581 0.33693533413833704
158180 0.2222011491763716 0.7061637690706775 0.36114327914783345
158183 0.1461780277189083 0.3114028023137993 0.16844272362404608
158247 0.3332880496158088 0.836088155072694 0.3800355254551985
158251 0.285698841732683 0.8523929409512409 0.4254211893629599
158405 0.2439329302390682 0.7315035289310484 0.3522120533161585
158413 0.3333150309579155 0.7801990918659082 0.34713418956574676
158977 0.09953620352536542 0.416255614473029 0.23010134843996538
159033 0.139664119252861 0.4382771957037031 0.23924237018051722
159435 0.2212080604088944 0.6283396940060135 0.265859979644077
159803 0.1523337902568865 0.697922871982194 0.3390231899768799
160045 0.2856896858009304 0.9015264078028506 0.372167984886993
160648 0.137646405866265 0.4342926462713144 0.21426437349983482
160751 0.2222222222222222 0.7249881753501183 0.36782539145220894
160899 0.19992251625393 0.5881243516731254 0.2932704423725428
161221 0.3806503119700538 0.9474031150984775 0.4316255486244195
161242 0.2220632625471235 0.6567212899659121 0.327531498994449
161340 0.3999899850947949 0.8588462429287381 0.40046818442417786
161687 0.2777575569554527 0.7567577938378177 0.39657041997105325
161690 0.3213479065405908 0.8311221374205792 0.35906663516223664
161807 0.2666339085915018 0.6152244566260932 0.30646444910711745
161993 0.1999588803835294 0.6179608810241135 0.26406381831127995
162094 0.1922785184146087 0.5494759364076899 0.2521208522747524
162223 0.1922876207945455 0.5308279154612061 0.26217007800915154
162256 0.1999145383640523 0.5099481664176464 0.2395109266480573
162461 0.1646758718853056 0.5122067437030356 0.26209073226930796
162552 0.1817995635434085 0.5188928389842616 0.261018802212475
162770 0.249996231998629 0.583918552194518 0.29750169421612377
162831 0.2498926642865222 0.6424710359481307 0.27511446439557824
162904 0.1030852654935304 0.4674064762120649 0.30162435713460867
162910 0.3999507196330111 0.9342515861731233 0.4072611421696318
163022 0.197665195135122 0.622907280359113 0.31403780777650897
163114 0.3331744563866889 0.8830567217485206 0.3741544942859808
163359 0.2854907148614895 0.7204522574479602 0.330846061212885
163555 0.1428571428571429 0.3984766576874918 0.1793046067994039
163707 0.2725271897931136 0.8644010387887309 0.48665430411921706
163741 0.1568422282375718 0.4072476855551709 0.2403296941694678
163751 0.1817374340265842 0.6006794625454306 0.29837740180018396
164349 0.2048322947590751 0.510440073067087 0.22196392766689774
164498 0.1817831707536159 0.7026157921898545 0.3132442015097889
164522 0.1033093805448092 0.3746393888920981 0.223143001949742
164943 0.1922646242107334 0.6677331726193932 0.31974629988532
164996 0.1666286634799324 0.5839801651132897 0.3342590017459184
165108 0.1999795368883035 0.7431764641789349 0.4190225562505732
165223 0.1617484425863837 0.4183056156508075 0.2049166495981282
165401 0.1816501027179227 0.5802363995697779 0.2933266429159596
165780 0.3333312276660914 0.84244986415402 0.34360037797480275
165931 0.25 0.5853042420532728 0.2652478282347867
166702 0.1647313068281726 0.5063688135781295 0.23987674027525177
167004 0.3571318625426965 0.7933320376751817 0.37394434850726666
167277 0.192232151421264 0.5805518862492224 0.27247814128706793
167414 0.2499849244398017 0.6351166406683332 0.2851897888739061
167470 0.1922463925213343 0.6183287764251374 0.26075799092656954
167473 0.2856341008116924 0.7348126093760866 0.3390102532687502
167588 0.1999716149854218 0.6094903624426417 0.3225403325076535
167679 0.2181757226623159 0.6052362963918217 0.30327864328545995
167838 0.1519322040828981 0.4360315998406828 0.16333822722899816
167928 0.1817596314793008 0.5510652798112573 0.23562718890205378
168296 0.2180993219620241 0.6275381119716781 0.2754843730824438
168310 0.2443602604373929 0.690497270753409 0.2967013954937031
168345 0.249968231126793 0.6919056391049851 0.2869531160551685
168462 0.2499628223209701 0.633892156146668 0.2640225744193139
168478 0.2444124616707234 0.5287174587168889 0.2574502916963282
168547 0.2204928011830908 0.8034054107463378 0.3431607599872046
169253 0.1923076923076923 0.4651372327576888 0.20185727207195708
169318 0.2726609866595642 0.6995995882825173 0.36381580159350374
169366 0.1066415762442493 0.3947670582621014 0.22103476986302076
169384 0.136796243275885 0.5346329696414002 0.3057672724011699
169627 0.2416188944085216 0.6752915766257732 0.3762106947629189
169676 0.249988910493865 0.6451877800965731 0.2784837122540674
170084 0.2857034223123387 0.8926049694851209 0.37910292049326244
170255 0.1816743337615233 0.5386037606332216 0.24008407859430209
170273 0.3332991278847512 0.7969352427028442 0.35954436549126
170375 0.1428349401383259 0.4499079123699827 0.20094647221186437
170553 0.3808603792062611 0.854957808728205 0.38791351495419124
170672 0.1614088642210348 0.4919684025243489 0.2675244606906
170761 0.1538332000109366 0.5629928024562494 0.29482295504807504
170873 0.2444444444444444 0.5840039769713179 0.25563503060237225
171039 0.3212879930495637 0.8198526172768498 0.4102457780821123
171060 0.1537945350142966 0.4845279433106593 0.18443993066206246
171109 0.2221983333564918 0.5913067890507808 0.26889045814564877
171151 0.2221468115185483 0.66912703275526 0.32780032387667196
171155 0.1666037655614151 0.503700973944819 0.24456150148027833
171269 0.3809428547249128 0.9428019159383753 0.44527690815014187
171343 0.1665824182984407 0.74191479396694 0.40389072380083496
171724 0.1227309218889213 0.4353140568051729 0.2392346688245378
171878 0.2856923441512376 0.6849460856008714 0.341158954896825
171904 0.2050928772991481 0.5612792663989958 0.25301164710523083
171968 0.2222025639837849 0.6387412159691894 0.2784626084348396
172026 0.197778303564869 0.6944404955558572 0.3967122994898938
172117 0.1713930978910895 0.445448202155948 0.19587224071659246
172290 0.1110058755442128 0.5074952688524855 0.2834973540983037
172313 0.1817973314989448 0.5212790241770077 0.19791060557114162
172457 0.1658257937113636 0.4531954879755767 0.2756486055635197
172883 0.1999795677988408 0.5691452661229924 0.2285871301344226
173055 0.1922823044678234 0.4829774285626972 0.2722295754979351
173157 0.2499523898362789 0.6082238724339535 0.25160603592709013
173355 0.103858654996227 0.4066135516681708 0.2044287711260116
173464 0.2499862962290608 0.689646224880826 0.3196463613971089
173715 0.1928808968243488 0.5623849871451314 0.3346270051319614
173746 0.2221918713513138 0.5603031012002317 0.2258819736395516
173869 0.2362750820089397 0.8010442844945425 0.40041375962000225
174042 0.196969696969697 0.4455749348380913 0.2421542302462345
174116 0.2888189953020061 0.7967209865698364 0.3605018140163771
174493 0.1666527187801198 0.6640956487359372 0.3611931399402733
174573 0.1999820515653152 0.4427786350135286 0.2100636794555168
174686 0.1809147894384682 0.4470938038083786 0.1940006881776574
175121 0.179455237166002 0.5234876040642782 0.24029788059469384
175383 0.16644399586791 0.6020819925230771 0.27234296252830065
175602 0.3999784873500565 0.8519448335227178 0.4201334560928534
175633 0.1817943868470342 0.5391259451541017 0.2656685483729209
175808 0.1303764888038154 0.5512936496358722 0.33512889330486023
176000 0.1999017904858501 0.5933224006846378 0.25972277261508697
176182 0.2666407231432387 0.5921453554665683 0.3142579962333057
176273 0.2423498675056493 0.6015394793374622 0.2872565956217779
176504 0.3333305963576269 0.703896938958871 0.345761902080386
176681 0.1817974756287722 0.5968453244390644 0.2760284822879682
177486 0.1793941848731845 0.7174848955395378 0.40792357164733456
177823 0.1764321043149704 0.4852954078831614 0.2635415936956752
177852 0.205032202062613 0.6661173908384929 0.32198912801577284
177891 0.1111037120228741 0.4627023254503571 0.25410340540876686
178053 0.2444044230657473 0.6791030647072277 0.326171714157239
178476 0.09842290649388499 0.4482180735010029 0.2759629821445692
178587 0.153721647808505 0.5006806598792106 0.226291813104996
178624 0.2499917509973485 0.663551445851354 0.2623607400850628
178856 0.1998684609705634 0.56049647662345 0.21657872540718598
178887 0.199958090051825 0.6019793088775685 0.2730554522187627
178893 0.2181722202327267 0.613261971835034 0.3025242050668533
178955 0.321327729491154 0.7610440250290884 0.35513491449428686
179030 0.1997259137555773 0.5389737080671246 0.21941683843622461
179140 0.1139784946236559 0.3551457798762863 0.23256479596657487
179145 0.249910632961716 0.7882763415681545 0.3400304276347081
179424 0.1332651552233283 0.3949797133399458 0.175284424219949
179497 0.2499813190170323 0.741680733492661 0.3562845236258452
179522 0.1922960963672188 0.7232877146638378 0.4117614675746075
179734 0.249938365549024 0.6122721429620737 0.2631893274298558
179791 0.1169422775124055 0.4576624550331058 0.25129530752534524
179815 0.1868002066265666 0.5134901985820404 0.2564467367908805
180042 0.09879102608895503 0.4999651347962993 0.3133711843267783
180424 0.2856903077641775 0.7377708292907021 0.34476834586605487
180505 0.244284454703085 0.5792059102018454 0.24562698460829457
180716 0.1749298869848657 0.6245213656546488 0.30633627622861564
180865 0.1666248228148446 0.7375889259469927 0.36557357344409863
181158 0.1969548832779767 0.7576176651663604 0.40388647752439477
181384 0.2666304634444177 0.6452944318249614 0.3084687838868664
181407 0.1698652217604475 0.6330445403452265 0.3399631017606614
181444 0.2272584728809301 0.548624170524618 0.2763751765758619
181603 0.2499081550855564 0.5648507888424446 0.2514519816679033
181646 0.1818091909025019 0.4818748098653691 0.2125638016328936
181726 0.3323586064553199 0.7018522683876826 0.33868873847148306
181728 0.2499266422493238 0.6093553409922612 0.28673279487391545
181844 0.1794724097890733 0.6026514929325943 0.2782892869113987
181912 0.1582634463612218 0.7843158454866502 0.46997168470498535
181916 0.1636898905445834 0.6504678509301535 0.4117655267782867
181952 0.2498505696855093 0.6341466249780269 0.2847055769609173
182061 0.2222222222222222 0.5411081325885021 0.23532548734654785
182327 0.2363514191714745 0.6292774540021738 0.2913812594103813
182356 0.2 0.5416577307321274 0.26174900019826774
182867 0.2499215718822222 0.9555689311855464 0.46493742303800767
183167 0.150247655405386 0.4335714285158851 0.18359690002970394
183210 0.2856496961489616 0.7672283688902511 0.31634760041159654
183237 0.285635911168183 0.8622612527686181 0.4105099555108738
183267 0.1461584643886932 0.4212296241906533 0.2112522879085513
183602 0.2120767142947048 0.7082449803128565 0.3266641729780637
183681 0.1968354574011284 0.7010218143399402 0.34861899363360876
183700 0.3997444014511854 0.963248705998749 0.4616272331863126
184046 0.1437417802679082 0.5852387427117323 0.34355155922342673
184111 0.3213541066744552 0.7267017465646529 0.3217794989794829
184141 0.2050905241396053 0.7646918726486017 0.42403067116083804
184718 0.2220918040020976 0.6220320533550505 0.2985845951663079
184891 0.3333066970587748 0.8956299740391299 0.4202442544989015
184920 0.1817994048275206 0.5300903661485031 0.2155525849395493
184978 0.1903683802221798 0.6975017373466794 0.4014455915319998
185333 0.2272416135822285 0.4997371759366135 0.23682165602605917
185794 0.3332961353901399 0.701894428912588 0.3627376175361551
185847 0.3330737788523719 0.7719260950437903 0.3403473497680694
185938 0.2499546649403181 0.7334704782017458 0.30239627845286904
185967 0.2499896704155435 0.8155013310127033 0.38271334488194875
186013 0.2856805908231267 0.6867786530591046 0.30942304538733223
186192 0.1666494159805268 0.4818185886882516 0.19767660968818887
186472 0.2221655389311875 0.6014644586460496 0.24574450667110737
186508 0.1794325078538316 0.708166984457691 0.37137939064962566
186666 0.2221997104379597 0.7183647017875359 0.2960728086222499
186888 0.1396569819192221 0.437969964239944 0.20912479744483659
187152 0.2222099076738332 0.5661058857170966 0.28010887784920624
187381 0.1817766590826315 0.6797423109960608 0.3155487379539115
187397 0.1240224051827822 0.3867915427685368 0.15831186990460933
187493 0.1315480262949533 0.474317075499173 0.26321331521711056
188029 0.1969390416557633 0.4724323102403641 0.23461948966376006
188063 0.1818181818181818 0.4863789645223577 0.2477711671518435
188690 0.2222050696862779 0.6173913728048774 0.2695239796996943
188870 0.1817847395445567 0.6106282771128645 0.3094790683594348
189039 0.1666381586920158 0.4888245759566483 0.17526721375675505
189097 0.1999363078959096 0.673557795479691 0.31987975428494675
189378 0.2499859034906169 0.7315759811087712 0.2764503069149744
189406 0.2725432201544261 0.5587273274359222 0.2728373095626543
189734 0.1665962333888088 0.5577667382642075 0.2542478179818294
189777 0.1368256484033643 0.5508698064129735 0.32080334027605734
189951 0.3332858767971283 0.7488008817123345 0.3521545712989553
190360 0.1817394812596928 0.5213257829188398 0.24913741513403326
190744 0.1176246788675424 0.595691339662147 0.33799176725970753
190800 0.1538301689822781 0.6689670403622039 0.34980938340009005
191018 0.1817883269666941 0.6481151726047457 0.3339861984846382
191356 0.2499728633633265 0.6957543001817884 0.3362854427850921
191416 0.249836058461446 0.6298772159619047 0.3040844242604533
191429 0.4283187446032704 0.9541065275634782 0.43019490344436123
191514 0.1815938114441743 0.6084166310323607 0.3058514898657846
191612 0.2820238056319239 0.7143442352319772 0.3948296694538727
191722 0.2666241688337442 0.6398016631710091 0.32851229505290824
192120 0.1867564390882945 0.6047987021442954 0.32061623081204443
192162 0.3801953996422169 0.9098634056427933 0.3877581293775786
192301 0.2544208462848351 0.5322625398054035 0.2925177808223161
192344 0.2499660218735618 0.6820192866408981 0.3453480901045835
192444 0.1241654167290473 0.423066026541968 0.1514441632215981
192683 0.1968946814802114 0.5972413900462613 0.22750322258268638
192743 0.2 0.4865499260237244 0.2191388559840587
192951 0.2221958816262538 0.5416558511530454 0.26055285763701475
193010 0.197724365755517 0.695519756246959 0.3362040746155833
193245 0.2180866410036169 0.738059492837754 0.38511477188058846
193422 0.2222057798924864 0.6744823802079258 0.2869618143107038
193528 0.2272428887598442 0.5687270510872416 0.2961729409051791
193673 0.2179801023461439 0.5862593683646841 0.26670458554867826
193684 0.2306045896427335 0.6339212430741522 0.3260405367021611
193707 0.2856322062692635 0.6882655725017248 0.32778381010160107
193731 0.3332947170232277 0.8643262248018238 0.4154370492613842
193739 0.1999379497089349 0.5259783205647726 0.21239569351624113
193979 0.1647861286286295 0.5768679862562307 0.302938579510507
194064 0.1816265684067208 0.55217597662855 0.26643974393450304
194141 0.1985294117647059 0.4661873351040234 0.26169649599049655
194168 0.242339589248824 0.5693131768227854 0.26663399249659836
194580 0.2498807328315539 0.9065503687116055 0.32664966007134655
195076 0.2774694089623141 0.6561925591653633 0.2869058117104311
195161 0.1818181818181818 0.4354872272660132 0.20077788997583215
195176 0.2499807664021742 0.6669338647012955 0.31128882759587
195384 0.2856761397293226 0.7774297063469982 0.38010066172042045
195462 0.1977009095375084 0.7150344845403384 0.4046076045811983
195866 0.2222054516802383 0.7864606366159924 0.4900817239125859
195884 0.2271036974680428 0.6967431851520679 0.2587421026370995
196103 0.1428005565310579 0.4300400439926829 0.1581450757445016
196813 0.2221388040557898 0.6529673597022728 0.29929429019265813
197310 0.2776247794554689 0.8682840133799351 0.4363672942116966
197382 0.3928322552548269 0.8574579846641887 0.40280431985830895
197505 0.2856156516808064 0.6686548271090756 0.28839019007585737
197516 0.3210522899420054 0.8189608246054246 0.35479227597257773
197672 0.2777450214530653 0.7459512975954602 0.3533465514683481
197763 0.1229671371406204 0.3156662181073304 0.15314220674314794
197802 0.2499624263676033 0.6140436216025038 0.3063793634935767
197989 0.1999154397572571 0.6057150848748625 0.2646432615996736
198099 0.2777565563548929 0.6904575685891685 0.3185088523545421
198227 0.2221976612089687 0.6780031905919373 0.3093401177012475
198488 0.2222187654254923 0.6630170284708128 0.3461489741573324
198626 0.199960092915393 0.5533244822133531 0.30503270316493664
198774 0.1618422720022805 0.5250846147591206 0.274753489459531
199198 0.1969020981268217 0.5862234682218804 0.305696335904991
199260 0.1228070175438596 0.3866557619491816 0.21792512486923873
199291 0.3110676023943474 0.6927457806023801 0.3486719018451494
199327 0.2272465756265607 0.6783427090542383 0.37230682803518816
199352 0.3808476144098951 0.8449037106393708 0.39595597253413956
199420 0.2219873202734273 0.5286353062407997 0.23958139965062786
199465 0.2666064747306568 0.5780448341260511 0.2724463969294708
199660 0.1999278994985811 0.6302308781022737 0.3110265775459747
199689 0.2362802897757844 0.5881657851213014 0.28098119104058616
199786 0.333233247246332 0.9686220557007202 0.3889092967065574
199792 0.2499223209038864 0.6803979492678298 0.35282137251117734
199947 0.2181367085675954 0.7249008686255864 0.3514293517799116
199956 0.3609712262971119 0.862287247056437 0.4115626756294284
199982 0.3213796202062813 0.9338061515599086 0.3906966177677275
200041 0.3055421259618859 0.6597241459168472 0.3144488701056887
200647 0.175773880605255 0.5728856618842498 0.24531719602310278
200868 0.1518499614821973 0.4921633779504116 0.25921292744870406
201276 0.2856767313181935 0.7051304216195136 0.2903627890956317
201494 0.181743689355583 0.5360497613566445 0.24777327723334544
201594 0.3110789241007256 0.7458265578648736 0.3810436316521078
201673 0.244408882243631 0.5959960955338233 0.303596077211712
201747 0.3213128050545108 0.8351407883788613 0.3819190804856883
201760 0.1437908496732026 0.5069053084086933 0.3052438193054103
202045 0.2856658715506653 0.8623234683468527 0.36566799725902993
202057 0.2221938418623755 0.5662199297861604 0.25496674972717476
202292 0.2665692578616554 0.697621989368212 0.3357289892254927
202338 0.1969611355055558 0.5461579264460515 0.2906059828047486
202401 0.1818181818181818 0.4680867080972137 0.22260211659881454
202638 0.2178943460176818 0.607978767243226 0.33207835627909077
202696 0.2857110959087664 0.779244552426127 0.3357027197354071
202754 0.2499953317068758 0.7647716750456568 0.29537920892161323
203364 0.1426094449215052 0.5262746338758917 0.22953268092545048
203464 0.1999425037671997 0.4945242951417527 0.20976459190789837
203859 0.2 0.4475384152710783 0.20958031313680753
203966 0.1371910212061822 0.4195138336606441 0.23955859453212586
204007 0.2499657957241046 0.6685566755098324 0.31962317828138775
204143 0.2499416860664063 0.6663923893011147 0.2742766281197944
204208 0.2543667106791516 0.6426889340095159 0.337527156531628
204410 0.1286462552616609 0.4858634411142285 0.27649450942659437
204445 0.2362690622965459 0.5017434651016868 0.26344168597473133
204965 0.3110178650201024 0.6511565616269327 0.31325584406391344
204972 0.1832706238713682 0.5665375874804826 0.2444392005133315
205007 0.2856316305780445 0.7038292339764958 0.313977981121517
205150 0.1818078803935943 0.507139342297933 0.18505564754412165
205416 0.1999898881413605 0.496812088956855 0.27497172914739665
205590 0.2499360710745543 0.6866607969924539 0.34144918887195397
205710 0.3214101664164804 0.6881476456241037 0.3256730339782101
205784 0.1807170302033634 0.4538904093887854 0.19564594357023302
205853 0.1538007920488017 0.6166246105739355 0.34131897229445024
206235 0.3055320871266972 0.7087432495185314 0.31141268563209556
206420 0.2444213724682237 0.6592215769788885 0.31181866073389136
206670 0.1380502962493176 0.5456978075017626 0.27272896633397076
206692 0.2856764960251298 0.7403354071566596 0.3396156224845552
207120 0.2221951270858886 0.8091652717945665 0.4230202723202956
207271 0.1969643645500291 0.6306540724897072 0.31512652757465975
207276 0.2421421610124151 0.7564315172689806 0.39526622906729053
207504 0.2094838844696742 0.4455164805301159 0.22281771104854622
207626 0.244390222974494 0.682066409500768 0.33958170610455984
207805 0.1999665958295763 0.7204163270826555 0.3854247574366752
207873 0.2856973935923443 0.7488270702981802 0.34561148247878914
208013 0.1817367148272124 0.5777406489644191 0.20099953362200995
208228 0.2856600370157036 0.7154226728042646 0.3181412056593938
208320 0.3332793865842727 0.967717035473193 0.3824711131008241
208544 0.2499893250917728 0.7055866895864145 0.32923409413662924
208613 0.2422874286735294 0.6409917974435664 0.30781444641509387
208687 0.2499936062191262 0.7169121330757131 0.3288865613882378
209255 0.1998435442013643 0.5555057547482419 0.2186490718504537
209274 0.2222049365124 0.4913140049134919 0.22328075531551592
209511 0.1833031502412864 0.5098513025610067 0.26881446482829546
209557 0.1996996657295252 0.7567804569678505 0.38810530020852085
209797 0.192291019544138 0.5453549124569279 0.25368460597749515
210009 0.1904106287370988 0.7495139032212395 0.3460205338639511
210037 0.2121048214372381 0.5725410415043014 0.2696780283807454
210125 0.1999802750607236 0.6490769399226287 0.22407365759454625
210268 0.2499559731544912 0.7202171331800739 0.3128384186461661
210298 0.2475585396448446 0.796807264376755 0.3597265403548717
210387 0.244403504436184 0.7502436583574001 0.3167443691463758
210481 0.2222023862891459 0.6625254131043253 0.30778183660770586
210605 0.1249383940180643 0.3923828940771415 0.1718899085788589
210664 0.1333162170192013 0.6287716860779108 0.358610263801727
210670 0.1758241758241758 0.4167643797497575 0.19083792798698818
210676 0.2131799148116788 0.6134466335014076 0.2576930905910327
210950 0.2499077717916156 0.7048779380210036 0.3428275746371008
210969 0.2908207582721337 0.6567081201706741 0.35820499453393867
211233 0.3809247881670541 0.9428431671442296 0.4254681813806343
211431 0.2221889520036883 0.6560940166261128 0.25061150058999637
211533 0.2271641839768476 0.5411023253623519 0.2898101007912704
211592 0.2498388183209115 0.6486062873197747 0.2690413766527042
211643 0.3212759892740384 0.750473207993761 0.3313999053203176
212014 0.199934841664554 0.5068195831891698 0.2551819772854839
212189 0.285639781846651 0.833884038170751 0.38423764638587404
212289 0.0977962389179308 0.3811899159243444 0.22284248794710637
212568 0.257466998605723 0.6803410761752242 0.3010690430409634
212931 0.2306842584474954 0.4964898800560556 0.23604632406540857
212955 0.2424088068805996 0.5728170629819482 0.24592275041927172
212960 0.218141754422243 0.6395711501140569 0.24313769015130005
213116 0.1817528617744858 0.5209668226463249 0.28367546213727207
213169 0.3333145792290844 0.8527445034426766 0.39067416108953007
213251 0.3213853801913896 0.8558074535725742 0.380697968016432
213320 0.1499027871532249 0.5457981238436578 0.32078175108369067
213439 0.2776792536901728 0.6275895043486736 0.32551895177790197
213480 0.2435642825886906 0.6525758206230489 0.3573089613541877
213488 0.1794476481796471 0.500307583433848 0.24775747622797725
213490 0.1713658500241692 0.4540906576672011 0.21754481853859803
213760 0.2857083222098588 0.7636551620754503 0.31588346312110355
213882 0.1916114342791834 0.6520741429926553 0.34440100469169127
214006 0.1164021164021164 0.3279584519329402 0.21621934113723656
214073 0.242349464325162 0.8472714779728221 0.47269113622047254
214980 0.3808961917459781 0.9757860769475482 0.43579019567269117
215064 0.1999443316192959 0.638281648781241 0.30799524802530037
215287 0.3328143153307489 0.8677677374132866 0.33828326487489857
215305 0.3923290967016262 0.8757382702098403 0.43411203403942544
215739 0.166637251928264 0.4848900607469116 0.20687572286647066
215778 0.321401549095499 0.7414222366293282 0.32657240690850897
215822 0.1968442817948604 0.556649454628433 0.23828280572723973
215905 0.1714285714285714 0.4824031545373682 0.2802805851790989
216232 0.2855798040205592 0.785916177447693 0.34249002467141015
216397 0.2499878597295438 0.7494390967505596 0.34980744188317947
216554 0.1817504693763357 0.5315669942258613 0.2568651799783779
216840 0.1168343219093553 0.4397517574306663 0.19676783677772397
216917 0.1537461744591792 0.534713396105607 0.26084471720124436
216977 0.1921874105679455 0.4721134914243642 0.23420122627345308
217062 0.2499841143890447 0.6493126468946208 0.3045768232395168
217112 0.1968863399636517 0.5540121200120247 0.26540776172210784
217314 0.1217339526671403 0.3888454374362874 0.23659279712746342
217318 0.2221740478385565 0.7371984248256201 0.29320655518656147
217474 0.2306788248854165 0.5918997000410495 0.34069282822371566
217702 0.2857028140952135 0.7203432917277647 0.33695735215844985
217777 0.1801136273843705 0.4891551754177518 0.18362618402640177
217891 0.1666251246847153 0.5686069143244044 0.3048371930905871
217953 0.2499621419326345 0.6266494427703618 0.31110818822283487
217958 0.1714044505188925 0.4837557356720074 0.21241774146340495
218004 0.2179090433260915 0.7822795584502209 0.34803668767759727
218289 0.1999827546668348 0.520173021455531 0.2013161141436003
218411 0.1470421215824313 0.5272162822055497 0.25760175683114295
218525 0.2888541158704973 0.8930752416206003 0.48022573734056767
218619 0.2570623414571639 0.6524485176425312 0.32790305592915486
218634 0.179362396372379 0.5017743376081915 0.19970947568828784
218685 0.2888523762598203 0.7993141941818075 0.4000670743790473
218783 0.3333042372391038 0.7772871978444666 0.354164303822571
218979 0.2856955804273818 0.7011202326414119 0.31476361535970876
219135 0.2777468299625395 0.9157516558026909 0.43310728247860886
219187 0.2666295647335731 0.7605701515483636 0.36859892889782436
219400 0.196704382446766 0.4969895288883405 0.21561938394709887
219567 0.230714299570311 0.6414149109294223 0.3359699353346366
219649 0.2856118761900964 0.8391647506198823 0.37655477536411464
219736 0.212086891797266 0.6073667041498254 0.3233457153501188
219958 0.166606398061045 0.5551894493451855 0.30322888096770423
220011 0.2222093525566265 0.7001545349954696 0.31230533565353186
220059 0.1137981555872949 0.4252909325565447 0.27472073781659945
220141 0.2499943633295098 0.6473286567241915 0.2628205490849551
220236 0.2221366122636528 0.601969164291773 0.2775727200707765
220566 0.1158597943785838 0.4914686586576201 0.2849052066192845
220574 0.1867973752356961 0.5084704677669395 0.2435113614355245
220845 0.222212861535472 0.6557275287615641 0.32138292996178064
220869 0.1333278294733946 0.5475866435135817 0.26859792179264613
221048 0.153729470699659 0.6065755717014311 0.30094435516569895
221141 0.2776680935843427 0.6536072527782851 0.28154297530557476
221501 0.3571381733812693 0.7741044894627631 0.3677201445762457
221513 0.1998766125821352 0.5145821806750948 0.21088804864931443
221604 0.2221960052376611 0.5385879809101234 0.2481602659472855
221649 0.3055405347473635 0.6616322604286224 0.3261777698063665
221894 0.1818065235473193 0.4727524569339761 0.22802900077692456
222156 0.1999729725734424 0.5083877450019832 0.20889960781870667
222209 0.2222166808894748 0.4771120019359459 0.22322244615293718
222641 0.2216241683130124 0.5990724599834785 0.22948258357882195
222702 0.1995232936499369 0.5891950689891137 0.27767220317198565
223110 0.3333226789330644 0.8978021717061081 0.4342481053259953
223138 0.1712757650082739 0.5531407955335492 0.22022377313865701
223194 0.1176025008932737 0.4385126049281762 0.22420793442403059
223335 0.3928152687298314 0.9339040376819387 0.43785944193131615
223572 0.2179260362339573 0.5949919011725471 0.23964398803180942
223617 0.2032796292172647 0.4999408304703041 0.29712077713034946
223645 0.1999627358468109 0.7100150379180717 0.32269586889608093
223651 0.3809211286626056 0.898898953604936 0.38733753421606243
223788 0.1518632287618908 0.4262433218783921 0.24653316332739558
223962 0.1254608064850202 0.4049482976304738 0.20885271623630927
223979 0.1296724490381579 0.4316053373196944 0.21088827210617006
224033 0.2499461314920278 0.6744957821115916 0.3159052067883556
224055 0.3554779779995715 0.8171254097561125 0.4203763949166328
224129 0.2362503764001172 0.7136589117341938 0.3307602510292933
224263 0.208773074793193 0.559900182189147 0.2854468187292238
224361 0.2775397580693636 0.6584867393844612 0.2906496605511023
224412 0.0486166440477686 0.2701952357257534 0.16213753648955498
224567 0.2361084337505075 0.5080421174530901 0.24837450623097662
224702 0.3214285714285714 0.6185955769841948 0.3331904326327643
224784 0.222175333741655 0.6243769123759719 0.2639924578766259
224858 0.1808764825126523 0.6022613040987372 0.3058775866543982
225041 0.249865966443951 0.7751489747301529 0.37429137792925915
225298 0.2499673723044884 0.6638837765123524 0.289518084174817
225403 0.2222027463546562 0.6763268839012931 0.32761091290189476
225614 0.1523636649653825 0.4809740135899697 0.23225447250955802
225839 0.2665024817779562 0.6733714790587109 0.29495017415650787
225982 0.166629147943226 0.7676856220287926 0.42570405227283586
226024 0.2856965889530432 0.742779518216466 0.3603340495003335
226054 0.1999787102253946 0.6994950397173402 0.34925785595650627
226126 0.1999698747238036 0.7393568201769312 0.3005334193859561
226226 0.2444227380964343 0.6940897223831082 0.3321189248119022
226392 0.333222730905405 0.7921373696471544 0.3933231480795206
226397 0.2776038077198182 0.6511379262033472 0.285720416039328
226431 0.1416474356423608 0.4936526675826447 0.24580993956874844
226644 0.2854223591886511 0.690222087557205 0.3107283442749404
226652 0.2499544485593635 0.7532185992750201 0.35003086512764553
226747 0.285674192599835 0.7656211910134991 0.33583595943732386
226750 0.2220526584901925 0.7279907935021294 0.3287722309190332
227080 0.2856237203771962 0.679624243240539 0.3178399905177288
227746 0.1666312629574536 0.5057851897196038 0.20993291118221724
227808 0.2197166311676031 0.636829510596989 0.3031119303035768
227921 0.2499858752530577 0.7102769433663048 0.31043833617066496
228173 0.199979341294282 0.6088418226238335 0.26894590605338
228696 0.2499895393094058 0.604250192287209 0.2638680513111547
228915 0.2856715481283551 0.795790592888809 0.3144246348055308
228979 0.1758241758241758 0.4211597383174429 0.19178791029797157
229329 0.2664960426188615 0.7005598457323186 0.3165065015555019
229334 0.2499937205363136 0.618386995219351 0.2685697238713519
229399 0.2050853983694497 0.6658910271797794 0.3925704587378607
229451 0.1997570120721375 0.4729298706800304 0.21409843600860323
229649 0.1817567729875056 0.6543769318838516 0.3384970721415771
229679 0.1577981176145491 0.7614288348916043 0.3641483657932154
230191 0.3090016386541488 0.7219039842578309 0.358459004048775
230321 0.1110815800381457 0.5627691992741412 0.35604336950412036
230452 0.266575564654471 0.6533380725355575 0.3235365944674363
230553 0.3213740691063934 0.8058568410120209 0.36778046423759775
230558 0.1818181818181818 0.4517545925687113 0.19025989678724586
230582 0.249977588559889 0.7688446014705004 0.32537600296027575
230602 0.1666594490964676 0.5341394385738336 0.2433286098053038
230617 0.3214285714285714 0.7982196072845879 0.38074933001374106
230769 0.249898280610819 0.6681823660383059 0.2923056854967207
230837 0.285683911710996 0.9111360021519552 0.39581651851846633
230874 0.1794361003893054 0.5177263360794602 0.23918657763116644
230953 0.1998624757296668 0.6258397861472423 0.3259697593240188
231267 0.1538246807450797 0.4955992263125493 0.2572451207825659
231598 0.2272727272727273 0.5583769567415203 0.298121848775791
231681 0.1710979278720134 0.6215659328084884 0.2759743757983943
231888 0.1666666666666667 0.393753429033301 0.16730160841721112
232276 0.2221058845417622 0.6145953977791229 0.2824766253158686
232301 0.1808804882553147 0.6121260416431995 0.32494493418106346
232315 0.2091161147867528 0.6155586508789348 0.32973957335724946
232430 0.230672249676075 0.6276636075387748 0.2883957113321586
232570 0.3213987103512454 0.7857049436300967 0.34228081956179524
232629 0.222144433089202 0.6310213250595376 0.2663603918304436
232744 0.3076376226225568 0.7173505911274521 0.39278366740675374
232872 0.2856838270208947 0.7775904501505891 0.372854704577754
233107 0.2666410591101826 0.6561012306941647 0.28096530072131404
233108 0.249934504179278 0.6870879806246154 0.27538166772208694
233183 0.2180915291454752 0.6221527851036481 0.2742413069819432
233231 0.3569049916519675 0.9099845063517248 0.3656652023792665
233562 0.2220737631711848 0.6661529268561288 0.3123747800895467
233580 0.2856793721506263 0.742223454146323 0.35262355012122115
233606 0.2856645317491156 0.888318571420726 0.41638409707822366
233940 0.2499511918389951 0.6116562873795252 0.2751032167138724
234018 0.3055555555555556 0.7200954003350059 0.35014322867649955
234182 0.1757450578714088 0.688596949289285 0.2912275870642915
234236 0.1665791755509975 0.4795880750029783 0.19169034682547592
234469 0.2435082107871646 0.6552271784024349 0.26954887527278165
234510 0.1647893106578007 0.4481584767405987 0.196167425013079
234538 0.21815026179252 0.6533433503957288 0.34995750495788813
234658 0.2856795938596456 0.6655258706165893 0.3153591318699817
234815 0.111047623762929 0.481643085692261 0.23758866024962788
234935 0.1249500039717971 0.4260770949464254 0.1804256204492924
235064 0.19996657776163 0.6391012567292857 0.28952718632356533
235273 0.1647116851265294 0.5091165963690973 0.24107279092921852
235400 0.1817013780368805 0.590792848354258 0.2799979302492933
235432 0.1999857488055714 0.5588067525965377 0.24759365518493262
235510 0.3332847024433091 0.6888306778658516 0.3629368143755742
235735 0.1713807774399941 0.5423746960186162 0.2513815450588861
235912 0.1922196355451545 0.4376641895175581 0.2330512250409003
235993 0.2220600452827708 0.5191955992755464 0.22208058608173356
236068 0.222164112504437 0.676163109808937 0.3025911842614926
236106 0.1333124575402998 0.5110710839798585 0.26086511877426716
236127 0.1713783571015089 0.4708999106538872 0.2466711293683009
236182 0.2777777777777778 0.6186199254506217 0.3087106284811672
236243 0.1817967720162449 0.6845083437193429 0.348092953564713
236252 0.2499867573763363 0.6701093137181366 0.3096836262206844
236393 0.3054181582564931 0.8479751302741594 0.4234852576036196
236523 0.321409203842996 0.82152376515725 0.40522184742326617
236593 0.1999721546169109 0.708346718309582 0.30529943260045933
236995 0.2499165547992058 0.6649982015501644 0.328934613073542
237106 0.25 0.5916163911957769 0.29883783699067135
237111 0.2499893508284566 0.7131615866380202 0.3541697235613947
237278 0.1814629284168025 0.7169918912896881 0.3667246534596914
237335 0.1262739911762576 0.4754513686349815 0.21457233496210174
237407 0.24998405924288 0.5727187581424907 0.25493334224795516
237450 0.1968519855651515 0.7127193743945707 0.32949154577317297
237528 0.2499817228170712 0.6192788478168118 0.26169883059589105
237570 0.2497240750260252 0.7555666449441392 0.35133381548130826
