0.32367706298828125 11 14
1.2372970581054688 0 2
1.6750335693359375 8 13
2.3044586181640625 6 7
2.5348663330078125 5 8
2.5493621826171875 7 13
2.6679487360524945 7 13
2.845001220703125 3 6
3.87725830078125 6 14
4.834747314453125 2 7
5.2982330322265625 6 11
5.887760134646669 6 14
6.179034922388382 2 7
6.524085998535156 9 10
7.3574066162109375 3 5
7.534027099609375 2 4
7.5692549493396655 3 6
7.792447780825674 3 6
7.824897766113281 1 7
8.30823175565456 11 14
8.743476867675781 11 12
9.280014038085938 6 8
9.286344075371744 8 13
9.659576416015625 0 6
9.980010986328125 10 11
10.026741027832031 1 5
10.035133361816406 4 6
10.035538673400879 4 7
10.052954512229917 1 5
10.107910822034682 4 6
10.190033912658691 0 4
10.196113586425781 1 8
10.222382559489734 3 6
10.236930847167969 9 11
10.270594908661224 9 11
10.272216796875 0 5
10.282463583280332 9 10
10.299727055833895 11 14
10.3271484375 0 8
10.355663299560547 2 6
10.44163703918457 3 4
10.44975733507209 9 10
10.460948944091797 0 7
10.501480102539062 5 7
10.547733306884766 3 8
10.561513900756836 6 13
10.567617416381836 2 8
10.568813383770248 1 8
10.577731610828778 1 7
10.577821731567383 6 7
10.583084513200447 0 8
10.586935525146252 9 11
10.593461990356445 7 8
10.610844129041652 2 4
10.611200332641602 7 12
10.621976852416992 6 10
10.654440719578226 1 7
10.662473009779205 3 8
10.690641403198242 7 10
10.69951057434082 12 14
10.748110615077167 0 2
10.818807996309943 0 4
10.875797271728516 1 6
10.894028490552365 11 14
10.928058624267578 1 4
11.00611686706543 9 12
11.037063598632812 10 13
11.06557846069336 12 13
11.11307144165039 8 11
11.116923592586542 0 2
11.165578896179795 0 5
11.248664778713646 2 6
11.281098875986117 7 12
11.295938491821289 10 12
11.309432983398438 8 12
11.310052871704102 9 14
11.317226095596755 0 5
11.339902877807617 7 8
11.365413665771484 2 3
11.403824139658356 7 12
11.40677075509302 5 7
11.419510354183775 2 6
11.430173668304633 8 12
11.455440521240234 5 6
11.504354923818028 5 8
11.530607252091496 3 8
11.551713943481445 3 7
11.563821086247117 12 13
11.670516035108529 9 11
11.70206069946289 13 14
11.702537536621094 6 8
11.707401275634766 9 13
11.768142264941162 6 13
11.776973103406483 8 12
11.790166927120989 2 4
11.82979258346677 6 10
11.843395233154297 10 14
11.865597696305485 3 5
11.88144706634482 4 6
11.897652352528887 5 7
11.918354034423828 1 3
11.949161390816744 8 13
11.961762622854621 12 14
11.96346776508492 6 10
12.002430225288663 4 7
12.012461481663195 6 8
12.013277017408054 4 7
12.050914764404297 11 13
12.101882241014088 3 6
12.10317611694336 1 2
12.114705119812719 1 8
12.145289491403611 4 7
12.190801991596345 2 8
12.26213748005522 9 11
12.271923657227507 5 7
12.282284753382555 10 13
12.291350924624567 1 4
12.293839726987699 10 12
12.30994580382685 6 11
12.347221374511719 4 5
12.366324784972281 0 2
12.377021605857408 1 3
12.410354614257812 7 11
12.414597633642188 1 6
12.419088275782997 10 11
12.421530809250635 12 13
12.454275930713266 0 7
12.474674447937364 7 12
12.476921081542969 0 1
12.489512098599953 3 5
12.490975384054478 0 2
12.518171282945168 2 4
12.555347169109154 11 12
12.596422133537999 7 11
12.631953391768663 4 7
12.632318804337455 0 8
12.638979063603983 4 5
12.640617501119365 0 4
12.652072017367807 5 7
12.673421758377717 0 4
12.723565539674452 7 13
12.864051116696405 0 5
12.878495717359328 6 7
12.891006469726562 6 9
12.909057083830398 4 7
12.956747275574267 0 8
13.008240577323704 11 13
13.033103942871094 4 8
13.085129844787415 7 11
13.130569458007812 7 14
13.147140324963402 7 8
13.211483763757286 2 8
13.25644734124355 6 13
13.264800462884537 2 7
13.330693725024439 1 7
13.358251609311651 7 8
13.432637414920649 0 5
13.445696960097315 9 11
13.447380065917969 6 12
13.460662663047668 3 6
13.489109686565826 7 8
13.510869360914851 8 13
13.516151889993665 3 8
13.610145739858126 4 8
13.655154680327541 9 14
13.677423930948862 8 11
13.693809509277344 0 3
13.706878029379942 0 7
13.719335016139667 13 14
13.749119944055305 0 5
13.783728840104365 0 5
13.791871514831655 1 2
13.880444537536565 2 4
13.894628392881714 0 6
13.935846801908845 11 12
14.013121133393724 3 4
14.081097819874977 8 11
14.09149169921875 7 9
14.094041461210054 4 6
14.16033787713502 3 4
14.163704719208411 1 8
14.195193829007074 6 7
14.19754201424439 2 3
14.210019539950736 0 1
14.212480784288633 1 2
14.28455364353417 0 1
14.351972552422549 1 2
14.383913897206092 6 7
14.425603168114543 7 13
14.482428747194717 9 10
14.495511215136503 6 12
14.534701750060243 0 8
14.55003271555908 8 11
14.551284664018272 1 4
14.560382945553949 1 7
14.580042284705996 9 12
14.621079985242547 6 10
14.735206889440203 12 14
14.744364538355644 4 5
14.763228306887918 9 14
14.861925707439628 6 14
14.865190154570683 8 13
14.871861664687458 10 14
14.87957948087421 9 11
14.93987027915864 0 3
14.953553657687735 6 7
14.988075955862566 3 4
15.028733565163195 10 13
15.091968808267334 0 6
15.158776412149571 1 3
15.163319948779954 5 7
15.29770231785197 12 14
15.316434283242863 3 5
15.322811483497478 12 13
15.32822349456718 0 7
15.33174313340622 4 6
15.35059702262862 0 5
15.386627452679402 10 12
15.405932827486893 9 14
15.43731689453125 2 5
15.470368657492264 6 8
15.50812794804629 0 2
15.537451537893897 3 4
15.588570308358362 2 3
15.641087032970649 4 8
15.708524262299761 3 7
15.79406410691028 2 6
15.821270749452292 0 1
15.821323607849997 11 12
15.827658578200499 6 9
15.842018333503415 0 4
15.850335095452534 8 12
15.85551796064124 7 8
15.87396857306009 0 8
15.897142677696518 0 7
16.020869265529054 8 12
16.06164256755067 3 7
16.071270202960488 7 11
16.075043820326115 1 7
16.099268838659146 2 4
16.10030664782704 3 7
16.213221093773473 11 13
16.245102595887225 1 7
16.272108107331473 7 8
16.272409938912425 0 7
16.274840292442 11 14
16.28497763991476 9 12
16.298331930262496 6 13
16.337961398480786 2 8
16.381072998046875 8 10
16.42508388475658 10 14
16.42957402218599 7 9
16.43724814351352 11 14
16.446935053318157 2 5
16.495041895589846 7 8
16.501905816492624 3 6
16.51499250465877 12 14
16.519925273815982 8 11
16.584725248364716 3 7
16.585192408186476 13 14
16.58590942824958 7 10
16.60458285897876 2 6
16.654643367018743 1 6
16.659026895243727 7 13
16.74427039217436 4 8
16.754949537636637 4 8
16.77680955100574 2 6
16.791162600343874 0 1
16.79206044535372 2 3
16.833768949760575 4 5
16.904307821554248 5 7
16.906653826845286 8 10
16.91924336025179 2 7
16.93151834157827 10 14
16.96974525718349 1 2
16.980114643810783 6 14
17.013213263220536 3 5
17.040261103282866 0 3
17.04081577873604 7 8
17.041748792265157 1 4
17.054821162471043 4 6
17.065453703306865 0 2
17.12306014573192 0 5
17.13077951740072 4 6
17.19960457794879 6 14
17.204962617798465 1 8
17.24836875423427 0 8
17.276637574104825 7 14
17.32620393820409 8 11
17.385406114963992 3 7
17.42389395813659 13 14
17.455389628938242 8 11
17.46316097954051 4 6
17.467820142806353 8 10
17.482952280025874 9 10
17.5066912484659 0 2
17.58775289148094 7 12
17.628921682833898 1 4
17.66815185546875 8 14
17.681452537628328 4 6
17.6976400182198 2 3
17.706550750844215 7 9
17.800165390598202 3 5
17.804349310154194 5 8
17.81002491666954 4 8
17.81220599762812 7 9
17.840760480870895 5 8
17.896415819704497 0 7
17.963166480154214 0 6
17.98905047427369 4 8
18.01538189348873 11 14
18.02993854879373 7 10
18.05150932113893 6 13
18.05786332718981 1 7
18.061708179432074 6 13
18.10947759097782 1 2
18.117329824895414 5 7
18.123446900265915 0 7
18.23758344593081 10 14
18.240063921932837 0 3
18.28263333851286 10 14
18.297226794008388 4 6
18.308662532453482 6 14
18.34389635187108 9 13
18.3474670694904 4 5
18.4260438675232 12 13
18.48061386095781 11 13
18.49468669318415 9 10
18.56817933571565 0 1
18.590714946829294 8 13
18.647974406108787 0 1
18.648137610627927 8 10
18.66671606323895 2 6
18.672655210892096 6 12
18.678367678533874 0 1
18.684031424024106 10 11
18.737714268986004 12 14
18.741523810946212 8 12
18.789409855707934 8 13
18.803006127400064 12 14
18.820380324828527 13 14
18.831366172132217 0 2
18.869774876605316 12 14
18.987841657893526 9 10
19.0709319488977 8 12
19.080981902879174 1 6
19.136800097389106 0 8
19.13893518135206 9 14
19.183923438672334 3 6
19.198353619150232 12 14
19.31089623878593 6 14
19.348477708710682 2 6
19.35345016840047 9 14
19.371043461441097 0 8
19.388986293084308 0 7
19.389496905205306 8 14
19.430190352343697 9 13
19.437581979199486 1 8
19.488525390625 8 9
19.527519792044238 11 13
19.53160268118728 10 11
19.532306282655306 4 7
19.552193160867155 11 13
19.588779284365344 7 14
19.63463260557011 7 8
19.662244008694422 1 4
19.666428655648865 9 10
19.667344809433843 7 10
19.700969015383862 3 8
19.746177537347336 7 14
19.75822518515881 4 6
19.781434872326372 7 9
19.783874744426278 5 7
19.821564162498323 7 12
19.83904763923144 1 7
19.844830644683835 0 6
19.845145684863095 1 4
19.852960991618637 0 3
19.86059285002859 6 8
19.896574095534906 7 11
19.987953078291397 6 12
20.07945345770345 1 3
20.097785258448155 1 4
20.144604394811505 1 2
20.147495760100107 2 4
20.149201674041173 1 4
20.16393119362813 6 8
20.168780715431055 11 13
20.188924313406673 4 6
20.197223972296293 6 13
20.24254518170789 2 8
20.284046962656667 5 8
20.311986857355222 11 13
20.385687676418648 10 11
20.38648518048265 6 7
20.393274192029786 1 8
20.40530921421488 0 1
20.408838697659746 6 9
20.41261050105367 8 11
20.44104754777404 8 14
20.527012169072435 2 6
20.532200382363552 9 14
20.53418552867081 6 12
20.554595263408906 9 14
20.566846393649442 1 7
20.578942333643127 12 13
20.586163500058156 1 7
20.602743329373716 11 12
20.622470636103348 6 9
20.629903643667618 6 11
20.648706331834035 0 1
20.762870347867562 11 12
20.765488898587964 4 8
20.80744886366608 0 2
20.83765244047892 4 8
20.88236695782085 6 13
20.892139447466278 7 13
20.903951942208863 7 12
20.943370267370753 6 13
20.944882065320208 6 11
20.963313011452556 6 8
20.972127273327608 6 10
20.992674207144276 2 6
20.99923979082069 1 8
21.03500566555153 7 14
21.09676874699372 5 7
21.10344017270104 3 4
21.12851351827448 4 5
21.135926275559022 2 5
21.168931096535825 6 13
21.19127780292783 7 8
21.202908826046905 13 14
21.278075649980515 9 14
21.282989174598526 7 8
21.284321702747462 7 11
21.33244944335516 11 14
21.37512156811149 0 6
21.38024636164546 9 11
21.401205638892982 10 12
21.419032172582437 6 7
21.428562345446835 6 13
21.437239920487627 5 6
21.441749865277266 6 14
21.463168535030867 7 13
21.48299288537062 1 5
21.486844755711946 10 12
21.487503839850085 0 2
21.489340412024468 8 13
21.50557241979213 0 6
21.511537163797698 7 11
21.540758950966648 1 4
21.573351272968612 9 11
21.627360926294457 7 9
21.649914316645265 7 9
21.678770408202098 12 13
21.68483903980642 8 14
21.705412074697144 5 7
21.72357397877939 9 11
21.768114719076983 6 13
21.795573126370847 5 7
21.800557682819587 0 2
21.806688452078646 6 9
21.818573122190873 1 8
21.836073733036848 2 6
21.83873293019529 7 9
21.86372639349219 11 14
21.924976923257177 8 14
21.935270382394332 13 14
21.956647939160927 10 14
21.983362803271287 4 5
22.012100879533655 1 7
22.016993121930845 4 7
22.058455230355925 12 14
22.063893367969484 7 8
22.06851942871591 2 5
22.096102915074177 1 2
22.106258400465002 7 9
22.14858903282483 12 13
22.154788485803785 9 10
22.16079282917319 5 6
22.184586323137218 0 8
22.20261948956815 0 8
22.26163474490651 5 8
22.297306979412415 6 8
22.300826862664113 1 4
22.341737941123235 0 4
22.358529254505733 1 3
22.41477730306937 6 13
22.4291392162894 6 12
22.44806900657062 10 11
22.4988538082275 9 11
22.506414251660566 11 12
22.548772749235386 1 8
22.563714871679032 7 8
22.56400098541384 1 7
22.58904507740472 7 8
22.594298658356166 3 5
22.662845520755106 1 6
22.66826691103498 6 8
22.68567239867688 7 11
22.704785270823564 7 14
22.705680289034756 13 14
22.771846638940765 1 3
22.775569846702304 1 8
22.79863622643451 9 11
22.836828138267407 2 3
22.853983574774574 2 5
22.8620209847455 1 4
22.88276578135163 2 3
22.90377489701664 5 6
22.952717065891093 10 14
22.97947340865202 1 6
22.99506761390463 9 11
23.032210099842324 10 12
23.039500136815263 1 2
23.0420604289975 8 9
23.077516623245067 8 10
23.108440853543584 7 9
23.127688017239468 10 12
23.171606780416504 1 6
23.178857749734412 1 3
23.21905804171507 0 7
23.25883509237329 3 8
23.276858386474878 11 14
23.34437432260657 6 10
23.34471516814297 2 4
23.379854300119575 6 7
23.390010081846583 0 8
23.40636996130568 9 13
23.409754733666038 4 6
23.57081452769289 6 11
23.575421165698085 2 6
23.57758744395251 0 5
23.64320461306371 3 5
23.780947758883855 6 13
23.78713883708508 10 11
23.836094142099874 0 2
23.85322520835757 2 3
23.871979917537445 0 4
23.907472275298097 12 14
23.909105043808733 12 14
23.961944028800346 1 6
23.96700888851789 11 12
23.971136310013087 6 13
24.006504734170647 2 8
24.012473402862703 1 3
24.01517043593045 1 6
24.01896217154317 2 5
24.04080377729558 8 11
24.074412797546486 4 7
24.17629283585582 6 14
24.240867313433395 0 4
24.246764670548977 6 7
24.24676633026895 5 8
24.395905571726793 4 7
24.420173113790167 6 8
24.454566998061104 9 11
24.47081344462825 5 7
24.49526991720711 2 3
24.57659345421132 0 8
24.580939208839112 1 6
24.605980053835125 7 8
24.70073658947784 4 8
24.718971183306515 6 13
24.740544410932735 1 7
24.787637178475414 7 12
24.78982823820958 3 4
24.79305519538505 8 12
24.82876122387026 6 10
24.889079103359435 3 4
24.910278978758143 4 7
24.933627158027427 12 14
24.934346130784625 6 7
24.984295089193125 0 1
25.004528394322563 11 12
25.07465408142386 6 10
25.160659537180344 7 8
25.217357769237296 11 12
25.221290605363464 0 2
25.24036872585686 10 12
25.30340171737712 0 1
25.311569368921525 5 8
25.352026214170497 4 8
25.369447482163448 6 8
25.397970697876424 11 13
25.405780919022227 7 9
25.431267044267525 11 13
25.451752562966448 6 14
25.45582797157241 3 5
25.52630864496579 5 7
25.539046576858837 9 10
25.54542827691919 6 7
25.619727829535606 7 10
25.66570057308863 10 13
25.68269187199035 10 11
25.747822225456208 6 8
25.760958111826643 3 6
25.765685736789507 6 13
25.771164273457877 5 6
25.80869391732663 6 13
25.81144716225662 6 8
25.813768766260235 3 7
25.827302988085762 2 5
25.837299069491134 9 12
25.933496915125787 6 11
25.960467038312384 9 11
26.014904236645492 7 10
26.03637214716001 5 8
26.091138861497605 9 14
26.091568300029635 1 2
26.137854161076646 7 8
26.14875539698405 10 12
26.185400848462727 7 8
26.251071675980604 10 14
26.266126320145254 8 13
26.315510113868214 3 4
26.331109444992258 3 6
26.38151209028689 12 14
26.437717796761426 6 7
26.45853780258149 6 8
26.46182475785823 7 8
26.57362084179213 9 12
26.603508914276542 0 2
26.682578511779013 1 7
26.686225213012953 0 4
26.70732463452415 10 11
26.727181407537362 3 5
26.756359676050177 7 10
26.76208541108238 9 14
26.88333901597523 1 7
26.929135082259442 7 10
26.98392389422697 6 12
27.07379369477122 11 13
27.09005855977802 7 14
27.10954469259275 7 8
27.12246596760853 6 11
27.125920036676362 0 6
27.147136361139296 10 12
27.159791170821354 2 6
27.164777439664384 9 14
27.166725619187172 8 12
27.197030395041857 1 4
27.216291152161336 6 7
27.258975428950478 7 10
27.265269163740285 7 12
27.272300020511935 0 7
27.278915555791436 0 4
27.29779953120515 7 11
27.316786327468613 8 10
27.369501232251825 8 10
27.41998796972745 8 14
27.42037518694604 3 5
27.509081620334307 6 7
27.521157507466675 2 8
27.581268004162837 5 6
27.584781822283986 8 9
27.63100095862421 4 7
27.672989515743808 8 10
27.691618141643538 9 10
27.696642693199735 3 6
27.751112898771595 6 13
27.75865865295804 0 2
27.777528366460352 9 14
27.787797552135157 7 12
27.837457979518554 7 8
27.845617708529254 0 7
27.856202068007015 3 5
27.86546754163168 7 8
27.866314272437897 2 8
27.86900262715975 2 6
27.978454129642486 9 11
28.020671051602484 7 12
28.065550362478263 2 5
28.08474897627559 0 1
28.094520506031188 3 7
28.12649068748131 12 13
28.1277978040438 7 8
28.164929227612305 7 10
28.19245781199541 0 4
28.202552778068828 0 8
28.217508551207167 7 10
28.26299325096564 0 4
28.27962082419879 6 8
28.30013671435806 5 6
28.30083795365907 13 14
28.39169755012241 3 6
28.43436985769783 6 8
28.45964188271258 1 8
28.47596565610634 3 7
28.49437807777312 11 13
28.548023581210202 4 8
28.552429517599812 1 8
28.570773461839543 0 7
28.581289678716175 7 10
28.59503956675396 7 12
28.610916127528668 6 7
28.618677273393452 7 13
28.657926704171604 6 7
28.701595322689492 10 13
28.732379421801056 6 13
28.83374186775102 3 4
28.86407387951715 2 3
28.88930996213422 10 11
28.89726295989899 7 9
28.9100144317311 13 14
28.94679298848729 8 13
28.950819903556983 6 8
28.958794440508548 0 6
28.95957083069644 11 12
28.98440400595873 0 6
28.986789283880803 8 13
29.017068765333626 1 3
29.08481345882792 6 9
29.10795601573464 2 4
29.128028152472172 11 14
29.13484110942713 8 10
29.165436752105457 3 4
29.208257284519064 11 13
29.236676051339273 0 8
29.25843438265982 6 12
29.288494947518295 3 6
29.301660258523388 2 8
29.332897287743123 10 11
29.34479825684864 9 10
29.496032965112363 1 7
29.53524611336211 6 9
29.562735324157842 6 14
29.57100615340653 4 6
29.603525770466216 4 7
29.651704838967305 8 14
29.676770210504582 6 9
29.719089382521368 5 6
29.74028536449415 0 4
29.808995848875064 8 14
29.811097146030832 4 5
29.867735135433804 8 14
29.871328519815435 4 7
29.87835873887537 0 8
29.880072497968698 3 5
29.883361748103223 0 6
29.885969803649132 0 5
29.900024221288767 2 8
29.91791456472989 4 8
29.929472315310143 9 10
29.933320231727137 0 2
30.62187221934915 3 7
30.77401894451993 9 13
30.960201005081668 12 14
30.981785445452246 6 13
31.128403361449756 4 7
31.143150489607248 4 5
31.23985469808811 0 4
31.345394353065437 9 12
31.38637924869562 9 10
31.435226098675162 2 8
32.01016729746711 0 5
32.46628146855497 11 12
33.047138599868234 7 10
33.16889584462196 1 8
33.54866716439118 9 13
34.28861965932428 12 14
34.40058219077733 8 10
34.520964351546574 0 8
34.68203118301935 12 13
34.978167680284145 12 13
35.03496852104806 12 13
35.23893316788924 4 5
35.42396902244724 4 5
35.43576285982015 3 5
35.51829781064929 9 13
35.6417512815276 9 10
37.03914651670598 1 8
37.59209335134987 10 11
37.85708383557777 8 14
37.97914572771348 6 11
39.069128595165 12 14
39.14616911228856 0 3
39.57941032947072 6 12
39.61449663414719 0 1
39.88327006948931 10 12
60.1021978298848 9 14
60.13887125829437 7 8
60.29291381703446 8 13
62.04619177734158 4 6
62.14289021341861 6 9
62.248333589349045 2 6
62.52151023473622 11 13
62.83092156330518 9 11
62.94517749207131 8 10
63.07720653045665 0 7
63.45781091619268 3 7
63.4871730557936 0 4
64.21157972586418 3 6
65.0662403886717 6 10
65.58919050318198 2 4
66.26037784472341 4 8
66.33424657874885 4 7
66.66120371696454 9 11
67.01027137705793 6 12
67.54657943759835 2 7
67.5606333656709 8 10
67.56527485510009 8 11
67.5884620186591 8 14
67.63537339048838 4 5
67.69136220621978 7 11
67.90827810937627 7 11
68.23282040943681 1 3
69.0400793807879 8 12
69.05338873709752 1 7
69.21383615769227 8 14
69.49334243477901 3 6
69.794259114807 1 2
69.89095773744502 0 4
70.03782671860918 0 3
70.06982560833637 10 11
70.13204492532668 1 6
70.18536843430198 11 13
70.19005076151313 0 6
70.25279006474253 7 13
70.25389127043277 11 12
70.27410334094074 2 4
70.31240371348478 9 11
70.35416935368286 6 11
70.38506155306668 10 11
70.42611170852072 1 3
70.42667026580972 6 13
70.43988466378424 0 6
70.51195587529962 11 12
70.54910912828282 9 14
70.5600056627529 4 6
70.59582079741446 5 6
70.64974710760264 1 6
70.65335391076582 2 4
70.67458971311544 3 4
70.70396535738777 6 13
70.71410939268458 6 7
70.72332295890457 6 11
70.7266996107609 3 6
70.73821269398968 2 5
70.76069812403199 3 8
70.8446548018269 11 13
70.85324479546045 1 5
70.91996756640094 0 5
71.05980630233987 7 14
71.0672953883597 0 8
71.12863218214733 3 4
71.16673667246653 7 11
71.17482442597267 6 12
71.18033527326119 9 10
71.20091537840761 6 7
71.21212974600644 10 11
71.28595998317505 9 14
71.35950234032754 2 3
71.36702061655171 4 5
71.40946307516828 8 14
71.41298334125918 7 12
71.4398878087926 6 7
71.44523328417162 8 13
71.45372472653648 3 4
71.48352442746878 8 9
71.53671908588146 0 5
71.54613952317278 6 7
71.54617378435191 1 7
71.55149586049595 5 8
71.56092212693196 1 3
71.5994999273643 3 8
71.60561583972589 8 13
71.63307840446934 3 5
71.67824307453434 2 4
71.70121333408778 1 6
71.71980932486005 7 8
71.73243723536766 0 8
71.73689590701775 1 5
71.74869280498757 6 9
71.79462662098638 10 11
71.83328974817921 1 8
71.88986849072205 12 13
71.90419125020952 11 12
71.94408191714895 0 4
71.95378096786132 0 3
71.96538625180436 4 6
72.05163670080802 6 11
72.1251142148985 1 4
72.14834631317932 10 14
72.16673087759352 6 8
72.19519662274573 0 1
72.22361947699272 6 8
72.24546937654884 2 7
72.2502145002832 6 13
72.28119049008232 0 3
72.32009622152826 5 7
72.35289509354575 10 12
72.35572763071389 7 12
72.3826433648739 0 1
72.38989747459115 6 7
72.39620182198986 11 14
72.41627592563826 5 7
72.4449178650706 3 4
72.56171888797837 8 10
72.58056216769793 6 14
72.63258041425536 4 6
72.66704069701395 0 1
72.6684717493408 4 7
72.68847776693498 8 13
72.70835221947974 8 9
72.72137162858628 5 7
72.74070030684362 2 7
72.75414665793157 7 8
72.77463602790996 4 7
72.7886068204378 1 6
72.79402245940729 3 5
72.81660993874013 8 14
72.92045679648035 10 12
72.94529507249038 7 14
73.01369724605715 1 5
73.02930716750137 4 8
73.06583421429065 6 11
73.08774358714112 10 14
73.16290320357153 6 11
73.18679699907497 0 8
73.19735948937108 2 6
73.26613261182084 0 1
73.30473368749293 1 3
73.31573002141813 3 8
73.32797069209957 0 5
73.35460098580654 3 6
73.37080305043747 10 13
73.40102994760097 4 5
73.40293290416687 1 4
73.40827532194041 3 7
73.46762504465923 6 8
73.47410968577736 1 3
73.4946664889037 11 14
73.50662473559962 0 2
73.52838791151467 3 5
73.5804450539672 2 8
73.59890824869055 0 3
73.60110092854603 1 3
73.60402856172902 6 8
73.74531168635437 10 13
73.76301243341658 2 7
73.81333177287004 1 8
73.83864862388589 1 3
73.85325604038158 13 14
73.88041884462683 0 1
73.90455370039093 5 6
73.91648661282281 3 7
73.93005266642318 8 13
73.95289196719264 1 3
73.97779835083577 11 12
74.02442711169881 1 2
74.03613888122636 4 6
74.11898284622721 7 11
74.17447840371807 7 10
74.17568675944939 11 12
74.20304834912031 2 5
74.22256685526847 6 12
74.26343256381105 1 7
74.28249996424314 3 7
74.31185964064161 10 12
74.31460356702476 6 10
74.44957437584226 7 11
74.492555413699 9 13
74.51086140398044 10 11
74.51558936068827 6 11
74.51644413737054 7 14
74.52825889397442 7 8
74.57897197839212 7 13
74.5804005370921 9 14
74.59668367538283 5 7
74.59848684892859 1 7
74.63604325859146 10 12
74.66523456973806 7 12
74.74293915655326 1 7
74.87795283960864 0 3
74.88939558545991 0 6
74.89666796788023 3 8
74.924154453395 4 7
74.93287949540381 9 14
74.96095145022409 0 4
74.98345645287337 3 7
75.0238251908607 6 8
75.0552315552791 6 11
75.07265713328749 6 11
75.07455015931274 7 9
75.1224001812051 4 8
75.16227531863474 5 7
75.1704357966081 9 10
75.17928265651128 5 7
75.18114811659018 3 4
75.1965979491123 8 14
75.2190606152007 0 4
75.2443004040123 0 5
75.25033064448422 0 8
75.28151719001818 5 7
75.30717983146107 8 10
75.31264354194383 6 7
75.31448549928109 6 10
75.31763515265436 12 13
75.34610381626429 9 11
75.36219388972872 7 10
75.37852802621111 6 14
75.38658675056689 8 10
75.4305852520595 4 7
75.45227684105816 3 8
75.46709547520126 9 11
75.48398704480252 10 12
75.57245611656072 6 7
75.57830900459234 2 8
75.69970612429555 6 11
75.71667602217144 6 10
75.72829480043885 0 6
75.75513778143792 7 8
75.80225320273684 5 7
75.83303132884865 5 8
75.85044450178941 6 8
75.85124480952138 6 14
75.86033140084945 0 1
75.86788083441621 8 10
75.9148168343183 8 9
75.91549893531246 1 5
75.92088869455227 12 14
75.92991017026002 7 13
75.94734895277556 9 14
75.97226808479674 1 2
75.98575675196673 2 6
75.99829993443197 7 12
76.00853113589996 7 13
76.0532413417082 7 8
76.06860872302177 8 12
76.07745093747133 4 7
76.08586041364848 5 6
76.09358192288096 9 13
76.11420130802784 1 2
76.12739539338692 6 9
76.17988651139405 1 4
76.19165326363557 2 7
76.26772020305621 9 13
76.27116239277291 2 3
76.29997330693878 6 8
76.34218403913908 10 12
76.4339387013386 7 12
76.47769309268716 0 8
76.4786063766997 12 14
76.49575375452449 8 10
76.54709417521572 1 5
76.55289964435948 3 8
76.56998336997566 3 8
76.58855837624597 8 11
76.59551897883863 6 11
76.60753869273904 2 5
76.60754984713381 2 5
76.61716547457905 7 8
76.62332378041935 4 6
76.64543136332244 3 6
76.673450741137 1 4
76.69600756561877 0 1
76.70347110524968 1 8
76.73948858572345 6 7
76.79120612767178 7 14
76.79596687195433 9 12
76.80386083673432 1 5
76.83919176780032 6 8
76.86539177699014 7 9
76.86571840622832 6 14
76.87554766225207 7 13
76.8787073179316 6 13
76.93315968442178 8 14
76.96231822971119 0 5
76.96398782955762 1 6
76.97488137702547 8 13
76.97623699467898 3 7
76.98418555774948 2 7
77.00383064639658 9 10
77.00522797463685 8 13
77.01264699794388 4 5
77.05899916623974 8 13
77.07274955181882 7 12
77.08987441900389 0 3
77.16693976152175 6 11
77.19145701817642 9 11
77.19289098932862 1 2
77.26123771309673 13 14
77.26258916997833 0 3
77.28303726187887 0 3
77.30838632326056 8 12
77.3507948457454 1 4
77.37361280197482 7 8
77.38291458781876 2 4
77.41959860355806 6 11
77.46519736327198 11 12
77.47422552148228 12 13
77.47701624541924 9 11
77.49190498301398 6 10
77.53695682566374 9 14
77.54261438361115 3 4
77.56216903078293 10 14
77.56971590429265 8 12
77.578267306783 1 2
77.58363444746331 1 2
77.62161568167836 7 14
77.66373974038997 1 6
77.66510578603368 9 14
77.70374159786927 11 13
77.78861686211083 6 12
77.81084576949108 7 13
77.81230896956524 7 10
77.84104963214273 6 7
77.84139720672286 10 13
77.86177127330595 6 8
77.8767569351592 6 12
77.88787543586486 1 8
77.91165391806692 3 6
77.91302201262667 12 13
77.92850918915657 7 14
78.0246552656519 2 6
78.03450330079914 0 2
78.06653304280312 2 4
78.08755294956364 9 14
78.14865262671634 10 11
78.23814823309527 4 6
78.23902471840871 8 12
78.25350346497042 9 11
78.25414058920639 6 8
78.256923104733 1 6
78.25986375043556 11 13
78.2661591132267 8 12
78.27437836674906 13 14
78.29058544809722 0 5
78.36683436618922 6 10
78.38289730104738 9 13
78.51205269536865 2 7
78.52945133736577 7 11
78.57070518538497 4 8
78.61474718595447 10 13
78.64253128360573 11 12
78.66169759148008 2 5
78.67142569655144 8 13
78.69827109672082 7 10
78.72876560416083 8 13
78.76682422712315 12 14
78.76684904739781 7 11
78.8142793737672 6 10
78.8245165192979 2 8
78.82907294795382 6 9
78.88250590463333 4 8
78.88316241173368 6 9
78.88887320244314 3 5
78.9064723234764 4 7
78.91434037628333 8 13
78.92510800147299 6 11
79.0161110420504 6 12
79.0618786341806 1 3
79.0755178614182 1 7
79.09653663275182 2 8
79.10554377837035 4 7
79.10760497316816 6 12
79.1569143737176 9 10
79.19449769517044 2 8
79.34578015506494 6 8
79.36300713563483 6 7
79.40112887975077 2 8
79.42858942630306 2 4
79.45494002274637 3 8
79.45672301268502 3 8
79.48084762708994 3 7
79.49222368303313 5 8
79.5040525708454 8 13
79.53796041533002 1 2
79.56082444874912 3 7
79.59293169002234 0 5
79.65580853747778 7 12
79.70399595713604 1 8
79.73358990708441 0 2
79.74060352796376 8 9
79.76407979870899 1 5
79.85654997386388 2 8
79.88814428878595 7 12
79.91778802628949 4 7
79.92478498751117 3 7
79.94810314534766 10 13
79.95378382364743 8 14
79.96644519728783 6 8
79.98165769450446 7 11
79.99454419158218 1 4
80.0102663580326 6 12
80.0108755577048 8 12
80.04138717486228 9 13
80.04143195460236 2 3
80.12989350743783 6 8
80.15042978947046 2 4
80.18473755693579 4 5
80.18884884972417 0 5
80.2036140970011 9 13
80.22178662622471 7 13
80.23638019076108 8 13
80.28816161281114 10 12
80.28893106233986 5 7
80.30515933287737 7 12
80.31186582308902 0 4
80.37322094721969 6 7
80.40325164527096 8 12
80.42787872150214 3 6
80.4387308459994 7 10
80.43939014522654 6 12
80.48314220363699 9 10
80.55136468967649 3 4
80.57414622509364 7 11
80.58089901501543 12 14
80.63462168588077 4 6
80.64851247879662 3 7
80.65592878292755 6 7
80.69216816811502 2 7
80.69296293162193 4 6
80.69551583941355 6 14
80.69853486540359 12 14
80.71494160670647 11 12
80.73553245663966 10 12
80.74546961386042 1 6
80.75072573254856 2 5
80.82217859522032 9 14
80.86849339433206 3 8
80.87352247739182 6 7
80.8882441806874 0 1
80.92137088932238 1 5
80.92182060994998 9 13
80.92317195239269 4 8
80.94279209264491 0 3
80.94476713947738 4 8
80.95673255617538 7 9
80.97971332501551 0 7
81.02745594599234 6 10
81.04547587383489 12 14
81.06911877916858 8 11
81.11944215345069 6 8
81.12096204934521 6 9
81.12780307086696 8 9
81.14182945771731 4 5
81.17037855530549 4 8
81.1743065322635 3 4
81.19230014433504 13 14
81.21118222973335 6 8
81.21256795491115 6 11
81.24089671209661 3 8
81.26641658613453 6 12
81.27818343214693 2 3
81.29669896580577 5 8
81.30127265103482 9 12
81.30793880833721 10 11
81.35167515683659 10 12
81.37180153586333 0 5
81.37692923952372 2 8
81.40811899554056 1 6
81.45824100812652 6 12
81.46601635132728 11 13
81.47268895271272 8 10
81.47889965075338 0 3
81.56478921393759 7 8
81.57910566038592 1 4
81.58268824798135 9 14
81.58397104848201 6 7
81.67013770851801 3 6
81.67689823113753 0 2
81.68552978024886 1 4
81.69462375214337 4 7
81.74729504909281 3 4
81.74966954638526 2 5
81.7849591264266 0 2
81.80223143765339 7 13
81.8147883382873 5 8
81.82954167946055 7 10
81.84667268081466 9 11
81.89223490055784 6 11
81.89283469910208 4 7
81.93562495498912 8 14
81.95285301500289 7 8
81.99464935884936 6 14
82.01244706751223 9 14
82.04942104322035 4 6
82.0897525651412 6 8
82.13300630098414 0 5
82.15135578507585 5 7
82.17664829021524 7 9
82.19767762933844 11 12
82.24323944645485 4 5
82.25399720030563 5 7
82.25622770950126 9 10
82.28768461350995 0 6
82.29650682533726 6 10
82.3150332095515 7 12
82.32832369304296 1 2
82.356528435644 9 12
82.36670104057796 10 13
82.38076318178389 8 12
82.39037652675478 1 2
82.40862257837948 8 12
82.4155906647666 7 8
82.47808606286354 0 5
82.55264652817792 9 10
82.58182442383053 6 7
82.59431666633596 3 8
82.60918825592734 8 11
82.67924223312131 0 1
82.70232162762568 9 13
82.8064191035345 8 11
82.87638841475122 9 12
82.94931908414495 6 10
83.03385827943222 11 13
83.05874980502571 6 11
83.09015793337534 2 5
83.15291195246373 1 7
83.17829498051677 0 1
83.23875743841836 6 12
83.25265674454351 13 14
83.28102205031527 6 13
83.30894041153101 4 5
83.32769599095883 2 6
83.33305301833244 3 7
83.352866582276 11 13
83.35468275764686 13 14
83.35713106062411 7 8
83.38132603519318 0 6
83.3925156525973 1 5
83.40717948652215 6 11
83.4737991448927 0 8
83.4747656879881 8 10
83.48883249947338 12 14
83.53328496343383 1 5
83.53452957300067 9 13
83.55938445333285 7 12
83.62617078371024 5 6
83.63359144026239 6 7
83.65507592292957 2 6
83.683867256235 8 12
83.69984560250472 8 10
83.80109139855703 6 7
83.81277558531205 3 8
83.88603963758456 2 8
83.92792382230868 4 6
83.93863723641275 8 11
83.9398649291747 8 12
83.94421485885778 3 4
83.9595147287898 8 11
84.04508837782159 8 11
84.09083268155155 6 9
84.10715353924499 11 14
84.1077845570366 6 8
84.12947263127782 7 12
84.13798948844638 1 7
84.14341845251067 6 7
84.19494394193543 7 8
84.22106630622335 7 13
84.247709951872 1 6
84.29012463526274 12 13
84.31523232422339 6 11
84.32181999710102 1 8
84.3249052063137 11 12
84.33539279737155 6 9
84.36567954236344 13 14
84.41016213536692 1 4
84.41836126187935 6 8
84.42077421893512 1 5
84.4272189592973 9 14
84.48564078284441 8 9
84.60488528834318 0 6
84.63116182177102 0 5
84.71927429184723 7 13
84.76000210611053 6 9
84.84592741879126 5 7
84.8810488068402 12 13
84.91924691082906 4 6
84.91936192906246 2 3
84.92636249013424 2 7
84.9704940162838 6 14
84.97735105631807 0 6
85.01885769202276 1 4
85.04085453737139 5 6
85.05697555890177 7 8
85.09794749428644 1 2
85.11251449634449 4 8
85.12433747806469 7 8
85.14442479008329 8 14
85.190560234119 7 8
85.19791136260972 6 9
85.2244121512563 5 7
85.2868351016061 6 13
85.3541345975018 7 11
85.36198200866389 6 12
85.38213001411228 6 9
85.39052051259984 5 8
85.43156016896393 1 5
85.49906512713912 12 14
85.50494252402876 12 14
85.50925817054087 4 8
85.51436961683777 10 12
85.51730079027129 12 14
85.52599790566651 6 9
85.54540883334244 10 13
85.57124137444589 5 8
85.57186033829258 6 10
85.63617980094557 8 9
85.64478351715312 9 13
85.66174850798267 7 14
85.70074882923426 12 14
85.72370042379539 3 7
85.73038314931827 6 7
85.73215106667402 7 12
85.7392143734703 8 11
85.79417723352677 0 4
85.80754249890971 10 12
85.80887381202194 1 2
85.84233036580963 6 7
85.88278383547433 6 13
85.89573286193439 4 8
85.9004392337668 1 8
85.91755235902437 1 7
85.9652113052765 1 5
85.98193751207774 6 7
85.98948909905464 8 9
86.02017953285107 10 14
86.02831774222389 6 7
86.03056252247535 7 8
86.0307077814754 8 14
86.07587933037769 2 5
86.09212913988603 2 3
86.09692780905556 9 14
86.10648240569381 7 14
86.12270424108127 4 5
86.13379995779226 12 14
86.2549525074954 8 10
86.27483875581741 3 6
86.30789611864995 3 4
86.32652311213022 2 3
86.33813755826674 8 11
86.35042628500861 0 8
86.35911015377208 6 7
86.50417221143397 9 13
86.53193245747752 4 8
86.536320391333 8 9
86.60995828393996 1 4
86.6162886682186 10 14
86.659546512692 7 9
86.73820579939132 8 13
86.76216321221479 6 8
86.76689012384588 3 5
86.79176525567607 3 7
86.86539561813076 12 14
86.9095197762451 7 8
86.91884060331657 2 8
86.94706607371549 2 4
86.96104274462179 7 13
87.0274834260938 1 6
87.02985758441523 7 13
87.03198324277753 10 11
87.06864954608002 7 9
87.17524510500405 7 14
87.19395250077702 7 10
87.23801262404933 3 8
87.36308311161426 8 12
87.41415109356286 9 13
87.41945161504357 12 14
87.42054729836615 7 12
87.45758662748733 6 12
87.48267093150898 0 1
87.50208514808148 8 12
87.50690661668513 6 14
87.54014448265917 2 7
87.54275957162862 8 13
87.54581603423712 6 8
87.5544444803207 0 5
87.6416633822225 3 5
87.72225522162529 10 12
87.73797624557992 7 11
87.73881192841625 8 10
87.74692110388523 8 14
87.77316899791904 7 9
87.79821734964497 7 10
87.82824298633344 1 5
87.89518932474259 11 12
87.9319448191327 4 8
87.95967165986971 6 10
87.9934821274262 5 7
87.99792539783432 3 5
88.0582193987508 0 4
88.06898884788271 7 8
88.11087888855421 0 8
88.12822450791958 4 7
88.16533020628151 8 14
88.1840540726387 5 8
88.27565552426663 3 4
88.27850470343523 1 7
88.29880364528807 2 3
88.30947417097437 8 12
88.31312639626644 12 13
88.45760561469329 0 8
88.46535379086524 6 13
88.54160561327586 5 8
88.56755888825418 11 14
88.6136004042733 1 2
88.7266679594845 12 13
88.73985103140305 8 13
88.7537461875568 9 12
88.7597877092781 6 13
88.76278816850865 8 14
88.78564640622861 0 7
88.79217325118657 9 10
88.8060734550191 3 7
88.80723109808454 8 11
88.83594745827492 10 14
88.86174934647863 7 10
88.93166092216184 7 13
88.93980315518115 11 14
88.97659424269429 2 8
88.99000342800841 0 7
89.00106609967207 8 12
89.00710767166797 3 4
89.01568455127801 6 11
89.02260640831305 7 11
89.05555003427727 0 1
89.05686569397916 2 3
89.06818637506751 2 5
89.07956237546924 11 12
89.1488339055513 4 5
89.17657114037144 1 6
89.29207318598249 7 8
89.36203666079327 3 6
89.3890456328939 5 7
89.3938708240309 0 4
89.43457324520593 11 12
89.4366905796833 6 9
89.44323047156361 9 12
89.47069391941085 2 7
89.48573124015712 5 6
89.49287351542941 10 13
89.54321450387533 11 13
89.55082987405157 9 10
89.55179917425087 6 7
89.5893925934775 6 7
89.6358884389609 0 5
89.65583175264445 11 14
89.69501821560908 1 2
89.76275117414687 0 3
89.8387240660166 6 8
89.84723116555222 2 7
89.88340988839603 4 8
89.91969143062195 0 2
89.93711838231323 1 5
89.9725719385287 12 14
89.97651600921395 6 8
89.97796944673405 8 14
89.99757395962314 11 14
89.99952260188047 3 5
90.00993024110517 1 6
90.34031631545811 4 5
90.42090006681673 5 7
90.66566198117744 9 14
90.74082293826766 8 13
91.01204118279432 7 13
91.32900122948938 6 11
91.3919338513072 7 13
91.63263699081998 7 12
91.65939236306849 8 11
92.19229034830391 5 8
92.53963048523929 6 9
93.2772118705644 7 10
93.41292053153009 0 6
93.56797568648403 0 5
93.6160935870798 6 11
93.63368268448869 10 14
93.64822972307013 1 4
93.74760561149164 10 13
94.14296810455426 1 8
94.38764743321637 6 9
94.46703707978804 2 5
94.52020948156621 3 7
94.98660922988421 0 2
95.07089219958971 2 4
95.15288664100493 0 7
95.30331750132262 8 11
95.34492713709892 0 2
95.34607037895569 0 1
95.4368805821457 6 9
95.57917097206573 10 13
95.60448973714263 6 13
95.68667967379093 4 8
95.70985819214565 9 11
95.94313579538297 7 8
96.51338750405833 0 1
96.95914584373253 11 13
97.10473675285047 7 10
97.12165021546099 7 11
97.20196602504554 1 8
97.2645041085695 10 13
97.32796424287636 6 10
97.3379126020161 10 14
97.42347520153123 8 11
97.71187589946169 5 6
98.49108006039705 11 13
98.78215495727267 8 9
98.85058858982978 4 8
99.35848740196741 6 12
99.64677241395339 8 10
