2.9552459716796875 10 13
3.0130386352539062 11 13
3.1820297241210938 0 3
3.3964157104492188 1 4
4.365138800494606 10 13
4.5177459716796875 2 3
5.960845947265625 11 14
6.042671203613281 2 4
8.073696621858328 10 13
9.897613525390625 0 1
10.211810470718774 0 1
10.212397575378418 3 4
10.316332374713966 11 14
10.623502731323242 10 11
10.803301249461583 2 4
10.86871096813039 0 1
10.921001434326172 13 14
11.037067586698868 13 14
11.313056945800781 12 13
11.417978021290764 0 3
11.541111911065839 13 14
11.627578735351562 10 14
11.627912521362305 10 12
11.69576644897461 1 2
11.729252424265724 2 3
11.792564392089844 0 4
11.805691634678144 0 3
12.07723617553711 12 14
12.088639865942241 11 13
12.263493706814188 1 4
12.341524424039285 2 4
12.541886093766022 13 14
12.661494378784568 2 4
12.752894728100195 11 13
12.772585736847596 2 4
12.855508638585889 10 12
12.892486913005996 10 11
13.018226623535156 0 2
13.019396162962948 10 14
13.069788997465167 10 14
13.194469104200909 11 14
13.195997815730454 1 4
13.257408142089844 1 3
13.357294081379223 0 2
13.363856214283718 10 12
13.46502154018183 0 2
13.49903856668173 10 11
13.55447070873197 12 13
13.758805486294769 11 13
13.762606082798303 10 11
14.033595942298144 2 3
14.06376796581648 1 4
14.06528112356682 1 2
14.275799778498687 1 2
14.281890374618094 1 2
14.396898160900214 0 1
14.44448414567887 0 4
14.468861874279797 10 14
14.574625291970733 1 3
14.661011974249094 0 3
14.805411860143726 0 2
14.823717929405717 10 11
14.959469424081579 12 13
15.140074798135778 2 4
15.15690051717954 10 13
15.182425517969023 3 4
15.238930292443566 0 2
15.395252754466386 1 4
15.498690149788267 2 3
15.621005958302728 13 14
15.621383444548922 2 3
15.765060681996893 0 1
16.088510166030616 2 3
16.094811738381566 10 11
16.104945754989316 10 12
16.129675318246548 12 13
16.130410371777508 11 13
16.219703587299172 0 1
16.243125514820193 10 11
16.247728202555244 0 1
16.504035994356734 2 3
16.645216361046423 2 3
16.721555000061525 13 14
16.756175016484367 1 3
16.82509679185953 0 4
17.01514123861743 10 13
17.15759750596939 3 4
17.175358883125877 12 13
17.609602983177503 3 4
17.667175351272846 13 14
17.793537061745752 2 3
17.86101475906636 11 14
17.924093761860714 1 4
17.96173808016009 0 4
18.19365925361988 0 1
18.228645134530417 3 4
18.25788642458265 0 1
18.37921142578125 11 12
18.379685738273576 1 4
18.406907608754288 10 11
18.44680634582591 10 11
18.54321596786683 11 13
18.632332313261934 1 4
18.69870320894771 10 12
18.799711748992195 1 4
18.891923831383615 0 3
19.07934455106112 0 3
19.15642148106774 11 14
19.194397157116327 12 14
19.226609738618684 10 14
19.35325669729398 10 11
19.358687719855084 0 3
19.41234336391834 10 11
19.457068305152827 2 3
19.535749308326864 12 13
19.583429727208568 11 12
19.700964004154194 0 4
19.850429810914804 10 13
19.996157779173373 13 14
20.021292556631884 11 14
20.091919598710803 0 4
20.3160355717844 10 11
20.405946211923407 0 1
20.486274548454798 13 14
20.501612200968903 10 13
20.726099537528512 2 4
20.776874834571807 1 4
21.080599337493958 2 3
21.13606747855793 2 4
21.30252788920606 10 13
21.40631882813151 1 2
21.57085495136795 0 4
21.594460238395044 2 3
21.614689887119546 1 3
21.89942383657168 10 12
22.336211865778388 2 3
22.445294258082754 10 14
22.67870980893087 0 1
22.817968813047216 0 2
22.937930542394348 10 11
22.94578987154205 0 4
22.986801831841223 1 4
23.066288234083395 1 4
23.08903033373502 10 11
23.151669150633765 1 2
23.353724486087415 2 4
23.39652759068192 1 3
23.4009794475719 10 11
23.63641240518713 10 13
23.644113319266353 3 4
24.40395053981989 11 13
24.583776980468482 2 4
24.58377709082309 1 3
25.11672207233167 2 3
25.26654902898322 1 2
25.450587130454174 2 4
25.610132377581113 11 12
25.676110016917395 0 2
25.868968120036996 0 1
25.96709877978379 1 3
26.07616248785746 10 11
26.18425387800854 10 12
26.28984402622689 11 12
26.435497416883468 0 1
26.502826800848513 12 13
26.664703658358142 3 4
26.67295823304307 10 14
26.70036897030093 2 3
26.84755179074793 2 3
26.914799412376276 12 14
27.169830455975077 0 3
27.24508933942079 11 12
27.52946660167195 0 4
27.56591772216612 12 13
27.729384595994098 0 2
27.761799918921426 10 11
27.8408655035817 2 4
27.848102819302568 10 12
27.916420646252384 13 14
27.935800540671416 1 3
28.023312586938353 11 14
28.032962668632088 0 1
28.045138568334515 10 12
28.09291700656656 0 2
28.10228077538782 0 3
28.141493663677203 1 2
28.265757254700098 11 14
28.33085811378272 1 2
28.56238780560306 11 14
28.69133084471296 1 2
28.74413122739797 2 4
28.85789307953265 0 4
28.89679306867109 1 3
29.110103898162013 0 2
29.11313864754606 1 3
29.260535569378767 2 3
29.348624611737435 2 3
29.401679645049363 1 2
29.421141878672607 10 14
29.526578278590495 12 14
29.531404294169917 0 4
29.623667437719522 10 11
29.650952645258034 11 13
29.722799610538694 1 2
29.911644717429745 3 4
30.01070386289358 0 4
33.38054086370466 10 14
34.11197332986366 1 3
34.45330520427585 11 12
34.78103138655973 12 13
36.24231333266506 1 4
36.50086168697392 1 3
36.54566520453242 0 1
37.21737914441822 0 1
38.524742914775004 2 4
38.62658801901343 12 13
38.6693449019539 11 14
40.04683494567871 3 9
40.059852600097656 9 12
40.139079093933105 3 10
40.42320251464844 0 3
40.42706489562988 5 6
40.44060707092285 2 5
40.49098491668701 3 4
40.55981636047363 5 7
40.57025909423828 2 6
40.620796839175455 9 12
40.640878677368164 11 12
40.64497947692871 7 14
40.64688682556152 6 14
40.653276443481445 13 14
40.724992752075195 1 7
40.743255615234375 1 14
40.767502784729004 3 6
40.79408645629883 0 10
40.80204963684082 8 14
40.8524751663208 1 2
40.863990783691406 7 10
40.865468978881836 3 5
40.94510078430176 10 14
40.96707669511943 3 6
40.97566604614258 7 12
41.02673530578613 6 10
41.02678298950195 0 14
41.06879234313965 1 11
41.123199462890625 8 10
41.12648963928223 5 9
41.14693724161498 11 12
41.14730340841106 3 5
41.17007255554199 3 12
41.17584228515625 1 9
41.240644454956055 9 14
41.255774522778665 9 14
41.25913281304747 7 10
41.32728576660156 5 8
41.34147208055765 3 12
41.37016869085528 3 9
41.420602798461914 0 8
41.464948654174805 4 14
41.47357940673828 1 12
41.483116149902344 10 12
41.48588610750347 11 12
41.495418548583984 10 13
41.496992111206055 1 13
41.53406967211595 5 6
41.553401947021484 7 13
41.61229133605957 11 13
41.669112948738984 1 13
41.73283576965332 9 10
41.742658615112305 4 10
41.7567253112793 1 3
41.86673797992171 1 2
41.91587925437957 7 10
41.91722869873047 6 8
41.96743965148926 4 13
41.9766902923584 11 14
42.07849137969788 7 13
42.10796356201172 3 11
42.14663419597855 2 6
42.177562876395314 1 3
42.23809242248535 6 12
42.24061965942383 1 10
42.245949739935895 9 10
42.25125312805176 0 5
42.38335499621826 0 10
42.39034652709961 4 12
42.39980282691249 7 12
42.40217208862305 7 8
42.41822206977304 6 8
42.4532413482666 6 11
42.48272703466682 0 5
42.554885351573674 9 10
42.61786908723312 2 6
42.67608644291576 7 13
42.75289291381341 6 10
42.77315139770508 1 6
42.8101612360706 3 10
42.8532600402832 0 4
42.86770820617676 6 13
42.87600517272949 7 11
42.87607474989272 3 11
42.88520812988281 5 13
42.88806915283203 8 13
42.8916542559236 0 5
42.90715135676082 6 10
42.9539680480957 1 8
42.998907378362716 9 12
43.0476188659668 8 12
43.078254151341106 9 14
43.10722351074219 0 13
43.10838144618651 5 6
43.10894105891774 3 6
43.12438154047413 1 10
43.13945770263672 12 13
43.14654925900943 1 3
43.14965498581648 7 10
43.158804389349825 10 12
43.230342864990234 2 12
43.24698873078887 12 13
43.25542449951172 1 5
43.26810836791992 5 11
43.37882995605469 2 4
43.39414233363641 8 12
43.40734436332241 5 11
43.44748785870178 3 12
43.45970153808594 2 10
43.53458923615108 10 13
43.59893798828125 5 10
43.65329572460723 1 8
43.68124008178711 2 9
43.71323970335652 0 3
43.715572357177734 0 2
43.732326756435214 2 12
43.749481984762326 3 6
43.75099145581771 5 13
43.837360232100764 8 13
43.8697150674555 7 13
43.88236999511719 2 11
43.96966781825419 5 11
43.98393630981445 3 8
43.988026951219936 8 13
44.01814236011887 4 14
44.10295486450195 2 13
44.12920987797406 7 11
44.1331591690888 12 13
44.1420302811216 4 14
44.19393539428711 3 7
44.2735855722276 2 10
44.29378486402129 1 7
44.315338134765625 0 9
44.32252390223858 5 6
44.44330100402401 3 9
44.451551200367 9 14
44.45400068927644 7 10
44.49389186993358 2 4
44.625372881329966 9 12
44.62595898467043 11 13
44.63246528221134 0 14
44.71737164369892 2 10
44.72128072629857 0 4
44.73507137190609 2 11
44.759855711568115 1 3
44.76154186848861 7 12
44.7681138830056 3 6
44.837379455566406 4 8
44.856915654872864 10 14
44.916845409958626 1 3
44.92221774112295 4 10
44.92769660801059 5 9
44.93579864501953 4 5
44.93689470118625 1 11
44.94328969747737 6 8
44.9824333190918 3 14
45.00595351528318 0 13
45.01330400458535 0 14
45.05805969238281 5 12
45.066531500825775 2 11
45.10675101487725 0 14
45.11464525448332 5 9
45.17822265625 7 9
45.297302248945925 1 14
45.30875978171025 0 2
45.33303259478994 10 12
45.41502547223514 6 10
45.5114875371536 1 2
45.51310454171489 0 3
45.53378106017671 4 10
45.53871154785156 9 11
45.548169743130146 9 10
45.696258544921875 0 1
45.69874246173494 1 13
45.757771163176116 0 3
45.807559955887015 2 12
45.83679439383559 7 9
45.84770202636719 4 6
45.85118876057095 0 9
45.85939008240483 1 8
45.86571382278635 2 5
45.89623745287099 13 14
45.99389296843095 7 13
46.01133508007257 1 7
46.05309529837278 9 14
46.07500061762792 3 11
46.07949410875272 10 14
46.10736194157093 9 12
46.12985434501249 5 13
46.1508837454403 3 4
46.21292204237761 2 13
46.228599548339844 1 4
46.27858430178895 0 10
46.31235144205646 5 11
46.32225036621094 5 14
46.323764903821655 9 12
46.37666925238571 1 13
46.435920897783944 1 5
46.4386320887228 0 13
46.5413648635149 5 8
46.574035380763235 5 7
46.62647247314453 2 7
46.64838911858492 2 4
46.748748398022144 6 14
46.76238768201825 3 4
46.78727807514744 1 3
46.88813789411722 1 13
46.891021728515625 3 13
46.97169561414512 2 12
47.0075962505925 1 14
47.05536398214463 2 7
47.07711788142026 4 14
47.11151123046875 8 11
47.13317206100922 2 7
47.19612930784933 3 13
47.28050231933594 6 7
47.328401134337824 2 4
47.33658408544912 5 8
47.33962386015924 7 12
47.3534884493645 6 14
47.356080168691214 2 6
47.35908508300781 4 7
47.450638930968125 7 8
47.48801683647849 12 13
47.53267087328952 4 14
47.590148948623174 7 10
47.60006917901188 7 12
47.61491541120526 1 11
47.64450174407102 1 12
47.65434265136719 2 8
47.694003372727266 0 3
47.72053699998651 9 11
47.80420398009524 0 14
47.845615690312115 6 11
47.92935851577735 1 10
47.957289490841504 3 8
48.024982218339574 3 7
48.04229736328125 6 9
48.08012719145854 1 11
48.11123421405745 11 13
48.13071777466111 3 13
48.195648193359375 4 9
48.224936355109094 2 8
48.27317581894023 8 12
48.2771664184381 3 8
48.320350118410715 8 14
48.38790720386896 1 6
48.395366620937736 5 6
48.43288850534009 4 9
48.43603731933399 4 12
48.450647309087756 0 10
48.472411759327 2 12
48.473171992191055 6 12
48.50826721000167 2 10
48.509234076018394 9 11
48.54193197672108 3 13
48.549135669794744 9 14
48.557394429555195 6 8
48.615694082299456 3 5
48.64104884011617 4 12
48.69428708407213 5 12
48.70331931763292 1 12
48.729705810546875 12 14
48.758813091946465 2 13
48.77415350454918 2 10
48.808441220069625 5 8
48.83802113241443 0 4
48.85826110839844 2 14
48.92382769563621 3 13
48.92769041290114 9 14
48.96078434976516 12 14
48.96609051284031 4 5
48.99451893526596 5 8
48.99563085041268 5 13
49.04170192607678 4 10
49.09641615627315 5 13
49.10520943629787 0 2
49.10830894004903 11 14
49.113811686472864 3 4
49.13895764983218 3 5
49.19362194060493 0 10
49.195455621279706 6 14
49.203807466619764 0 8
49.26507038613539 1 8
49.33623497416545 11 13
49.34316690644575 5 11
49.362873216108994 1 2
49.384671673732335 8 14
49.38571148177289 6 13
49.39199287106608 7 8
49.41811061854748 4 5
49.46295179722334 0 2
49.48746919508267 1 4
49.49894165879107 5 6
49.50262291112023 3 5
49.518385918054264 4 7
49.54383035809555 6 11
49.554443359375 2 3
49.572556606753395 5 6
49.61649704991865 1 7
49.6753511095243 0 14
49.71541495322208 1 3
49.794018495896324 2 7
49.80800585831437 6 12
49.89484545677802 10 14
49.89534884916793 4 8
49.92371642656508 4 13
50.05094468438597 0 10
50.05581583118176 2 11
50.07742409766952 5 7
50.13684215964284 5 8
50.14652855388704 7 14
50.152829893521684 3 12
50.1655155080403 6 8
50.17411060164402 4 14
50.2281198967323 0 9
50.23552432610924 4 7
50.23671654646735 7 12
50.240789431101334 9 11
50.245358409991624 5 11
50.25467902137572 5 8
50.346705738091444 0 14
50.35251418557891 3 14
50.428201774840744 7 13
50.61045135536044 5 13
50.6378173828125 10 11
50.68660543106586 3 9
50.69314625166507 4 10
50.69851435273195 5 12
50.70112416562203 7 10
50.73021697670778 0 9
50.7316318432961 1 3
50.7721396396309 1 11
50.80613241298124 5 10
50.81779187396393 7 12
50.855636094430835 4 13
50.90471863639925 3 13
50.96811381150748 0 9
50.99476313625928 8 11
51.02996826171875 0 7
51.05167715993895 7 11
51.05860988491528 2 6
51.07707274856962 1 3
51.079078334125796 9 12
51.11847537987747 6 14
51.13242114568445 0 8
51.170406099919376 5 12
51.18603574823565 1 8
51.21636516509717 2 8
51.22350372996573 3 12
51.30715045816892 0 9
51.31352225800771 9 14
51.323699951171875 8 9
51.32410472403113 1 14
51.32530595951321 2 6
51.331373544503876 8 12
51.33514404296875 4 11
51.36376089067198 2 3
51.38804517227982 2 14
51.40438693385914 10 13
51.44382842688718 6 13
51.537809935329506 5 6
51.60907066733509 11 12
51.64329822612336 3 11
51.66426476455872 4 14
51.68640400515869 0 7
51.70053840750762 2 5
51.70917454163583 2 6
51.73077849764846 3 4
51.80165934905614 0 9
51.83669080762072 4 10
51.84934306145559 1 13
51.866361422268476 1 3
51.86993130046176 5 14
51.92135034593349 9 10
51.936979267406585 2 6
52.01114233975105 5 10
52.02351943589747 0 1
52.03829986531761 11 13
52.068335909279995 4 11
52.13514753521602 0 8
52.17903259300138 5 9
52.29122243886971 5 9
52.36715054192439 5 13
52.4017333984375 0 12
52.46424511466074 0 13
52.472801344370396 6 8
52.516419003529336 5 10
52.521830873242095 3 8
52.55431116776129 6 13
52.55991042550238 1 7
52.66050935805629 3 4
52.66876220703125 0 11
52.812431351486495 11 14
52.865929985249984 1 7
52.92604853273011 5 12
52.93276454511547 9 11
52.96600743430612 10 13
52.97018343722903 6 12
53.044475108874884 1 10
53.09396758723071 1 11
53.232244081614304 3 4
53.241881355694844 11 14
53.27049362240359 6 9
53.39598688458173 2 5
53.40180454310432 11 13
53.40535628108783 8 11
53.45186585070208 0 1
53.45554325205025 2 5
53.62227134092407 2 14
53.628971823708376 3 4
53.72092598988431 1 10
53.73720453486635 2 10
53.83528249423124 2 10
53.843626253134794 2 7
53.86504611233249 8 10
53.87871138832385 7 9
53.88380043962255 4 7
53.91380757572906 2 5
53.915074467782375 7 10
53.97363348481713 2 4
53.97819123239015 2 10
53.979159981548364 9 10
54.009382153055306 11 12
54.03977178145525 0 14
54.09229347225441 2 5
54.11471461898829 3 12
54.136231721690905 4 8
54.16254399153905 0 7
54.18003126698548 0 14
54.201954350018056 2 11
54.21109461975119 11 12
54.22875621022246 3 10
54.229736328125 0 6
54.280001619480686 9 14
54.2948750294317 4 12
54.33202382703717 0 8
54.35164251284375 0 9
54.399515806954305 11 13
54.41097374868482 4 14
54.467102426123276 0 10
54.4918633706402 8 9
54.51248201474255 2 7
54.51452348959326 3 7
54.703207119681245 2 10
54.753102642195714 3 5
54.755225366817484 0 13
54.78504783747755 9 10
54.791463474845386 5 9
54.87138603783153 3 13
54.892386802100404 1 3
54.97811746637608 4 9
55.005187183249504 3 4
55.016193278690636 0 10
55.08620174034209 7 11
55.09593699946307 2 6
55.12079492946344 1 5
55.12988507980481 0 6
55.13994055225747 11 14
55.144248077440494 9 11
55.26505035927808 4 8
55.27334952230699 7 10
55.27840828818272 5 12
55.31513180433178 9 12
55.32883925112242 3 8
55.33062228817761 9 12
55.33317848018129 4 9
55.35147687754771 9 14
55.42658355130649 5 11
55.459840381887275 6 8
55.468059715175855 11 13
55.61104172074975 7 8
55.62223557780939 10 14
55.65713924183416 7 12
55.67696456733826 11 13
55.68384629951611 3 14
55.723980942823445 5 9
55.72943721232018 4 10
55.79811072162838 4 7
55.89332484359309 0 4
55.89559500781617 8 14
55.94788461747004 4 7
55.9850085902509 5 6
56.00023022922187 4 11
56.00163318434544 9 14
56.07016051573872 10 13
56.131343127344735 0 11
56.13180273761096 3 10
56.16580705972161 5 8
56.180381524136436 3 7
56.18848908707163 2 4
56.202974729130716 4 12
56.21337890625 9 13
56.221894687823095 12 14
56.28326749333279 6 13
56.302070371102744 6 13
56.329881204193825 12 14
56.38522291139356 5 9
56.399557213998364 1 8
56.406246287687935 6 9
56.44221984548494 10 11
56.451062817772254 2 3
56.455123088286214 6 10
56.46400363204968 5 7
56.487884362604454 2 14
56.4905341806293 0 10
56.52066549272112 3 8
56.528977962443605 0 12
56.54996329616823 9 10
56.56360699438264 3 4
56.57869998330784 9 10
56.631639871790966 5 14
56.65642440547781 5 12
56.66174875846271 12 13
56.666371366009116 1 9
56.667335893485735 0 3
56.70513223873539 3 6
56.72401313115999 3 12
56.74733812036133 0 4
56.787462955029774 6 12
56.80782150742212 2 14
56.81533507116898 4 13
56.86742736525218 5 6
56.87007742928298 2 4
56.91826924352753 0 6
56.92275364383305 3 10
56.94459383055475 6 13
56.95698178183533 7 11
57.058879290574055 11 14
57.08010768739085 4 13
57.1024968288563 0 12
57.15830908591814 5 14
57.17708592658582 2 4
57.23405617829388 7 10
57.34237565679777 1 7
57.42613481905938 0 13
57.439282814494945 5 14
57.47451188747336 5 13
57.477334779751246 7 13
57.571780197795235 6 9
57.66984958038864 10 11
57.67152854883429 8 12
57.67673531561572 7 11
57.68284022606414 2 6
57.691899801144984 7 12
57.70033485116022 0 1
57.79453644218707 4 7
57.870148366222104 4 12
57.9426754207925 1 11
57.95421341367593 2 4
57.99595179433368 10 11
58.01702301097542 8 10
58.03123607130413 1 11
58.03246856393933 0 12
58.04003939731627 0 10
58.10805248203368 7 14
58.11427436055601 5 13
58.16930919670914 1 10
58.171749845789655 0 12
58.19053924365955 9 11
58.25061890102194 11 14
58.25308164643397 2 6
58.356698889353574 0 8
58.370450263783894 2 6
58.401453344964025 1 6
58.43797229953107 5 11
58.44422714227801 2 14
58.448027560948574 2 7
58.47795381624111 12 14
58.4779755083745 6 10
58.48942315887328 1 5
58.58038623361824 8 11
58.63859838879233 4 14
58.73644043194676 0 9
58.760315902574376 6 14
58.84569509514071 8 13
58.86336793045608 10 13
58.87355111717116 9 14
58.878530622131464 5 6
58.88733701475746 8 13
58.91695427080722 2 3
58.94563586912465 3 9
58.97462212870195 6 9
59.030247888070505 7 12
59.045916302738235 1 6
59.05512779221738 6 14
59.10063165144534 2 6
59.11250861545461 1 9
59.140759954341 3 7
59.18348198095654 3 5
59.21219831496779 10 11
59.26257770085296 5 6
59.286079045964016 9 11
59.31906159633602 8 10
59.32959704199534 1 12
59.34156003952866 1 14
59.37073600860782 0 10
59.39702040118564 5 11
59.43221503330488 6 14
59.45704216675422 2 5
59.46658597542475 0 1
59.502145456550394 3 6
59.51403899169138 5 13
59.532919487652634 5 13
59.59641280351207 6 7
59.59775978666984 3 9
59.648358723361966 4 11
59.67889328934646 5 8
59.6973578458638 7 9
59.73720166841143 2 10
59.73787464994709 8 9
59.762081369891575 11 13
59.765730751036905 7 10
59.80422018078015 5 7
59.868005841728575 2 3
59.873156551020706 3 10
59.89618523592875 0 10
59.901784800589176 7 14
59.916890443622584 5 10
59.98889542882133 6 10
60.35269996698975 10 14
62.57602799485727 10 12
63.36871563490572 0 4
63.49957406349817 1 3
63.517309707549984 11 14
63.77609854914022 12 13
65.9206905878226 0 2
68.2618983620388 0 1
69.15238822931764 1 2
70.23582161551045 11 13
70.26283334302337 12 13
70.4572095496783 12 14
70.47603753740725 10 14
70.6009876595419 10 12
70.63274529992378 11 14
70.69813399575165 10 14
70.77285621137699 11 12
70.78239280280444 3 4
70.81933781143866 0 2
70.89518298700327 11 14
71.18975557861009 1 4
71.25878522318033 10 13
71.42119673060725 11 14
71.57211838672235 0 3
71.71105758998411 0 2
71.79128106443284 11 13
71.83405351154133 11 14
71.89189582166338 10 13
72.32394273018849 11 12
72.59022192018165 12 14
72.72669268665254 3 4
72.81509276747428 10 14
72.81836059165178 0 2
72.9122117256513 10 13
72.93383388635843 10 13
73.08175318597209 3 4
73.13488350409693 2 3
73.1859209535495 11 14
73.20330869766791 0 2
73.2763063040075 0 1
73.355120832239 0 1
73.42365305032854 0 1
73.44162790490546 12 14
73.60809580122918 0 3
73.71823515138567 10 14
73.88970621371122 12 14
73.9230220366725 1 2
74.12008789289894 0 1
74.18614379538688 10 13
74.20492229110509 11 13
74.28865520792041 11 12
74.3606683989563 11 14
74.48621206468057 0 4
74.56265902592324 1 4
74.72410172943421 0 3
74.85555298549987 1 3
74.87339177255959 1 4
75.03160889556963 0 3
75.1796929063477 0 1
75.38897948375804 1 3
75.57192874051455 0 2
75.63280617559073 12 14
76.24183510672839 0 1
76.31222210675348 3 4
76.38926590706953 1 4
76.48605543012586 3 4
76.58131316347942 10 11
76.61027940450654 10 13
76.62338053443347 2 3
76.6265249533837 1 2
76.7346971839705 11 12
77.10405809002322 10 11
77.14853653857688 10 11
77.21227149794927 12 14
77.2239343024453 1 3
77.23478579325 10 12
77.60603414539221 11 13
78.03053720478673 11 12
78.22464013850491 1 3
78.31123516751494 2 3
78.31541095335723 1 3
78.32796120350469 0 1
78.37684118144975 0 1
78.396125132443 1 3
78.465212343117 10 12
78.61882160399983 1 2
78.81136974074411 13 14
78.82449741215336 3 4
78.95037132295221 2 3
79.3253862100154 1 4
79.34561796127161 2 3
79.37695730564242 11 14
79.47339818147603 10 11
79.65070029190316 0 3
79.78850363729435 3 4
79.96481375428127 3 4
79.97186431778722 10 14
80.05748755096242 2 3
80.3148723730333 10 12
80.33252332183847 12 13
80.43230879075439 10 13
80.56114113634825 10 11
80.78952231341036 0 4
80.91464912433452 1 2
80.91975481532153 0 1
80.93156393389202 2 4
80.96924416276161 10 11
81.05166262951906 10 14
81.0736594572092 0 1
81.17203491648314 3 4
81.28969135344332 0 4
81.52415508922111 11 14
81.67667963350664 12 13
81.68931368256457 12 13
81.73975010306955 10 13
81.81216865910696 12 14
81.84937937835372 1 4
81.85441143562463 0 1
82.0886806447937 2 3
82.09079111629745 10 14
82.18188295608313 1 4
82.22781551143731 0 4
82.23955984297045 11 14
82.41016703091458 10 13
82.5023091181804 13 14
82.51142588808639 3 4
82.52244191805875 10 13
82.64702954127178 10 12
82.74481806822703 10 12
82.76810097769146 0 2
82.7747938976583 10 13
82.78908423433847 10 12
82.84111183767583 1 3
82.90012332005016 2 3
83.05182301528271 11 14
83.37496851264054 10 14
83.5656137657769 11 14
83.63335730243546 2 4
83.79540741086592 0 1
83.80876323807877 10 12
83.90538134959206 0 4
83.95489169766998 0 1
84.06636748906261 10 14
84.2194365063207 10 12
84.22992374862596 1 3
84.41505950228688 12 13
84.45049696682628 0 3
84.58749986204302 0 2
84.6815361106319 10 13
84.95537741343207 0 4
85.08043380702244 3 4
85.09099159179229 0 4
85.14741487724734 11 12
85.50304370594166 11 12
85.77005548599075 10 11
85.77559234489435 10 11
85.79901733145206 11 12
85.93177596890794 1 2
86.26184563714556 13 14
86.30648988402382 10 11
86.35103762310763 2 4
86.42711546130636 10 13
86.51498008938162 10 13
86.5504990228674 11 13
86.57250474709758 10 11
86.6465596470279 11 14
86.82963806253457 10 14
86.89499529408201 0 3
86.91515317503905 10 11
86.97384277881628 12 14
86.98333142783089 13 14
87.06986600049262 0 3
87.12745240889572 0 3
87.14048309412874 1 4
87.29350130711705 0 1
87.44998455274366 0 4
87.96339232893052 11 14
88.16356521015112 0 3
88.1667508605662 1 2
88.22519088001218 1 4
88.32523503569536 12 14
88.50101741985868 12 14
88.5175545766607 12 14
88.51859865265823 0 3
88.74439709482942 0 1
88.7700279072427 1 2
88.79465134777001 10 13
88.86741927470068 2 4
88.95029418290159 1 2
88.95774718180625 10 12
89.0201651712329 13 14
89.06878022899815 0 2
89.29013766166351 2 3
89.3143759409469 11 12
89.32796946841967 10 14
89.3797979930976 12 14
89.48625131938907 0 3
89.52932070175034 1 4
89.57394131690354 10 12
89.58161884681053 3 4
89.70693390535098 10 11
89.71334346860871 11 14
89.92850257391845 11 12
89.94415860724794 11 12
93.98207990396816 11 14
96.50628197273704 11 13
97.1664495625339 0 2
97.40078331182266 1 2
97.4355538399202 0 2
98.62935860705831 1 3
98.64491886701236 1 3
98.78267936724129 0 3
