110 1.0
103 0.972305974603
102 0.971471280117
114 0.971354201695
96 0.971167356003
92 0.97114005567
94 0.970871319057
99 0.970662191808
83 0.970639803185
88 0.97036839932
89 0.970313773459
85 0.970300996397
124 0.970282794414
86 0.97020972286
77 0.970079121336
78 0.970076741096
80 0.970063363619
75 0.969709544688
74 0.969679433158
91 0.969567449823
120 0.969553219426
93 0.969540021525
68 0.969385937168
66 0.969371489993
65 0.969254892845
64 0.969241009752
60 0.969176143157
63 0.969174663836
56 0.96910156609
53 0.96876044709
52 0.968650658641
48 0.968179846777
41 0.967810709593
45 0.967732807874
36 0.967690530569
38 0.967690510655
39 0.967494080976
26 0.967466506208
23 0.96740991346
115 0.967400905889
18 0.967381556366
29 0.967375328024
19 0.967310562108
20 0.967309241095
14 0.967303240553
17 0.967297446165
11 0.967209612211
10 0.967098818797
8 0.967097365827
9 0.967037682197
7 0.966929460025
123 0.966478421417
5 0.966135116569
119 0.966121579126
125 0.96577622661
132 0.965475154521
133 0.965475154521
1 0.965084337392
2 0.965066295626
3 0.965012179842
134 0.963472511965
136 0.963234918456
140 0.963031382593
135 0.962967214633
138 0.962032874177
143 0.961450160186
149 0.959830127598
152 0.959133789193
159 0.958170342782
163 0.957864987617
164 0.957477125179
169 0.957242934753
166 0.957239927249
167 0.957121780812
170 0.956816762919
176 0.956544853159
173 0.956448276847
174 0.956427937247
179 0.956392738788
182 0.956245302104
178 0.956163108802
185 0.956100389681
186 0.956076251301
188 0.955926340528
190 0.955854187616
191 0.955851901506
195 0.955836831042
189 0.955801502736
196 0.9556934031
194 0.955607307463
199 0.955585847425
202 0.955482664364
203 0.955356591923
209 0.955144207093
210 0.954805750724
213 0.954763279066
215 0.95471982789
212 0.954359687319
224 0.954061439687
223 0.95400149032
222 0.953904801702
217 0.953763302704
220 0.953648572803
228 0.0360375744445
230 0.00208272618656
243 0.00203638050988
232 0.00201223633672
265 0.00176109518407
234 0.00174525646864
239 0.00174128842508
235 0.00173900965539
236 0.00173708196397
257 0.00173188139244
270 0.00173067147741
250 0.00171521144067
252 0.00171246990863
247 0.00169483827307
269 0.00169248336952
276 0.00168194676771
240 0.00166414338567
290 0.00166111550568
300 0.00164830978561
297 0.00164756357043
242 0.00164628610525
296 0.00164282857513
255 0.00163945842277
302 0.00163872503296
261 0.00163364436376
244 0.00162914261638
256 0.00162737754308
260 0.00162449148847
259 0.00162229582111
249 0.00161852356081
283 0.00161726419053
267 0.00161356527496
310 0.0016108116275
266 0.00161038570928
294 0.00161031778166
264 0.00161015017375
268 0.0016078711602
285 0.00160147733624
301 0.00159675430198
238 0.00159580411705
292 0.00159569031087
272 0.00159528869032
271 0.00159524549889
229 0.00159377888519
299 0.0015936773047
233 0.00159327612272
323 0.00159325668381
291 0.00159285521532
287 0.00159244470716
258 0.00159230737501
279 0.00159052087152
241 0.00159034380816
248 0.00158785103366
282 0.00158565092708
298 0.00158532948164
253 0.0015849730052
307 0.0015827515773
286 0.00158148265657
314 0.00158004322117
324 0.00158000712541
313 0.00157934314845
273 0.00157649254113
305 0.00157621579788
262 0.00157511333938
251 0.0015742056255
315 0.00157396372477
321 0.00157349017755
303 0.00157236223468
245 0.00157122234808
237 0.0015703145903
306 0.00156941685353
254 0.00156789085442
274 0.00156609810755
246 0.00156460637744
342 0.00156436233962
288 0.00156402712954
231 0.0015623381966
277 0.00156210205776
278 0.00156084874938
281 0.00156066103729
263 0.001558876498
280 0.00155860403632
338 0.00155831369692
284 0.0015568786219
334 0.00155676628791
337 0.00155666780713
275 0.00155540817871
293 0.00155227370675
295 0.00155104448652
335 0.00154999860062
289 0.0015490198427
309 0.00154709345671
316 0.00154703175192
304 0.00154668315804
345 0.00154646638176
327 0.00154295933639
320 0.00154284564871
348 0.00154259282574
308 0.00154255256481
325 0.00154205623165
330 0.00154130031804
332 0.00154105851739
318 0.00154096070183
311 0.00153916961763
340 0.00153877180821
312 0.00153875363383
339 0.0015378142561
360 0.00153611660042
353 0.00153527696482
319 0.00153496767983
322 0.00153305580966
333 0.00153163701903
336 0.00153101408069
317 0.00153045590855
363 0.00153031191947
341 0.00153019105777
331 0.00152942942818
329 0.00152905586822
346 0.00152587933253
352 0.00152518071044
326 0.00152286004587
368 0.00152259482598
328 0.001520827103
344 0.00151834726156
365 0.00151739270017
362 0.00151641959206
361 0.00151609452956
347 0.00151424283817
349 0.0015121014354
343 0.00151048117105
351 0.00150964109792
370 0.00150951367035
355 0.0015087247228
364 0.00150858551936
380 0.00150763912349
350 0.00150759759229
357 0.00150713630078
359 0.00150649933153
356 0.00150533078022
367 0.0015049639346
354 0.0015047275163
371 0.00150469698715
358 0.0015042195887
373 0.00150161368618
382 0.00150060472403
385 0.00149983003284
369 0.00149952347244
366 0.00149762467533
386 0.00149738916439
376 0.0014968925887
379 0.00149631228588
372 0.00149503452266
374 0.00149278475827
375 0.00149146448511
377 0.0014900031021
378 0.00148840795956
381 0.00148507917093
384 0.00148473058202
396 0.00148374363852
387 0.00148349219033
397 0.00148321142975
391 0.00148166572986
390 0.00147995858482
401 0.00147924390938
394 0.00147444056193
392 0.00147185783372
388 0.00147138643036
411 0.00146922487561
389 0.00146871130948
393 0.00146677771318
383 0.00146527942123
399 0.00146444860062
407 0.00146379453887
412 0.00146368729916
398 0.00146367581152
404 0.00146323777078
405 0.0014622065301
395 0.0014619231323
417 0.00146098515891
408 0.00145973944666
422 0.00145906646097
403 0.00145852150168
402 0.00145844918194
420 0.0014575390167
413 0.00145370530886
415 0.00145355286926
414 0.00145215295651
409 0.00145208439222
419 0.00145199706492
400 0.00145106519925
406 0.00145068347007
410 0.00144931956573
421 0.00144589560114
431 0.00144263050677
416 0.00144260113707
432 0.00144133127743
440 0.00143965268252
429 0.00143954086437
435 0.00143903013063
433 0.0014353403684
428 0.00143485000244
443 0.00143324880009
430 0.00143323862786
441 0.00143306248533
425 0.00143266613887
437 0.00143239775445
418 0.00143188072204
423 0.00143179473643
448 0.0014309811043
426 0.00143017290602
424 0.00142984822391
427 0.00142751246777
450 0.00142591516684
434 0.00142588431771
439 0.001424838798
438 0.00142360861113
456 0.00142313402935
444 0.00142278126186
454 0.00142237891754
447 0.00142226773409
442 0.00142217212074
445 0.00142195882173
457 0.0014217852345
449 0.00142095683236
436 0.00142020741446
451 0.00141823538013
459 0.00141805653695
446 0.00141785490536
452 0.00141739683843
466 0.00141734255534
461 0.00141727601842
453 0.00141694599196
455 0.0014134324311
458 0.00141337459245
460 0.001413350249
462 0.00141308949307
470 0.00141137890979
477 0.00141121280378
476 0.00141097135079
472 0.00141049055612
469 0.0014104783006
478 0.00140951505465
463 0.00140937533668
464 0.00140899918196
467 0.00140829225808
465 0.00140811175375
471 0.00140688625816
475 0.00140666120071
468 0.00140644351791
485 0.00140504035329
486 0.0014050336754
473 0.00140443292119
480 0.00140426012788
474 0.00140313379606
481 0.00140199436326
494 0.0014015755527
492 0.00140000240305
487 0.00139987977057
490 0.00139975432225
483 0.00139921920332
491 0.00139853609138
484 0.00139810138491
488 0.00139807460707
489 0.0013979242607
505 0.00139738754722
493 0.001397302214
482 0.00139674307632
479 0.00139635827135
499 0.00139515612578
496 0.00139343920693
500 0.00139310947488
504 0.00139288142839
502 0.00139194350483
509 0.00139181768197
498 0.00139030697946
497 0.00139023796914
501 0.00138999556189
506 0.00138881711774
507 0.00138793509247
495 0.0013876193637
515 0.00138515227801
503 0.0013845817797
508 0.00138383060564
514 0.00138315957626
510 0.00138255215152
512 0.00138130805034
518 0.0013810253425
511 0.00138028844273
528 0.00137979815534
513 0.00137745156954
522 0.00137737174755
517 0.00137615070282
516 0.00137558705937
523 0.00137486794138
532 0.00137424922971
521 0.00137403715294
525 0.00137252089111
526 0.00137201511612
534 0.00137189625251
536 0.00137185732753
529 0.0013713213518
519 0.00137112664777
535 0.00137095150589
520 0.00137075818777
524 0.00137069427554
531 0.00136863928905
527 0.00136692071178
530 0.00136484726333
537 0.00136312995603
533 0.00136161926264
543 0.00136102444411
538 0.00135951420608
541 0.00135816681456
542 0.00135757953369
545 0.00135752485335
539 0.00135686755509
540 0.00135671436142
547 0.00135588655732
544 0.00135539583253
554 0.00135481486203
546 0.00135464343102
548 0.0013532950548
556 0.00135324507837
551 0.00135192112365
550 0.00135096887712
549 0.0013508676521
553 0.00134928814692
552 0.00134823059738
555 0.00134817845007
557 0.00134765766799
558 0.00134700944734
559 0.00134653747219
560 0.00134621018986
561 0.00134466075826
565 0.00134383790633
563 0.00134289270056
562 0.00134273310153
564 0.00134142801205
566 0.00134117152024
570 0.00134055210893
569 0.00134029393356
577 0.00133973874268
567 0.00133899760786
571 0.00133888816739
576 0.00133850472234
573 0.00133800629457
575 0.00133782303813
578 0.00133773601892
572 0.00133773429809
582 0.00133734855668
574 0.0013366404809
579 0.00133645576492
580 0.00133635251092
586 0.00133555173552
585 0.00133504990273
568 0.00133483631958
581 0.00133432292747
589 0.00133345151186
583 0.00133338971112
584 0.00133299363024
592 0.00133250992783
591 0.00133250688536
599 0.00133242589292
588 0.00133194628516
606 0.00133180784719
601 0.00133141915608
590 0.00133140928958
597 0.0013309629485
595 0.00133049075892
587 0.00133046073611
596 0.00133039150486
598 0.001330132706
593 0.00132936321897
605 0.00132871044315
604 0.00132870141991
600 0.00132821648206
608 0.00132774157465
594 0.00132766852037
609 0.00132670956119
617 0.00132630673905
615 0.00132629540267
614 0.00132568850014
603 0.00132537519795
611 0.00132531979457
612 0.0013253046378
616 0.0013251005021
621 0.00132473124102
602 0.00132447545419
626 0.00132419784143
629 0.00132378793978
607 0.00132373898026
619 0.00132364488974
627 0.0013228948681
623 0.00132255357866
613 0.00132208087368
618 0.00132141261617
622 0.00132094539578
633 0.00132048844841
634 0.00132029994407
610 0.00132010329371
632 0.00132009365739
630 0.00132000439587
631 0.00131999200304
620 0.0013198467792
624 0.00131980319033
638 0.00131874466382
628 0.00131806273455
644 0.00131737168819
642 0.00131715836837
625 0.00131706934379
635 0.00131699728101
649 0.00131589278366
641 0.00131582802194
646 0.0013151212339
650 0.00131440296203
647 0.00131427006555
636 0.0013138132524
640 0.00131352815545
637 0.00131336231379
653 0.00131323343047
643 0.00131291736841
639 0.00131285234147
648 0.00131274719532
656 0.00131239533125
645 0.00131211004037
652 0.00131204824606
659 0.00131176344494
651 0.00131159821311
660 0.0013113712554
654 0.00131063918451
655 0.00131048692985
661 0.00131007029957
658 0.0013100494072
664 0.00130952428157
663 0.00130865108438
665 0.00130836755614
662 0.00130809127479
657 0.00130725066349
667 0.00130683550765
670 0.00130648073343
676 0.00130622133136
668 0.00130592280168
669 0.00130574856346
666 0.00130558978388
675 0.00130549141928
673 0.00130517160946
672 0.00130331173825
677 0.00130273977055
671 0.0013027127681
679 0.00130223023227
684 0.00130201816241
678 0.00130189123148
682 0.00130041783013
686 0.00130000204472
683 0.00129982746633
674 0.00129981326246
680 0.00129946076172
687 0.00129813337852
696 0.00129765904044
681 0.0012974204203
689 0.00129702033405
693 0.00129691532723
688 0.00129675019521
704 0.00129654570303
685 0.00129623136785
697 0.00129612708726
692 0.00129508792683
695 0.00129481370899
709 0.00129446872581
705 0.00129433987282
702 0.00129426381058
690 0.0012938243415
706 0.00129364682506
691 0.00129333133509
703 0.00129331139588
717 0.00129299008097
700 0.00129257773351
698 0.00129229236461
707 0.00129205439195
710 0.001292017886
714 0.00129189683167
713 0.00129188952683
711 0.00129187462726
694 0.0012918687933
708 0.00129171649845
701 0.00129092821726
712 0.00129089143245
699 0.00129043612925
715 0.00129005154955
716 0.00128768964732
724 0.00128740976879
719 0.00128738577241
718 0.00128731017021
720 0.0012870286399
721 0.00128615568834
723 0.00128563634335
727 0.00128562443387
729 0.00128554587923
731 0.00128529455334
725 0.00128527507565
722 0.00128510321445
730 0.00128507225823
733 0.00128470411549
738 0.00128468348919
735 0.00128422975444
732 0.00128421266337
741 0.00128407581418
742 0.00128391288512
739 0.00128364981422
737 0.00128356648791
728 0.00128319136042
726 0.00128314612866
734 0.0012822969037
736 0.00128191035851
740 0.00128159332546
744 0.0012812178134
746 0.00128090675637
749 0.00128015221509
750 0.00127986188067
753 0.00127985034783
743 0.00127980886361
747 0.00127958322266
745 0.00127938286904
752 0.00127887717619
754 0.00127867587018
756 0.0012783623472
748 0.00127833350942
751 0.00127819022372
755 0.00127802296637
763 0.0012776423708
759 0.00127738051799
761 0.00127711680748
757 0.00127675925191
764 0.00127646332254
758 0.00127609542779
762 0.00127584814552
765 0.00127570042943
767 0.0012755881999
760 0.00127549561598
768 0.00127490485712
766 0.00127409244616
772 0.00127397311463
773 0.001273842714
778 0.00127373917191
775 0.00127320685559
770 0.00127292664619
776 0.00127277260653
771 0.00127277032119
769 0.00127275613597
779 0.00127258647554
780 0.00127115691826
795 0.00127114906502
777 0.00127110805068
783 0.00127064149018
774 0.00127045989734
782 0.00127006059626
801 0.0012696327753
799 0.00126958506289
787 0.00126933000806
786 0.00126919247277
792 0.00126916168679
790 0.00126908661778
789 0.00126899837993
793 0.00126894704346
784 0.00126894312681
811 0.00126890053781
804 0.00126885424025
797 0.00126884503877
813 0.00126871401484
807 0.00126860543864
796 0.00126857644423
781 0.0012681981064
785 0.00126814410839
830 0.00126800099016
791 0.00126787739269
794 0.00126778995405
816 0.00126764259704
805 0.00126747556315
798 0.00126743802826
818 0.00126732040349
788 0.00126730205985
829 0.00126724358984
812 0.00126692822026
839 0.00126691155959
815 0.00126638163226
814 0.00126635598632
834 0.00126620803678
819 0.00126619380266
803 0.00126614940287
828 0.00126613231972
842 0.0012660045967
825 0.00126584581231
826 0.00126580846919
823 0.00126576120744
827 0.00126573105845
806 0.00126568006477
822 0.00126563964077
820 0.00126561815182
809 0.00126561361589
844 0.00126542159046
847 0.00126521140575
808 0.00126504406611
800 0.00126500428169
810 0.00126498381301
821 0.00126497031882
817 0.00126496050816
802 0.00126487984534
843 0.00126486738099
835 0.00126485466716
833 0.00126484662211
836 0.00126482918845
840 0.00126481383977
824 0.00126475856836
838 0.00126412880951
831 0.00126393692469
832 0.00126391785046
846 0.00126361988346
848 0.00126347755502
841 0.00126300329694
837 0.00126266447272
845 0.00126232148848
849 0.00125850031029
227 0.0010141526502
226 0.000602982961191
850 0.000461569772111
851 0.000368567939209
225 0.000364018120116
852 0.000255395327134
854 0.000121765910483
856 9.67182017507e-05
858 9.60291495126e-05
864 9.42870361372e-05
857 9.35842466444e-05
866 9.31999042451e-05
861 9.29255212726e-05
862 9.21985193344e-05
865 9.20750175005e-05
867 9.1003881811e-05
869 8.93223000193e-05
870 8.87712173464e-05
868 8.86053590629e-05
872 8.85373678383e-05
874 8.74584780828e-05
876 8.49722187349e-05
216 7.93830656677e-05
883 7.79942986363e-05
218 7.77355749534e-05
886 7.75380086514e-05
890 7.74669870232e-05
219 7.72812308735e-05
214 7.72595608514e-05
221 7.69742823827e-05
853 7.5737507908e-05
888 7.55982344689e-05
896 7.453342878e-05
211 7.43427517068e-05
205 7.34588197254e-05
204 7.34337891785e-05
206 7.34314156229e-05
201 7.27207174191e-05
207 7.26036147879e-05
898 7.25659662493e-05
895 7.24316007309e-05
894 7.24095965889e-05
208 7.23318731052e-05
197 7.14823601721e-05
200 7.13045599844e-05
198 7.09574311223e-05
192 7.00281492281e-05
187 7.00068012531e-05
193 6.97067445621e-05
904 6.95459587124e-05
903 6.9244334599e-05
183 6.92418747534e-05
180 6.88921625339e-05
184 6.85164321874e-05
181 6.83878536545e-05
907 6.82785390149e-05
172 6.8047399265e-05
177 6.79128263178e-05
171 6.78394177366e-05
175 6.77600474775e-05
168 6.72085741334e-05
162 6.62433886712e-05
161 6.6148955632e-05
160 6.605713921e-05
911 6.59118289754e-05
156 6.53687535591e-05
154 6.53462393581e-05
915 6.52588732999e-05
917 6.52274214953e-05
919 6.51564463703e-05
165 6.49131219041e-05
145 6.44386656262e-05
158 6.42503473282e-05
151 6.39706321157e-05
155 6.38240113074e-05
146 6.37536643179e-05
144 6.36585685738e-05
157 6.36578793142e-05
153 6.3579832021e-05
923 6.35419595811e-05
150 6.35341766993e-05
924 6.32866752041e-05
925 6.32037746309e-05
922 6.31851294132e-05
148 6.31047879633e-05
147 6.29843109197e-05
139 6.29303150402e-05
142 6.25213790657e-05
141 6.22202893718e-05
926 6.21452080475e-05
137 6.11757337821e-05
930 6.07910370612e-05
131 6.06929864751e-05
130 6.04712353022e-05
933 6.03618512023e-05
936 6.0105651886e-05
128 6.00063989818e-05
934 5.98223590874e-05
129 5.94631531478e-05
127 5.94162800484e-05
938 5.93486138402e-05
945 5.93323430172e-05
943 5.92610996253e-05
944 5.92610893328e-05
947 5.87373991653e-05
126 5.8623201621e-05
118 5.83300505355e-05
122 5.82121332668e-05
121 5.81355740729e-05
953 5.75717072262e-05
117 5.73537391457e-05
116 5.73524142777e-05
113 5.73453929739e-05
109 5.72708600706e-05
954 5.70712913252e-05
112 5.70597055715e-05
111 5.69189356034e-05
956 5.68924825004e-05
108 5.68324163675e-05
107 5.6708075223e-05
951 5.66722085097e-05
105 5.65224068151e-05
104 5.63909307971e-05
106 5.63420124487e-05
101 5.61141766643e-05
100 5.59176028922e-05
97 5.56638265721e-05
98 5.56097309673e-05
961 5.54993298876e-05
95 5.53526049162e-05
90 5.49856365531e-05
962 5.49256039102e-05
968 5.43105780286e-05
87 5.42186164818e-05
84 5.4137684178e-05
82 5.3897358958e-05
79 5.37188270356e-05
81 5.36276446715e-05
76 5.36009717563e-05
973 5.33439819287e-05
974 5.32717075192e-05
72 5.29899035598e-05
69 5.2690285289e-05
73 5.26748036865e-05
978 5.26086420663e-05
71 5.2501002022e-05
70 5.24794158503e-05
67 5.23910501134e-05
62 5.2195081888e-05
979 5.21926894253e-05
61 5.21206214278e-05
57 5.2041625503e-05
58 5.19274545934e-05
59 5.19165351166e-05
982 5.1900266996e-05
981 5.18868568044e-05
985 5.18782738568e-05
55 5.17088733718e-05
984 5.16489480641e-05
54 5.14376618693e-05
988 5.14240364216e-05
987 5.13983570798e-05
989 5.13667623763e-05
990 5.11425774252e-05
50 5.09780408881e-05
49 5.09750818139e-05
51 5.08779590999e-05
992 5.06944469388e-05
996 5.06731480292e-05
47 5.0259380219e-05
995 5.02574180863e-05
46 5.01520644384e-05
44 5.01160855898e-05
43 5.01050728781e-05
35 5.00854657019e-05
42 5.00747248063e-05
34 5.00635202349e-05
37 5.005215847e-05
13 5.00511898379e-05
32 5.0034901627e-05
31 5.00337676518e-05
40 5.00307622856e-05
1002 4.99975090106e-05
33 4.99806623461e-05
6 4.99675780215e-05
30 4.99423526662e-05
1008 4.99412916273e-05
27 4.98903576554e-05
1011 4.98540078064e-05
28 4.98464905126e-05
24 4.98425728853e-05
25 4.98338622472e-05
1004 4.98138851765e-05
22 4.98064651587e-05
21 4.98023882986e-05
1013 4.98023730355e-05
15 4.97687647251e-05
16 4.97655265008e-05
12 4.97483626989e-05
1006 4.97160851526e-05
1009 4.96933611015e-05
1015 4.96853016176e-05
4 4.96036758695e-05
1010 4.95308161112e-05
0 4.94638325103e-05
1016 4.94013154386e-05
1017 4.92658401466e-05
1019 4.9239835501e-05
1020 4.92226356314e-05
1022 4.91633205668e-05
1026 4.89539783989e-05
1027 4.89200306342e-05
1029 4.89114970965e-05
1024 4.88817826067e-05
1025 4.88701807575e-05
1031 4.88583261708e-05
1035 4.88479167711e-05
1032 4.88067664892e-05
1037 4.86549082692e-05
1040 4.86315177064e-05
1043 4.86248841864e-05
1045 4.85798401877e-05
1048 4.85595407279e-05
1039 4.85539170849e-05
1041 4.85467892626e-05
1054 4.84925546007e-05
1050 4.84826292318e-05
1049 4.84826292318e-05
1051 4.83932009376e-05
1062 4.83349323267e-05
1060 4.83237510828e-05
1055 4.83211763439e-05
1057 4.82769651262e-05
1061 4.82656745239e-05
1063 4.82202882894e-05
1067 4.81895719536e-05
1068 4.81449747545e-05
1084 4.80760642379e-05
1073 4.80655051363e-05
1074 4.80510052575e-05
1080 4.80103697894e-05
1085 4.78817227968e-05
1087 4.77100369724e-05
859 1.75063369772e-05
860 1.7118252352e-05
863 1.6263876239e-05
855 1.58469551778e-05
873 1.36398211255e-05
877 1.33746085136e-05
871 1.31207298886e-05
875 1.30824869581e-05
880 1.2583017221e-05
879 1.25061589979e-05
878 1.23627748056e-05
887 1.22965870833e-05
882 1.22497593017e-05
881 1.22279579378e-05
885 1.22032272148e-05
889 1.21870762831e-05
884 1.21145013547e-05
891 1.20471016478e-05
892 1.18533917753e-05
900 1.18486071806e-05
897 1.17944379903e-05
893 1.17775239095e-05
899 1.17224902694e-05
901 1.16236729501e-05
902 1.15877442821e-05
906 1.13741143996e-05
905 1.1364680019e-05
908 1.13330610449e-05
909 1.13330610449e-05
912 1.12329457109e-05
913 1.12110119677e-05
910 1.12053262176e-05
916 1.11734657943e-05
918 1.10849999348e-05
914 1.10666739843e-05
920 1.08754724631e-05
921 1.06962077657e-05
928 1.0418007149e-05
929 1.03968394761e-05
927 1.03821004996e-05
932 1.03587679898e-05
931 1.03457807694e-05
935 1.03124403086e-05
937 1.03110778069e-05
940 1.02379086641e-05
939 1.02352947077e-05
942 1.02240741951e-05
941 1.02087140843e-05
946 1.01821727439e-05
948 1.01506451971e-05
950 1.01464491172e-05
949 1.01455076273e-05
952 1.00917349109e-05
955 1.00776716871e-05
957 1.00643368499e-05
958 1.00457808966e-05
959 1.00417984225e-05
960 1.00195768698e-05
963 9.96946307704e-06
964 9.96946217432e-06
967 9.93663325549e-06
965 9.93492772767e-06
966 9.92516032158e-06
969 9.88019161511e-06
970 9.86627990196e-06
972 9.86283999216e-06
971 9.85484768626e-06
976 9.82225808475e-06
975 9.81675703477e-06
977 9.80142534344e-06
980 9.6391707939e-06
986 9.62750410767e-06
983 9.60489759856e-06
994 9.49537085741e-06
991 9.49524121397e-06
993 9.44076636555e-06
997 9.39784576752e-06
998 9.3830725841e-06
1000 9.36701603458e-06
999 9.35593885735e-06
1001 9.32994158497e-06
1005 9.31482194802e-06
1003 9.31337390581e-06
1007 9.28621147129e-06
1012 9.26066045218e-06
1014 9.24112370409e-06
1018 9.21763084507e-06
1021 9.19003253535e-06
1023 9.18814375275e-06
1028 9.13926297064e-06
1030 9.07574340806e-06
1034 9.06133584348e-06
1042 9.04608706711e-06
1036 9.04009384636e-06
1033 9.01887727281e-06
1044 8.98837903387e-06
1046 8.98336192693e-06
1038 8.98134402936e-06
1047 8.9641576088e-06
1059 8.94418324087e-06
1053 8.93930403264e-06
1052 8.92968563264e-06
1058 8.88588053147e-06
1056 8.87236890468e-06
1064 8.83958580947e-06
1065 8.83917141311e-06
1066 8.8208168245e-06
1069 8.79496816965e-06
1072 8.7886873461e-06
1070 8.78768450147e-06
1077 8.7875125594e-06
1071 8.77685022153e-06
1075 8.77297869737e-06
1078 8.76740506132e-06
1076 8.76510849426e-06
1081 8.76390994703e-06
1082 8.75341173063e-06
1079 8.75260745531e-06
1088 8.7498034408e-06
1083 8.74395816499e-06
1086 8.73426195658e-06
