300 1.0
265 0.640538092461
290 0.634419431313
243 0.63430637076
297 0.634102411167
283 0.633742796376
301 0.631176463715
261 0.630360967871
270 0.629978127828
235 0.62923113737
276 0.628902103613
230 0.628722909695
315 0.627347533809
323 0.627170975711
302 0.626906729238
299 0.626131019342
314 0.625962692176
310 0.625453091315
307 0.624868898118
298 0.623382600581
269 0.622630427658
324 0.622107747406
257 0.620832013613
313 0.619253977923
250 0.619082196564
247 0.617909284209
252 0.617535012478
335 0.613446669928
342 0.611804345167
337 0.611648398068
334 0.611591761483
338 0.61057042236
345 0.610304017813
340 0.610086135519
361 0.608927521591
353 0.608858926282
348 0.607762524065
360 0.60765685773
232 0.607194137316
294 0.606932218935
228 0.606315682439
293 0.606129733964
246 0.605783640975
296 0.605725030674
236 0.605511000459
286 0.605445039442
239 0.605281286798
259 0.604957195383
284 0.604926359608
304 0.604638551109
275 0.604472720167
263 0.60446502501
240 0.604445970085
242 0.604428885798
231 0.604303224103
264 0.604117439964
248 0.604117099642
266 0.604113814902
279 0.603966221586
291 0.603955311033
292 0.60394943566
229 0.603902187813
262 0.603869598493
255 0.603862169531
233 0.603843846577
272 0.603800065025
363 0.603764963551
370 0.603720022417
245 0.603706446928
289 0.603673848268
268 0.603642235124
368 0.603612061071
282 0.603580848394
277 0.603573128887
306 0.603543382535
244 0.603537792442
237 0.603498211877
281 0.603492499194
241 0.603478871205
274 0.603475980518
258 0.603443450795
364 0.603436848769
254 0.603433680632
238 0.60336232644
278 0.603297986273
256 0.603239977116
271 0.603237538305
249 0.603220873922
260 0.603140409935
321 0.603101849372
309 0.603094785377
234 0.603026798766
318 0.603024374173
280 0.602996876854
287 0.602994227683
253 0.602993790548
251 0.602965134519
267 0.602930816033
285 0.602661786375
327 0.602485970708
303 0.602454543453
288 0.602421535684
308 0.602405617779
273 0.602372173348
295 0.602181561076
317 0.602105258797
325 0.601417735679
311 0.601277412194
322 0.601195968957
312 0.601096743779
305 0.600609912404
380 0.600472543567
320 0.600303763581
316 0.600216331508
339 0.60008650817
329 0.599686163593
336 0.599669903539
346 0.599568636417
326 0.599169492394
382 0.599134813402
344 0.599044278655
385 0.598946970121
331 0.598866663878
341 0.598733503532
332 0.598727025634
333 0.598687027951
386 0.598516670542
319 0.598439803054
343 0.598363632593
328 0.598203836251
330 0.598123070663
355 0.598022935664
351 0.597291147488
354 0.597186930294
352 0.597164604596
362 0.597160002163
347 0.597088955043
350 0.596772419213
349 0.596515601034
365 0.596458899849
357 0.595947058318
367 0.595747380271
358 0.59571233293
356 0.595016829878
366 0.595008611642
371 0.59487883234
391 0.594667391234
369 0.594631404745
396 0.594618495982
359 0.594406693761
376 0.594044618319
401 0.593889189621
373 0.593787471842
394 0.59367048333
397 0.593653149575
379 0.593352760151
374 0.592972376911
377 0.592732067881
372 0.592657066859
378 0.592467483713
375 0.592392645918
411 0.592131413166
387 0.592122611011
384 0.592040722819
390 0.591665007634
405 0.591541769219
381 0.591463306164
389 0.590398184478
388 0.589910326038
392 0.589524477146
409 0.589494704442
404 0.589414737068
422 0.589238368543
383 0.589046350671
395 0.588947503659
399 0.588824156936
407 0.588782032229
393 0.588761854854
412 0.588761316481
419 0.588493866059
417 0.587995151496
403 0.587875975048
398 0.58762264911
415 0.587484515415
402 0.587171152327
413 0.587023152258
408 0.586732720085
414 0.586705477598
410 0.586704651134
420 0.586638494579
429 0.585936698058
406 0.585822546434
435 0.585501968685
400 0.585375625205
431 0.585066097999
433 0.584821021753
416 0.584635806598
421 0.584470942903
440 0.584255897665
432 0.583716628179
430 0.583499026802
448 0.583490425586
428 0.583396840402
425 0.583320770463
443 0.583286735603
441 0.583081962008
418 0.582293209239
424 0.582285160421
423 0.582249002331
437 0.582162383039
456 0.581943094432
426 0.581916861493
427 0.581755351424
439 0.581422104858
457 0.581416397397
442 0.581251922348
444 0.581227440305
434 0.581173050951
445 0.581107045787
450 0.580979830217
438 0.580756380415
447 0.580602229107
436 0.580550771706
454 0.580546018796
452 0.580219488349
449 0.580218589186
461 0.58021623864
451 0.58018369674
459 0.579997875351
466 0.579992809071
453 0.579910265131
446 0.579761084419
455 0.579523857063
476 0.579421232801
462 0.57933773757
458 0.579260653317
460 0.579250596313
470 0.579026283509
477 0.578808849746
469 0.578758435408
478 0.578613011624
472 0.578598473602
467 0.578508970076
464 0.578363145173
465 0.578332610769
463 0.578181702187
471 0.578167966025
473 0.57816094143
475 0.578094964597
468 0.577876091575
485 0.57761995359
486 0.577619060144
480 0.577446482357
474 0.577356253916
487 0.577139971682
494 0.577019125446
492 0.576882925756
488 0.576876774446
481 0.576739584375
490 0.576656823085
483 0.576560106346
479 0.576508554469
505 0.57634514288
491 0.576237130507
489 0.576166756315
493 0.576048032066
484 0.575980377073
482 0.57586875126
499 0.575845880909
509 0.575495494853
504 0.575392706938
496 0.5752144422
500 0.575188535426
497 0.575067908183
502 0.57492452707
506 0.574813054007
498 0.574733034574
501 0.57465558694
495 0.574608838995
507 0.574137838785
503 0.574013365634
515 0.573769242761
508 0.573446527205
514 0.573232053298
510 0.573121598337
512 0.572989213889
518 0.572926316451
528 0.572877548904
511 0.572811602012
522 0.572278742025
513 0.572222813923
517 0.572020061546
516 0.571871038549
523 0.571827282258
532 0.571577249788
519 0.571516014475
521 0.571485631801
525 0.571385712692
526 0.571266092011
524 0.57122466283
536 0.571142532124
529 0.571130265355
534 0.571114646868
535 0.571064601365
520 0.570998795163
531 0.570519888054
527 0.570100231143
530 0.570079619315
537 0.569533945349
533 0.569440429347
543 0.569325679436
538 0.568613203891
541 0.568521817252
540 0.568443996424
545 0.568436097271
542 0.568419730225
539 0.568387249835
544 0.568165378965
547 0.567999799979
554 0.567890247558
546 0.567801348255
548 0.567676075708
556 0.567547475673
551 0.567341384563
550 0.567226497117
549 0.566994602332
553 0.566892488146
552 0.566656598553
555 0.566603358915
557 0.566478607972
558 0.566319535824
559 0.56631695702
560 0.566133616204
561 0.565810394262
565 0.565690719111
563 0.565568101008
562 0.565425544705
564 0.565222554774
566 0.565177083341
570 0.565074721915
569 0.565020509818
577 0.564958064256
567 0.564859708274
571 0.56484352438
576 0.564708216402
573 0.564539138334
575 0.564498823361
572 0.564495568716
578 0.56448762924
574 0.564421603249
582 0.564390141436
580 0.564319858396
579 0.564239689345
586 0.56405701112
585 0.564033279135
568 0.56387793168
581 0.563791361654
589 0.563638909342
583 0.563636138782
584 0.563561232634
591 0.563489925
592 0.563473692579
599 0.563454037386
588 0.563401885412
606 0.563331957107
601 0.563306302702
590 0.563249002096
597 0.563144469284
595 0.563063726505
598 0.563054435474
587 0.563053602991
596 0.563029179636
593 0.562844555572
604 0.562707666053
605 0.562686366961
600 0.56260760479
608 0.562525122969
594 0.562497411961
609 0.562300221344
615 0.562217415928
617 0.562204640617
614 0.562094763919
611 0.562092624352
612 0.562080896025
603 0.562061925168
616 0.561978770329
602 0.56193555734
621 0.56191507518
626 0.561784825745
619 0.561749500352
629 0.56172258001
607 0.561722056928
627 0.561573957461
623 0.56145687417
613 0.561436567978
618 0.56125394749
622 0.56114896364
633 0.561097934761
634 0.561040633696
632 0.561029402989
610 0.561006230547
630 0.560961493186
631 0.56095924767
620 0.56093177052
624 0.560920779321
638 0.560718065746
628 0.560617296616
644 0.560481378482
642 0.560398326241
625 0.560389751018
635 0.560362083615
649 0.560135459807
641 0.560129679474
646 0.559975482873
650 0.55987365871
647 0.559818386365
636 0.559737380573
640 0.559699421773
637 0.559647601731
653 0.559603124859
643 0.559553875184
639 0.559545675136
648 0.559521497242
656 0.55945185513
652 0.559400417143
645 0.559379753076
659 0.559345151268
651 0.559278334052
660 0.559206567226
654 0.559092477895
655 0.559061648481
658 0.558996691699
661 0.558957102873
664 0.558881259243
663 0.558690736982
665 0.558625629835
662 0.558565951248
657 0.558416010406
667 0.558290943772
670 0.558250358957
676 0.558190390709
668 0.558113714159
669 0.558099847715
666 0.558096456806
675 0.558044166384
673 0.55796903176
672 0.557602597006
671 0.55749407167
677 0.557490157818
679 0.557386230126
684 0.557327994624
678 0.557321991339
682 0.557004354451
686 0.55693322123
674 0.556902136843
683 0.556886871974
680 0.556823797615
687 0.556536039918
696 0.556444761107
681 0.556422870233
689 0.556325214376
693 0.556299500227
688 0.556276578819
704 0.556228213715
685 0.556164656325
697 0.556137986966
692 0.55592934889
695 0.555866396577
709 0.555799660298
705 0.555789576796
702 0.555770248291
690 0.555684773584
706 0.555643647815
691 0.55558267907
703 0.555558987378
717 0.555466457028
700 0.555418996766
698 0.55535569423
707 0.55531711745
694 0.555285975175
710 0.555281801429
711 0.555275325595
714 0.555269104886
713 0.555247807947
708 0.555245030217
701 0.555095021284
712 0.555070738266
699 0.554986943258
715 0.554894267269
716 0.554393405674
724 0.554344767902
719 0.554344523017
718 0.554337314285
720 0.554270872768
721 0.554074099753
723 0.554002495537
729 0.553951234188
727 0.553948494595
731 0.553906208231
725 0.553905098097
722 0.553872521159
730 0.55383190962
733 0.553779078212
738 0.553742976462
732 0.553689736616
735 0.553676724663
741 0.553619199079
742 0.55360531036
739 0.553584377107
737 0.553554884657
728 0.553498672044
726 0.553490048112
734 0.55330855982
736 0.553228916095
740 0.553162698343
744 0.553080442959
746 0.552924891751
749 0.552846127967
753 0.552802619051
743 0.552782205017
747 0.552700358826
750 0.552692742436
745 0.552687451196
752 0.552564609792
756 0.552484974017
754 0.552472098171
748 0.552471071652
751 0.552433572968
755 0.552336728291
759 0.552273449462
763 0.552266867334
761 0.552194244979
757 0.552147353778
764 0.552090120387
758 0.552013773241
765 0.551913240512
760 0.551886669367
762 0.551879300463
767 0.55186337095
768 0.551740534413
772 0.551554943216
773 0.55148848345
778 0.551438105708
766 0.551429786819
770 0.55132606048
775 0.551321084814
771 0.551316808361
769 0.551315461523
779 0.551243853015
776 0.551108100176
777 0.55094913114
795 0.550910931409
780 0.550828785337
774 0.550699337498
783 0.550690987479
801 0.550628004946
782 0.550613300357
799 0.550586395407
790 0.550539069204
787 0.550528471444
789 0.550491572492
786 0.550485609105
793 0.550479964626
811 0.550460379852
797 0.550445440849
796 0.550426358927
813 0.550419850169
807 0.550399732855
804 0.550380046119
792 0.550326451857
785 0.550316824297
794 0.550267651744
784 0.550259459052
781 0.55022998412
816 0.55019776313
830 0.550158646653
818 0.550121406174
791 0.550108188973
788 0.550100998196
815 0.549972723005
814 0.549958909299
819 0.549930665274
803 0.54992211505
798 0.549878941761
839 0.549848418473
826 0.5498440141
805 0.549840173306
827 0.549827123262
829 0.549814338045
806 0.54981374637
809 0.549799868566
812 0.549781029314
834 0.549749988118
825 0.549719964483
842 0.549715090784
828 0.549659837035
844 0.549649988974
800 0.549644879142
823 0.549620807467
802 0.549618994673
822 0.549579412599
824 0.549568043734
835 0.549552558577
840 0.549540181156
808 0.549495106391
810 0.54947408284
821 0.549465029755
831 0.549384221932
832 0.549380299338
820 0.54932547403
838 0.54929793244
817 0.549293120611
843 0.549223971852
833 0.549207771865
847 0.549118353715
836 0.549096826713
841 0.548976930377
846 0.548921783478
848 0.548897090467
837 0.548797592927
845 0.548715389683
849 0.546468654436
227 0.374740259921
226 0.230382952126
850 0.20851599189
851 0.168868208796
225 0.140271557359
852 0.120927479981
854 0.0640410715752
856 0.0533931079013
858 0.0530998909874
864 0.0523403454338
857 0.0520508319484
866 0.0518753623105
861 0.0517731896062
862 0.0514556719368
865 0.0514090347999
867 0.0509489518126
869 0.050222787365
870 0.0499768259799
868 0.0499147814852
872 0.0498758026801
874 0.049416675991
876 0.0483317858739
883 0.0453084067042
886 0.0451039459905
890 0.0450776136977
888 0.0442588226908
896 0.0437974291384
898 0.0429381351317
895 0.042878842937
894 0.0428714985991
904 0.0416177707978
903 0.0414882224787
907 0.0410652456368
911 0.040028363669
915 0.0397408822199
917 0.0397264321605
919 0.0396935718518
923 0.0389862537116
924 0.0388735800838
925 0.0388375853299
922 0.0388251135824
926 0.038369840908
216 0.0381478433528
930 0.0377714175588
933 0.0375804847835
218 0.0375204421835
936 0.0374672871026
219 0.0374005397096
214 0.0373944721795
934 0.0373415702219
221 0.0372604068995
938 0.0371316460562
945 0.0371262823803
943 0.0370945411935
944 0.0370945368211
947 0.0368611587143
953 0.0363432069849
211 0.0363037337113
954 0.0361199548848
956 0.0360403817814
205 0.03599097482
206 0.0359905303675
204 0.0359779016555
951 0.0359416395754
201 0.0357286617881
207 0.0356861161018
208 0.035575384574
961 0.0354207881116
197 0.0352638034853
200 0.0351986827302
962 0.0351652537796
198 0.03507238009
968 0.0348909564236
853 0.0348796703793
192 0.0347310853968
187 0.03472961097
193 0.0346172964509
973 0.0344598560913
183 0.034449269686
974 0.0344269928102
180 0.0343218738612
184 0.0341814754226
181 0.0341343614191
978 0.0341316136475
172 0.0340103184253
177 0.0339587949049
979 0.0339454632472
171 0.0339338386667
175 0.0339053166844
982 0.0338152705409
981 0.033808910553
985 0.0338053732688
984 0.0337024810793
168 0.0337009229399
988 0.0336024521526
987 0.0335909019917
989 0.0335770444683
990 0.033476273418
162 0.0333452915247
161 0.0333107451232
160 0.0332766995932
992 0.0332758199671
996 0.0332665829453
995 0.0330799996739
156 0.0330219257053
154 0.0330136117131
1002 0.0329636887978
1008 0.032938589773
1011 0.0328994848731
1004 0.0328813005887
1013 0.0328763336348
165 0.0328496126669
1006 0.0328373644484
1009 0.0328272235895
1015 0.0328238577762
1010 0.0327542822398
1016 0.0326964702275
145 0.03267646397
1017 0.0326356407336
1019 0.0326239190156
1020 0.0326162797254
158 0.0326078709771
1022 0.0325895672858
151 0.0325041214994
1026 0.0324955606482
1027 0.0324803286722
1029 0.0324765020761
1024 0.0324631714819
1025 0.0324579630682
1031 0.0324526192411
1035 0.0324480041327
155 0.0324472149486
1032 0.0324295367963
146 0.0324234745338
144 0.0323880159941
157 0.0323864935799
1037 0.0323612707738
153 0.0323576781391
1040 0.0323507736455
1043 0.0323476822847
150 0.0323401172167
1045 0.032327533373
1048 0.0323183976389
1039 0.0323158787473
1041 0.0323126666794
1054 0.0322882995118
1049 0.0322838092854
1050 0.0322838092854
1051 0.032243586226
1062 0.0322172963382
1060 0.0322123290791
1055 0.0322111188944
1057 0.0321912338914
1061 0.0321861543474
148 0.0321815435843
1063 0.0321657601141
1067 0.0321519349113
147 0.0321368273163
1068 0.0321318112634
139 0.0321160800845
1084 0.0321007631373
1073 0.0320960091594
1074 0.0320894744697
1080 0.0320711534674
1085 0.0320131607066
142 0.0319640880872
1087 0.0319357528608
141 0.0318502336584
137 0.0314609565843
131 0.0312800457164
130 0.0311954367385
128 0.0310224899393
129 0.0308182971285
127 0.0308007914082
126 0.0305005217023
118 0.0303907481055
122 0.0303485230482
121 0.0303197259557
117 0.0300250744219
116 0.0300245710187
113 0.0300222828197
109 0.0299931177186
112 0.0299142685199
111 0.0298614142211
108 0.0298283637108
107 0.0297818875016
105 0.0297118388638
104 0.0296621220774
106 0.0296431313531
101 0.0295568086599
100 0.0294815742014
97 0.0293868367677
98 0.0293660188544
95 0.0292677374401
90 0.0291286462507
87 0.0288383857377
84 0.0288076142903
82 0.0287163550119
79 0.02864853941
81 0.0286134678565
76 0.0286034804844
72 0.028371192494
69 0.0282570956342
73 0.028251130223
71 0.0281850419905
70 0.0281768086935
67 0.0281432711604
62 0.0280686323594
61 0.0280402857994
57 0.0280100756517
58 0.027966625355
59 0.0279624612053
55 0.0278833864741
54 0.0277797954559
50 0.02760446246
49 0.0276033412131
51 0.0275661268674
47 0.0273299153088
46 0.0272888451006
44 0.027275158359
43 0.027270960709
35 0.027263430253
42 0.0272592854673
34 0.0272550467484
37 0.0272506710517
13 0.027250397426
32 0.0272441168174
31 0.0272436985865
40 0.0272425226493
33 0.0272234124177
6 0.0272184568548
30 0.0272087753579
27 0.0271888764323
28 0.0271720803951
24 0.0271705991134
25 0.0271672688643
22 0.0271567871926
21 0.0271552199955
15 0.0271423856408
16 0.02714113967
12 0.0271345708694
4 0.0270791829592
0 0.0270256747884
220 0.0149632836959
217 0.0148879761229
222 0.0147364607772
223 0.0146635771624
224 0.0146581383614
212 0.0145822482224
213 0.0143309926281
215 0.0142975383019
210 0.0142947558668
209 0.0141144904869
203 0.0140680835307
202 0.0139839485452
199 0.01395076245
194 0.0139450995563
196 0.0139158789999
189 0.0138923346762
195 0.0138893278209
191 0.0138528546264
190 0.0138493343454
188 0.0138379668462
186 0.0138028212704
185 0.0137989080492
182 0.0137679394717
178 0.0137646023657
179 0.0137320981901
173 0.0137196715358
174 0.0137175607062
176 0.0137057045988
170 0.0136445753964
166 0.0135981411087
167 0.0135933567889
169 0.0135892724084
164 0.0135467347959
163 0.0135237252403
159 0.013435731584
152 0.0132999696117
149 0.0132349262488
143 0.0130265398795
138 0.0128972047672
140 0.0128302834866
135 0.0127757359522
136 0.0127485026381
134 0.0127114844249
132 0.0125998214094
133 0.0125998214094
125 0.0124362094923
119 0.0123663949648
123 0.0123607653795
120 0.0122960779332
124 0.0122272364835
115 0.0121896462814
114 0.0121612729055
110 0.0119829768313
103 0.0119296849023
99 0.01187683396
96 0.0118209745528
102 0.0118176751319
94 0.0118166588874
93 0.0118097468907
91 0.0118074753699
92 0.0118044518128
89 0.011724195855
88 0.0117238240937
83 0.0117198585499
85 0.0117140890286
86 0.0117053086231
80 0.0116572967121
77 0.0116561438396
78 0.0116549119669
75 0.0116035316142
74 0.0115988875911
68 0.0115530847659
66 0.0115503703603
65 0.011545887761
64 0.0115458682792
63 0.0115315807731
60 0.0115046925335
56 0.0114788237738
53 0.0114214363459
52 0.0113909763912
48 0.0113076641618
41 0.0112303153215
45 0.0112065791544
38 0.0111950539206
36 0.0111950495775
39 0.011157948955
26 0.011157296264
23 0.011142437675
18 0.0111369757936
29 0.0111349756202
19 0.0111239299716
14 0.0111214669833
20 0.0111210138571
17 0.0111191350977
11 0.0111011282819
8 0.0110807749655
10 0.0110801894506
9 0.0110696195652
7 0.0110487671131
5 0.0109016696204
1 0.0107079211622
2 0.0107046302614
3 0.0106947069174
859 0.00969120752504
860 0.00952285263715
863 0.0091528052686
855 0.00897254163711
873 0.00801350294042
877 0.00789792964556
871 0.00778742671121
875 0.00777174142431
880 0.00755358197703
879 0.00752082149151
878 0.00745821287045
887 0.00742902315464
882 0.00740890157211
881 0.00739932724715
885 0.00738853580957
889 0.00738116785966
884 0.00734986617031
891 0.00732020462335
892 0.00723569432037
900 0.00723322231025
897 0.00720909488337
893 0.00720253786836
899 0.00717814394535
901 0.00713492669317
902 0.00711827601045
906 0.00702542508927
905 0.00702095552861
908 0.0070070858085
909 0.0070070858085
912 0.00696316635463
913 0.00695349219636
910 0.00695044665963
916 0.00693693072834
918 0.00689760852259
914 0.00688910549002
920 0.00680494821332
921 0.00672540333858
928 0.00660244530308
929 0.00659303780271
927 0.00658652076609
932 0.00657623297219
931 0.00657038221335
935 0.00655563796293
937 0.0065550238868
940 0.00652257659324
939 0.00652139947168
942 0.0065164220151
941 0.00650961320139
946 0.00649760987664
948 0.00648372198118
950 0.00648187049531
949 0.00648143197939
952 0.00645753689188
955 0.00645121711295
957 0.00644526939108
958 0.00643687229241
959 0.00643510806763
960 0.00642542861145
963 0.00640303325077
964 0.00640303286131
967 0.00638825754021
965 0.0063875167867
966 0.006383035278
969 0.00636301286718
970 0.00635661490779
972 0.00635523926027
971 0.00635150800067
976 0.00633708147935
975 0.00633459431586
977 0.00632764602227
980 0.00625472801333
986 0.0062494238972
983 0.00623932174021
994 0.00619006099655
991 0.0061899621215
993 0.00616542743484
997 0.00614612983173
998 0.00613945349879
1000 0.00613215867613
999 0.00612718318751
1001 0.00611544159123
1005 0.0061086816606
1003 0.00610800018242
1007 0.00609577706259
1012 0.00608423075729
1014 0.00607536250578
1018 0.00606476807423
1021 0.00605224543309
1023 0.00605144271272
1028 0.00602929178589
1030 0.00600045079483
1034 0.00599396658706
1042 0.00598704060268
1036 0.00598434915081
1033 0.00597469122817
1044 0.00596087961163
1046 0.00595862165982
1038 0.00595769313192
1047 0.00594987991847
1059 0.00594080962532
1053 0.00593861942386
1052 0.00593425793283
1058 0.00591436447266
1056 0.00590821890298
1064 0.00589329863797
1065 0.00589312190988
1066 0.00588476872285
1069 0.00587302763574
1072 0.00587016656971
1070 0.00586970441456
1077 0.00586961029062
1071 0.00586478096087
1075 0.00586302459907
1078 0.0058604890369
1076 0.00585943594682
1081 0.00585889625823
1082 0.00585411528734
1079 0.00585375471405
1088 0.00585247746561
1083 0.00584981876351
1086 0.00584540340918
