35 1.0
13 0.960433083097
6 0.960249091501
27 0.960153998716
25 0.959353060329
30 0.959318318875
34 0.959188998668
0 0.958830651702
33 0.95880866769
4 0.958645791758
16 0.958643287556
15 0.958573985898
22 0.958255063561
31 0.958174242309
12 0.958160086731
44 0.958141253725
24 0.958127351611
40 0.957948574503
46 0.957442187434
21 0.956499050929
28 0.956119121501
32 0.955202924364
43 0.954912153258
37 0.954865355783
42 0.954667340829
47 0.954001381974
51 0.952248291223
49 0.951357869827
50 0.951346235693
54 0.948179317087
55 0.945990615259
58 0.944694003872
59 0.943994409146
62 0.943354439646
57 0.943202335107
61 0.942869912221
67 0.941923651783
70 0.941713922241
71 0.941606942724
73 0.940237545639
69 0.939986623328
72 0.939388215073
81 0.936356772539
76 0.935976518407
79 0.935636421412
82 0.934906837949
84 0.934067085547
87 0.933484723667
90 0.93095967783
95 0.929605700263
98 0.928224983172
97 0.927934360677
100 0.927698095663
101 0.926751568498
106 0.925753449696
104 0.925453503787
105 0.925027029074
107 0.924577519637
108 0.924314413937
111 0.923927358488
112 0.923660631972
109 0.923502409982
113 0.922841176179
116 0.922807279856
117 0.922801448477
118 0.921121965907
121 0.920868433284
122 0.920683152579
126 0.920367516321
127 0.918049654888
129 0.917958770974
128 0.91678725641
130 0.916075273903
131 0.915355484496
137 0.914384280668
141 0.912714893675
142 0.911921032172
139 0.911443845639
147 0.911139027142
148 0.910957490862
150 0.910562417203
153 0.910301566958
157 0.910215190173
155 0.910183336483
144 0.910183225028
146 0.910030874264
151 0.909744576636
145 0.909410284782
158 0.909378483336
165 0.908778546846
154 0.908121182908
156 0.90809925345
160 0.907265260158
161 0.907143404434
162 0.907044454673
168 0.906104354748
175 0.905584812418
171 0.905399760258
177 0.905311072168
172 0.905156215265
181 0.904843295199
184 0.904733433704
180 0.904328024928
183 0.904095072535
193 0.903701457622
192 0.903617911482
187 0.903455380241
198 0.902725486608
200 0.902471948242
197 0.902409169322
208 0.901739316311
201 0.901665131645
207 0.901615442355
204 0.901185792716
206 0.901146693696
205 0.901048708418
211 0.900430712363
221 0.898817954893
214 0.898707745615
219 0.898617606716
218 0.898470573078
216 0.897432039801
225 0.736697261963
226 0.595085973445
227 0.368373615952
232 0.00809942211579
239 0.00776353011614
242 0.00762106891285
234 0.00752886311154
231 0.00734250645671
255 0.00695359374335
249 0.00681255579221
244 0.00672225196961
268 0.00654604187857
246 0.00650365494188
236 0.00644787705813
259 0.00628755953599
282 0.00627641052646
238 0.0062600175922
302 0.00600137236983
240 0.00598895793462
253 0.00594519601342
283 0.00593587962616
237 0.00592803115845
256 0.0059267128622
293 0.00592626304131
262 0.0059234767337
258 0.00592117845185
264 0.00589805482634
267 0.00589697503322
257 0.00589324990995
260 0.00588906579412
241 0.00587128416681
235 0.00587115789236
306 0.00587113758114
229 0.00586969920591
233 0.00586749119061
301 0.00586672173895
285 0.00586452427227
243 0.00586282585246
248 0.00585971033611
251 0.00585789296095
320 0.00585239918669
304 0.00584059881685
263 0.00583814006662
327 0.00583703287251
266 0.00583111595408
288 0.00582710104648
252 0.00582578950728
279 0.00582249318417
245 0.0058105204137
278 0.00580907489857
274 0.00580865480688
272 0.0058048372955
287 0.00580272179557
291 0.00579971297875
286 0.00579921385508
254 0.00579482129751
273 0.00578923777288
281 0.00578852045145
271 0.00578839960436
270 0.00578656829079
269 0.00577825406528
292 0.00577704563065
247 0.00577328224439
296 0.00576662702742
341 0.00576425840271
275 0.00576177733005
284 0.00575820416855
228 0.0057571410523
261 0.00575196015471
289 0.00573910879459
309 0.00573909543599
280 0.00573794898173
305 0.00573640398361
299 0.00573528519474
277 0.00573378992806
230 0.0057334881394
324 0.0057321952772
250 0.00573114716433
315 0.00572974382553
265 0.00572965489625
276 0.00571944212418
295 0.00571072337044
303 0.00570710126829
346 0.00569857107759
316 0.00569505536744
294 0.00569381074791
307 0.00569110602997
314 0.00568796562339
317 0.00568388297029
290 0.0056665610724
298 0.00566585069261
318 0.00565707013225
300 0.00565262207687
297 0.00564909189123
308 0.00564513708353
312 0.00563914500702
325 0.00563668434791
311 0.00563006091001
332 0.00562272023999
319 0.00561948627925
333 0.0056159777366
313 0.00560797441762
330 0.00559591488208
322 0.00559563814029
310 0.00559329150062
323 0.00558656372158
321 0.00558353794289
336 0.00558297625153
329 0.00558245400581
350 0.00557508297903
343 0.00557309699126
335 0.00557201225328
334 0.00556908027734
355 0.0055686189969
328 0.00556542725934
326 0.00556164381937
331 0.00555005048937
344 0.00554966665657
349 0.00554934787409
338 0.00554805693755
337 0.00554062917587
340 0.00554018011908
354 0.00553778220626
345 0.00551396874342
347 0.00550883178994
348 0.00550652776281
339 0.00550522467356
356 0.00550315169055
342 0.00549984014568
368 0.00549314254175
369 0.00549269559885
353 0.00548357213876
351 0.0054831650007
358 0.00546901960778
367 0.00546849840813
357 0.00546447659458
359 0.00546242112633
352 0.00545606921111
360 0.00545345842773
361 0.0054526552501
371 0.00544894269257
365 0.00544495447767
362 0.00543899270665
366 0.00543694016356
372 0.00543682926488
370 0.00543527266581
363 0.00543478707817
375 0.00543471096858
377 0.00543290221283
364 0.00543031579264
378 0.00542526493769
387 0.00541980969826
380 0.0054078036129
374 0.00540550675675
373 0.00539227174615
382 0.00538842402473
379 0.00538829343912
385 0.00538618987319
388 0.00538223901948
376 0.00538023488116
386 0.00537921152797
381 0.00537470564645
384 0.00537098684346
392 0.00535323209275
396 0.00533303743095
397 0.00532938227115
390 0.00532408203828
401 0.005321126206
391 0.0053202733092
389 0.00531740373397
394 0.00531549768089
383 0.00531186954189
398 0.00529510936998
399 0.00529140221865
404 0.00528721775793
395 0.00528612529984
413 0.00528131920191
417 0.00527890565335
403 0.0052773923073
408 0.00527651914303
393 0.00527441823925
402 0.00527411017917
405 0.00526962261393
411 0.00526901062241
407 0.00526816761537
412 0.00526777623477
415 0.00525630707695
414 0.00525259905914
422 0.00525122692527
400 0.00524968086139
420 0.00524806406101
410 0.00524600394812
406 0.005244681894
409 0.00524186076098
421 0.00522497192325
419 0.00522477457632
416 0.00521946686263
432 0.00521684663166
431 0.0052122576308
440 0.00520771869399
418 0.00520006475223
428 0.00519978812675
426 0.00519728374066
423 0.00519703442799
443 0.0051906271931
429 0.00519022382092
437 0.00518872446963
441 0.00518739149858
435 0.00518656158898
430 0.00518091787879
433 0.0051779953171
425 0.00517594587967
434 0.00517489518795
424 0.00517374127488
427 0.00515657956929
438 0.00515311588174
448 0.00515292239195
450 0.00515208784325
439 0.00514903890714
436 0.0051409749826
444 0.00513996828207
442 0.00513989709795
445 0.00513872813572
449 0.00513812462725
457 0.00513139414836
456 0.00512891801254
459 0.0051274327125
452 0.00512651775777
451 0.00512628121169
454 0.00512606563631
447 0.00512524621327
446 0.00512511302471
453 0.00511841931097
461 0.00511616031347
462 0.0051092885292
466 0.00510696336057
455 0.00510479499532
460 0.00510447680748
458 0.00510408495143
470 0.00510132506862
463 0.00509991206427
472 0.00509172590285
469 0.0050910974667
464 0.00508716085667
471 0.00508636770675
478 0.00508608925569
476 0.00508531915122
468 0.00508509269283
465 0.00508502851139
467 0.00508496304982
477 0.00508419770108
475 0.0050773315974
474 0.00506827558832
480 0.00506732064739
481 0.00506512340373
473 0.00506438478596
485 0.00506181650761
486 0.00506179955039
491 0.00505736232097
490 0.00505478800452
494 0.00505189511601
492 0.00505091413037
484 0.00504989142042
483 0.00504715355272
482 0.00504404596216
487 0.00504308479797
489 0.00504298317394
493 0.00504072537322
488 0.00504064747387
505 0.00503983769698
479 0.00503379942496
499 0.00503252537629
502 0.00502559720667
498 0.0050242513864
504 0.00502391853675
500 0.00502342095605
501 0.00502014548543
496 0.00501907436691
509 0.00501440677809
507 0.00500523081867
497 0.0050041000246
506 0.00500228072154
495 0.00499919875061
503 0.00499338308176
508 0.00498869668953
515 0.00498861213747
510 0.00498432286874
514 0.00498331241208
512 0.0049828252193
511 0.00497530742256
518 0.00497417613256
528 0.00497231163472
513 0.00496486422843
522 0.00496055614361
517 0.00495908467707
523 0.00495710910287
516 0.00495686163892
521 0.00495682595197
532 0.00495113753956
525 0.00494551564081
529 0.00494329542138
526 0.00494265222316
534 0.00494208944382
535 0.00494107983339
536 0.00493973143082
520 0.00493827998011
524 0.00493452911547
519 0.00493308413732
531 0.00492998720472
527 0.00492513272913
530 0.004913597963
537 0.00490929205166
533 0.004904019636
543 0.00489942725867
538 0.00489667623763
541 0.00488953241449
545 0.00488763769677
542 0.00488749835556
539 0.00488345910875
540 0.00488309920036
547 0.00488111119761
544 0.0048780487415
554 0.00487723510495
546 0.00487685238042
556 0.00486951452123
548 0.0048691320057
551 0.00486521782511
549 0.00486221704008
550 0.00486017659645
553 0.00485448438549
555 0.00485128986135
557 0.00485076448134
552 0.00484975093443
558 0.00484814152761
560 0.00484492436105
559 0.00484326541708
561 0.00483784422336
565 0.00483502247527
562 0.00483070145864
563 0.00482953171529
564 0.00482643370379
566 0.00482577982678
570 0.00482227554689
569 0.00482123227254
577 0.00481759519567
567 0.00481540453022
571 0.00481500970926
573 0.00481325180216
576 0.00481287703201
572 0.00481200500474
575 0.00481169519635
578 0.00481116778237
582 0.00480883319259
579 0.00480714224023
580 0.00480540086561
574 0.00480515480626
586 0.00480384716911
568 0.00480189935302
585 0.00480000075876
581 0.00479917686658
589 0.00479553956897
583 0.00479519243162
584 0.0047938578838
592 0.00479130158972
599 0.00479089968563
591 0.00479024080985
606 0.0047885159359
588 0.00478799665845
590 0.00478704432192
601 0.00478621315367
597 0.00478599087247
595 0.00478404517109
587 0.00478315459418
596 0.00478312571228
598 0.00478150785706
593 0.00477984537489
604 0.00477706419154
605 0.004776731737
600 0.00477520381601
608 0.00477363881274
594 0.00477239864627
609 0.00476902010052
617 0.00476739554888
615 0.00476738612215
614 0.00476559478312
603 0.00476369670136
611 0.00476312022484
616 0.00476289405182
612 0.00476254926966
621 0.00476088731411
602 0.00475967864495
626 0.00475928307909
629 0.00475780598366
607 0.00475748544142
619 0.00475673336962
627 0.00475398613105
623 0.00475339360946
613 0.00475119779431
618 0.00474906017509
622 0.00474742387926
633 0.00474472371761
634 0.0047444497444
630 0.00474402416238
631 0.0047439750872
610 0.00474349598568
620 0.00474334628831
632 0.00474281151297
624 0.0047424429873
638 0.00473802134119
628 0.00473503937155
644 0.00473302337652
642 0.00473239305219
625 0.00473220611774
635 0.0047316643103
649 0.00472770053416
641 0.00472749490228
646 0.00472502104963
647 0.0047214766378
650 0.0047214159889
636 0.00471930818894
637 0.00471789324776
640 0.00471776736089
653 0.00471688072578
639 0.00471591947623
648 0.00471563241426
643 0.00471558664964
656 0.00471381369633
645 0.00471282787534
652 0.00471272156801
659 0.00471139408164
651 0.00471093756732
660 0.00471019192766
654 0.00470759195886
655 0.00470669954205
661 0.00470518446041
658 0.00470476525916
664 0.00470280914121
663 0.00469927124412
665 0.00469864758563
662 0.00469725128035
657 0.00469416006267
667 0.00469279311548
670 0.0046913112382
676 0.00468973426212
668 0.00468918919779
669 0.00468815913291
666 0.0046876468209
675 0.00468757262142
673 0.0046864893115
672 0.00467917175026
671 0.00467695440457
677 0.00467669717758
679 0.00467475473498
678 0.00467377323565
684 0.00467372333508
682 0.00466811513636
686 0.00466660861909
683 0.00466595471073
674 0.00466587762978
680 0.00466438849151
687 0.00465947856445
696 0.00465718807126
681 0.00465656518466
689 0.0046551686056
693 0.00465468753822
688 0.00465403653396
704 0.00465315419905
685 0.00465219474126
697 0.00465176576905
692 0.00464761426879
695 0.00464642838961
709 0.00464529065905
705 0.00464481984361
702 0.00464462584771
690 0.0046428360969
706 0.00464225634251
691 0.00464085393933
703 0.0046406680964
717 0.0046395437823
700 0.00463805854349
698 0.00463688691164
707 0.00463613569865
710 0.00463592291686
694 0.00463545790507
714 0.00463544875828
711 0.0046354152998
713 0.00463524826236
708 0.00463477859126
701 0.00463184288381
712 0.00463164236833
699 0.00462992746093
715 0.00462836458125
716 0.00461932892875
724 0.00461824165554
719 0.00461811984551
718 0.00461780320161
720 0.00461674905971
721 0.00461344971764
723 0.00461155175198
727 0.00461144824694
729 0.00461116875893
731 0.00461015388578
725 0.00461006277535
722 0.00460947908492
730 0.00460933559747
733 0.00460783599893
738 0.00460779514951
735 0.00460610065218
732 0.00460601221969
741 0.00460546889552
742 0.0046048413649
739 0.00460384080577
737 0.00460353812947
728 0.00460212268193
726 0.00460194200914
734 0.00459867283767
736 0.00459719146179
740 0.00459597764881
744 0.00459460016
746 0.00459340134565
749 0.00459042679106
750 0.00458936143753
753 0.00458931327493
743 0.00458909461278
747 0.00458829054709
745 0.00458752571022
752 0.0045856188914
754 0.00458481244572
756 0.00458359115527
748 0.00458345171546
751 0.00458293292361
755 0.00458232007403
763 0.00458086306664
759 0.00457982535709
761 0.00457884864656
757 0.00457744004982
764 0.00457634429922
758 0.00457488640435
762 0.00457397864591
765 0.00457338690948
767 0.00457300178792
760 0.00457259163411
768 0.00457034845542
766 0.0045673666554
772 0.00456678340659
773 0.00456633158215
778 0.0045659396979
775 0.00456393410246
770 0.00456277696979
776 0.00456233734551
771 0.0045621633868
769 0.00456211961629
779 0.00456151628916
780 0.00455611910197
795 0.00455602286395
777 0.00455585850882
783 0.00455418389518
774 0.00455344649235
782 0.00455191654757
801 0.00455021411468
799 0.0045500547835
787 0.00454907329603
792 0.00454858774456
786 0.00454855219284
790 0.004548075453
789 0.00454777951286
784 0.00454776604509
793 0.00454758374014
811 0.00454740684016
804 0.00454733040233
797 0.00454721053973
813 0.00454669391941
807 0.0045463082644
796 0.00454616476662
781 0.00454479233303
785 0.0045444929468
830 0.00454407384834
791 0.00454362781092
794 0.00454314412609
816 0.00454258914364
805 0.00454225725552
798 0.00454208210709
818 0.00454137424123
829 0.00454136263934
788 0.00454132739168
812 0.00454012694941
839 0.00453999267829
815 0.00453775026635
814 0.00453764460258
834 0.00453726059726
828 0.00453704933956
819 0.00453703346388
803 0.00453684470628
842 0.00453646428135
825 0.00453583372479
823 0.00453557183998
826 0.00453554902529
820 0.00453529062286
827 0.00453525316255
822 0.00453514825361
806 0.00453506877267
809 0.00453481405953
844 0.00453418698073
847 0.00453388267475
808 0.00453281051338
817 0.00453265792817
810 0.00453259418448
821 0.0045325574858
800 0.00453250273587
843 0.00453237487185
836 0.00453236312792
833 0.00453230310947
802 0.00453202698644
835 0.00453198768932
840 0.00453185025816
824 0.00453158062691
838 0.00452931294549
831 0.00452845714643
832 0.00452838399974
846 0.00452767351466
848 0.00452710630792
841 0.00452510537336
837 0.00452391465103
845 0.00452262621447
849 0.00450956772765
850 0.00164685986521
851 0.00131301535009
852 0.000906421482975
854 0.000426643403653
856 0.000336696287866
858 0.000334222289074
864 0.000327986839891
857 0.000325453145263
866 0.000324085997844
861 0.000323085057272
862 0.000320483502779
865 0.000320033667001
867 0.000316192364722
869 0.00031016603677
870 0.000308199743273
868 0.000307594991973
872 0.000307361735783
874 0.000303487950805
876 0.00029459005943
853 0.000269682507591
883 0.000269594031918
886 0.000267966841124
890 0.000267707624751
888 0.000261023306782
896 0.000257209030847
898 0.000250168664498
895 0.000249688510495
894 0.000249607320327
904 0.000239363335454
903 0.000238281644657
907 0.000234826893053
911 0.000226361321646
915 0.000224027264491
917 0.000223915486035
919 0.000223663514342
923 0.000217888590676
924 0.000216976350013
925 0.000216679469475
922 0.000216617412404
926 0.000212897326302
930 0.000208059085175
933 0.000206527039861
936 0.000205611658386
934 0.000204600064564
938 0.000202908060677
945 0.000202847961519
943 0.000202593697815
944 0.000202593660851
947 0.000200724700195
953 0.000196562899139
954 0.00019477726522
956 0.000194139006323
951 0.000193353510204
961 0.000189165733141
962 0.000187118050499
968 0.000184923358509
973 0.000181474111468
974 0.000181216879756
978 0.000178850393295
979 0.000177366771388
982 0.00017632303326
981 0.000176275586829
985 0.000176244646703
984 0.000175426968534
988 0.000174624081242
987 0.000174532550208
989 0.000174419555345
990 0.000173620405879
992 0.000172021907403
996 0.000171945621836
995 0.000170463366068
1002 0.00016953631495
1008 0.000169335734283
1011 0.000169024456082
1004 0.000168881591517
1013 0.000168840331307
1006 0.00016853293812
1009 0.000168451854961
1015 0.000168422849659
1010 0.000167872301161
1016 0.000167410243886
1017 0.000166927245202
1019 0.000166834581719
1020 0.000166773170804
1022 0.000166561785085
1026 0.000165815446033
1027 0.000165694403267
1029 0.000165663973964
1024 0.00016555802309
1025 0.000165516659017
1031 0.000165474417326
1035 0.000165437242483
1032 0.000165290522713
1037 0.000164749201592
1040 0.000164665803314
1043 0.000164642274338
1045 0.00016448160109
1048 0.000164409251711
1039 0.000164389195645
1041 0.000164363795866
1054 0.000164170454007
1049 0.000164135104004
1050 0.000164135104004
1051 0.000163816346775
1062 0.000163608742487
1060 0.000163568821918
1055 0.000163559700393
1057 0.000163402114083
1061 0.000163361871317
1063 0.000163200076145
1067 0.000163090601485
1068 0.00016293170907
1084 0.000162686142568
1073 0.000162648510876
1074 0.000162596841518
1080 0.000162452048037
1085 0.000161993639311
1087 0.00016138188461
220 0.000100686013712
217 9.99606530431e-05
222 9.84957779555e-05
223 9.79522018121e-05
224 9.77465852884e-05
212 9.70008560304e-05
213 9.46492109658e-05
210 9.42932804927e-05
215 9.42796769656e-05
209 9.25434012681e-05
203 9.20606629633e-05
202 9.12723016208e-05
199 9.09368048263e-05
194 9.09017625881e-05
196 9.06028646725e-05
189 9.03875199847e-05
195 9.03312207451e-05
191 9.00065031055e-05
190 8.99597117201e-05
188 8.98651724109e-05
186 8.95198430054e-05
185 8.94832117948e-05
182 8.91876849834e-05
178 8.91536759948e-05
179 8.8837847533e-05
173 8.87285035634e-05
174 8.87085706964e-05
176 8.86003339392e-05
170 8.80207088314e-05
166 8.75932706862e-05
167 8.75397330678e-05
169 8.74994491752e-05
164 8.7096840399e-05
163 8.68937810731e-05
159 8.60621678849e-05
152 8.47986704966e-05
149 8.4197698811e-05
143 8.22460395576e-05
138 8.10408947369e-05
140 8.04172139032e-05
135 7.99125352754e-05
136 7.9656868285e-05
134 7.93154202111e-05
133 7.82817987688e-05
132 7.82817987688e-05
125 7.6764644252e-05
119 7.61181024861e-05
123 7.60664214939e-05
120 7.54669809959e-05
124 7.48348995445e-05
115 7.44854664922e-05
114 7.42229049009e-05
110 7.25784761648e-05
103 7.20868985323e-05
99 7.16018004998e-05
96 7.10845564511e-05
102 7.10551353495e-05
94 7.10461970375e-05
93 7.09833337807e-05
91 7.09631053981e-05
92 7.09326205425e-05
89 7.01968223672e-05
88 7.01934084165e-05
83 7.01570173475e-05
85 7.01044260748e-05
86 7.00254969294e-05
80 6.95845875792e-05
77 6.95737995725e-05
78 6.95626553325e-05
75 6.90928349299e-05
74 6.9050291177e-05
68 6.86318202459e-05
66 6.86070876503e-05
64 6.85667683108e-05
65 6.85663108944e-05
63 6.84361711842e-05
60 6.81915519265e-05
56 6.79610293894e-05
53 6.7435627682e-05
52 6.71590976416e-05
48 6.64035099809e-05
41 6.57027716176e-05
45 6.54876173428e-05
38 6.53831976925e-05
36 6.53831575763e-05
39 6.50470817995e-05
26 6.50413029647e-05
23 6.4906703e-05
18 6.48571264592e-05
29 6.48388854885e-05
19 6.47390656708e-05
14 6.47171012335e-05
20 6.47126613204e-05
17 6.46956150465e-05
11 6.45330196641e-05
8 6.43505409509e-05
10 6.43442183027e-05
9 6.42497794323e-05
7 6.40634695745e-05
5 6.27534988427e-05
1 6.10305638093e-05
2 6.10013534283e-05
859 6.09412084781e-05
3 6.09132541647e-05
860 5.95505695317e-05
863 5.64884046574e-05
855 5.49938032228e-05
873 4.7086542761e-05
877 4.61367552861e-05
871 4.52274267275e-05
875 4.50894061027e-05
880 4.33012344976e-05
879 4.30252008804e-05
878 4.25118442903e-05
887 4.22751843612e-05
882 4.21071778936e-05
881 4.20291828505e-05
885 4.194063102e-05
889 4.18831457506e-05
884 4.16228902144e-05
891 4.13818289346e-05
892 4.06882152707e-05
900 4.0671497317e-05
897 4.04780675328e-05
893 4.04166179659e-05
899 4.02199736835e-05
901 3.98662549571e-05
902 3.97386565862e-05
906 3.89733391176e-05
905 3.89399382481e-05
909 3.88268021246e-05
908 3.88268021246e-05
912 3.84685812361e-05
913 3.83901566209e-05
910 3.83704063901e-05
916 3.82559107919e-05
918 3.79399258259e-05
914 3.78748534059e-05
920 3.71910198385e-05
921 3.65505694825e-05
928 3.55561301987e-05
929 3.54805213192e-05
927 3.54278395089e-05
932 3.53444095211e-05
931 3.5298105495e-05
935 3.51789375645e-05
937 3.51740802216e-05
940 3.49126504201e-05
939 3.49033304188e-05
942 3.48632415785e-05
941 3.48083580059e-05
946 3.47137771199e-05
948 3.46010311791e-05
950 3.45860286416e-05
949 3.45826874727e-05
952 3.4390613012e-05
955 3.43404553856e-05
957 3.42928474754e-05
958 3.42267282711e-05
959 3.42124971255e-05
960 3.41329134274e-05
963 3.39540439829e-05
964 3.39540407458e-05
967 3.38369773916e-05
965 3.38308669571e-05
966 3.37961294562e-05
969 3.36355452235e-05
970 3.3586084505e-05
972 3.3573633341e-05
971 3.35452776974e-05
976 3.34288094323e-05
975 3.34092056232e-05
977 3.33545862665e-05
980 3.27758937413e-05
986 3.27343490334e-05
983 3.26536599172e-05
994 3.22630665013e-05
991 3.22626476328e-05
993 3.20684163441e-05
997 3.19153465087e-05
998 3.18626966547e-05
1000 3.18055141735e-05
999 3.17660038569e-05
1001 3.16733451001e-05
1005 3.16193824812e-05
1003 3.16142508088e-05
1007 3.15173913987e-05
1012 3.14263298341e-05
1014 3.13567450679e-05
1018 3.12729953043e-05
1021 3.11746920616e-05
1023 3.11679063244e-05
1028 3.09937658996e-05
1030 3.07675342044e-05
1034 3.0716158657e-05
1042 3.06618509743e-05
1036 3.0640473669e-05
1033 3.05649348262e-05
1044 3.04562735326e-05
1046 3.04383831544e-05
1038 3.04312093415e-05
1047 3.03700084661e-05
1059 3.02988686351e-05
1053 3.02814638938e-05
1052 3.02472008224e-05
1058 3.0091188324e-05
1056 3.00430765676e-05
1064 2.99263535793e-05
1065 2.99248654589e-05
1066 2.9859514242e-05
1069 2.9767456334e-05
1072 2.97450963987e-05
1070 2.97415319323e-05
1077 2.97409366832e-05
1071 2.97029489312e-05
1075 2.96891584833e-05
1078 2.96693125695e-05
1076 2.96611441315e-05
1081 2.96568705661e-05
1082 2.96194952744e-05
1079 2.96166258452e-05
1088 2.960664341e-05
1083 2.95858298132e-05
1086 2.95513093953e-05
