5 1.0
2 0.780299761704
1 0.775715627082
3 0.75048899167
7 0.351670365779
9 0.305476519712
8 0.298739779587
10 0.278661324542
11 0.268247014624
14 0.268080886429
19 0.263969917955
17 0.262669937723
20 0.262530067775
18 0.262254018632
23 0.261316273107
26 0.261234929192
29 0.260466140964
39 0.258030551555
36 0.254922176345
38 0.254922084396
45 0.253686311399
41 0.253510602972
48 0.246536910861
52 0.240412598871
53 0.238562568814
56 0.237549729307
60 0.233381206339
63 0.232013193002
64 0.231657963375
65 0.231258752322
66 0.230996261051
68 0.230884975306
74 0.229173589292
75 0.229059868694
77 0.227608290616
78 0.227444962631
80 0.227401322554
86 0.226295696185
85 0.225845283212
83 0.225843751258
88 0.225551184618
89 0.225514535309
91 0.224015101005
93 0.223747034796
92 0.223543303006
94 0.223537756363
102 0.223402660913
96 0.223183297783
99 0.222713764656
103 0.221551815521
110 0.22074430036
114 0.218181949958
115 0.217851762929
124 0.217383842913
120 0.216227132422
123 0.215525532207
119 0.215445368336
125 0.214608275104
132 0.212749983307
133 0.212749983307
134 0.21141463496
136 0.210903507479
135 0.210773790153
140 0.210110360212
138 0.209497266848
143 0.208306736187
149 0.206647746096
152 0.205910630759
159 0.204758765684
163 0.20426903818
164 0.203868023389
166 0.203654408246
169 0.20359041735
167 0.203543100591
170 0.203203488813
176 0.202893415295
173 0.202793360288
174 0.20278735106
179 0.202721232908
182 0.202594156442
178 0.202499280805
185 0.202475512423
186 0.202446785485
188 0.202305015049
195 0.202249638597
191 0.202227635476
190 0.202219433309
189 0.202218535126
196 0.202102217942
194 0.202044412886
199 0.202016101165
202 0.201952850062
203 0.201931702746
209 0.201722861662
213 0.201592816579
210 0.201580168809
212 0.201488140452
215 0.201461753867
217 0.201224921724
224 0.201210808864
220 0.201205447722
223 0.201157537596
222 0.201139198737
228 0.00750900178655
230 0.000339755266547
243 0.000330024940712
232 0.000325123374704
265 0.000271997704716
234 0.000268748904026
239 0.000267961562997
235 0.000267292091332
236 0.000267002386948
257 0.00026583418906
270 0.000265594775352
250 0.000262284671601
252 0.000261692367193
247 0.000258016630103
269 0.000257507200757
276 0.000255330697081
240 0.00025152342523
290 0.000250928332004
300 0.00024824245178
297 0.000248104572229
242 0.000247897799037
296 0.000247093971639
255 0.000246417422197
302 0.000246263768038
261 0.000245116934299
244 0.000244183835118
256 0.000243762524872
260 0.000243161126665
259 0.000242777441273
249 0.00024197683728
283 0.000241721813003
267 0.000240871717462
310 0.000240399611323
294 0.000240265507332
266 0.000240219882489
264 0.000240177312542
268 0.000239716412613
285 0.000238367328757
301 0.000237418903821
292 0.000237196226678
238 0.000237162353149
272 0.000237045927961
271 0.000237035093343
299 0.000236727719629
323 0.000236698917064
229 0.000236662064352
291 0.000236614489011
233 0.000236557867987
287 0.000236469861164
258 0.00023638879221
279 0.000236048339095
241 0.000235948315678
248 0.000235447438338
282 0.000235056397038
298 0.000234979559494
253 0.000234821771614
307 0.000234446745014
286 0.000234184183866
324 0.00023395111733
314 0.000233882742332
313 0.000233758685036
273 0.000233073356404
305 0.000233064002717
262 0.000232783361327
315 0.000232642523382
321 0.000232596914048
251 0.00023256847273
303 0.000232256289817
245 0.000231958975208
237 0.000231769551794
306 0.000231675806005
254 0.000231262805193
274 0.000230933599737
342 0.000230692253874
246 0.000230670085996
288 0.000230508761744
231 0.000230270502252
277 0.000230070584421
278 0.000229803975068
281 0.000229765891532
263 0.000229397550468
338 0.000229387140703
280 0.000229355550462
337 0.000229063741227
334 0.000229058183976
284 0.000228982428101
275 0.00022867561638
293 0.000228052401388
295 0.000227783758869
335 0.000227617948006
289 0.000227343956424
316 0.000226950830332
309 0.000226948435109
345 0.000226927718302
304 0.000226889186399
320 0.000226159003023
327 0.000226157001669
348 0.0002261233459
308 0.00022600163411
325 0.000225966748781
330 0.000225805232223
332 0.000225749130881
318 0.000225686135534
311 0.000225315277563
340 0.000225278106346
312 0.000225243074905
339 0.000225107952587
360 0.00022479215272
353 0.00022460720433
319 0.000224458758198
322 0.000224039220814
333 0.00022376289925
336 0.000223673152414
363 0.000223586195546
341 0.000223534656612
317 0.000223511462132
331 0.000223329706044
329 0.000223234354036
346 0.000222619993928
352 0.000222520109529
368 0.000221957844473
326 0.000221945900341
328 0.000221548867436
344 0.000221002014169
365 0.000220882332788
362 0.000220675914344
361 0.000220617339222
347 0.000220155688797
349 0.000219761751131
343 0.000219397954435
370 0.000219260373669
351 0.000219204857173
364 0.000219060882822
355 0.000219035641645
380 0.000218860340968
350 0.000218795914706
357 0.000218709323767
359 0.000218602247236
356 0.000218335073845
371 0.000218282075706
367 0.000218272352748
354 0.000218220303199
358 0.000218109680987
373 0.000217616704233
382 0.000217389019562
385 0.000217228491285
369 0.000217159857735
366 0.000216733891252
386 0.000216723175238
376 0.000216631533257
379 0.00021651653957
372 0.000216232083494
374 0.000215764749399
375 0.000215477862646
377 0.000215184479457
378 0.000214855534659
381 0.000214168627334
384 0.000214084425144
396 0.000213909639773
387 0.000213836931543
397 0.000213809884774
391 0.000213497257703
390 0.000213122892365
401 0.000212977889007
394 0.000212005112209
392 0.000211445434277
388 0.00021134187463
411 0.000210954769126
389 0.000210788051529
393 0.000210427879678
383 0.000210088968744
399 0.000209915731849
407 0.000209811158852
412 0.000209789350362
398 0.000209767406788
404 0.000209659823056
405 0.00020948923207
395 0.000209385029108
417 0.000209203237654
408 0.00020896440671
422 0.00020883257862
403 0.000208710005124
402 0.000208695468752
420 0.000208525146957
413 0.000207712251914
415 0.000207673554402
409 0.000207408201793
414 0.000207400053096
419 0.000207379995817
400 0.000207184818021
406 0.000207089495857
410 0.000206813913193
421 0.000206120834378
431 0.00020543734557
416 0.000205436958623
432 0.000205177982701
429 0.00020482960046
440 0.000204829545999
435 0.00020472432918
433 0.000203968204924
428 0.000203848799483
443 0.000203521686294
430 0.000203515242181
441 0.000203486287981
425 0.000203388093593
437 0.000203355408832
418 0.000203251314088
423 0.000203235446376
448 0.000203083481698
426 0.000202895952497
424 0.000202809273957
427 0.000202338256181
450 0.000202030890316
434 0.000202017647588
439 0.000201800663322
438 0.000201546470367
456 0.000201469985345
444 0.000201363763805
454 0.000201321220409
447 0.000201293988142
442 0.000201239215522
445 0.000201205587398
457 0.000201201109778
449 0.000201009406984
436 0.000200841831413
451 0.000200450778814
459 0.000200412460215
446 0.000200377093726
466 0.000200287472838
452 0.00020026365299
461 0.000200244046847
453 0.000200189164829
458 0.000199460198808
455 0.000199453678549
460 0.000199439287825
462 0.000199384711976
470 0.000199056730722
477 0.00019903561693
476 0.000198969946392
469 0.000198869361788
472 0.000198860407506
478 0.000198683405748
463 0.000198649580786
464 0.000198564545958
467 0.00019840737867
465 0.000198381236471
471 0.000198134687163
475 0.000198075741562
468 0.000198045175816
485 0.000197775419045
486 0.000197774055884
473 0.0001976303435
480 0.000197592733557
474 0.000197357007467
481 0.000197150559359
494 0.000197047216645
492 0.000196738873245
487 0.000196727925019
490 0.000196688101684
483 0.000196583596628
491 0.000196444142984
484 0.000196357181969
488 0.00019633681863
489 0.000196317629519
505 0.000196195927569
493 0.000196191057752
482 0.000196075908261
479 0.000196003145256
499 0.000195740091816
496 0.000195413385178
500 0.000195341505894
504 0.000195274986554
502 0.000195107140775
509 0.000195077195104
498 0.000194767911521
497 0.00019476719052
501 0.000194712740433
506 0.000194491132858
507 0.000194290267944
495 0.000194234271061
515 0.000193731692847
503 0.000193611110967
508 0.000193452927047
514 0.000193326155074
510 0.000193198620827
512 0.00019294119882
518 0.000192890123144
511 0.000192752794725
528 0.000192639830086
513 0.000192167139825
522 0.000192149643481
517 0.000191915115215
516 0.000191782116262
523 0.000191652010673
532 0.00019152017024
521 0.000191475516333
525 0.000191164037082
526 0.000191069583356
534 0.000191044315394
536 0.000191035023411
529 0.0001909331522
519 0.000190899916907
535 0.000190845364649
520 0.000190808157732
524 0.00019080601945
531 0.000190381019632
527 0.000190036218527
530 0.000189620959161
537 0.000189263216953
533 0.000188966419487
543 0.000188841328572
538 0.000188543138521
541 0.000188266452165
542 0.000188143157378
545 0.000188131364401
539 0.000188005909727
540 0.000187969159691
547 0.000187807352269
544 0.000187702133648
554 0.00018759023583
546 0.000187552998805
548 0.000187283622461
556 0.000187274153675
551 0.000187015378757
550 0.000186818854163
549 0.000186797793742
553 0.000186471658861
552 0.000186267550517
555 0.000186255049426
557 0.000186150399806
558 0.000186019373946
559 0.000185921396138
560 0.000185850758598
561 0.000185540512989
565 0.000185375064936
563 0.000185188766444
562 0.000185155350759
564 0.000184894430109
566 0.00018483691938
570 0.00018471109035
569 0.000184661237782
577 0.000184551290753
567 0.000184400493749
571 0.000184379972484
576 0.000184302142993
573 0.000184201239231
575 0.000184165091563
578 0.000184145614289
572 0.000184145191241
582 0.000184073966043
574 0.000183926515666
579 0.000183890819839
580 0.000183869479786
586 0.000183708048519
585 0.000183606448243
568 0.000183565312435
581 0.000183460867394
589 0.000183285146055
583 0.000183270545286
584 0.000183192418674
591 0.000183097391913
592 0.000183095191389
599 0.000183078037446
588 0.000182984641241
606 0.000182956305601
601 0.00018287691016
590 0.000182876634567
597 0.000182785705049
595 0.000182690695464
587 0.000182689501309
596 0.00018267123619
598 0.000182615464098
593 0.000182464328314
605 0.000182336079334
604 0.000182329070976
600 0.000182232150267
608 0.000182140529022
594 0.000182126940492
609 0.000181934619102
617 0.000181851825448
615 0.000181849287938
614 0.000181728034292
603 0.000181665035339
611 0.000181652012542
612 0.00018165003022
616 0.000181612024672
621 0.000181536749611
602 0.000181483308556
626 0.000181429533361
629 0.000181350426263
607 0.00018133816771
619 0.000181317115536
627 0.000181166315391
623 0.000181096629676
613 0.000181000906035
618 0.000180870056658
622 0.000180776367421
633 0.000180683082726
634 0.000180649805081
610 0.000180608726383
632 0.000180604741797
630 0.000180586488576
631 0.000180583968977
620 0.000180552619465
624 0.000180547409388
638 0.000180337176667
628 0.000180202179053
644 0.000180057546737
642 0.000180021427033
625 0.000179999756598
635 0.000179985578033
649 0.000179765635793
641 0.000179751518471
646 0.000179616551285
650 0.000179468081144
647 0.000179439881341
636 0.000179351137967
640 0.000179296138971
637 0.000179257872976
653 0.000179236869706
643 0.00017917126755
639 0.000179155730945
648 0.000179134679478
656 0.000179070272559
645 0.000179011166468
652 0.000178994559488
659 0.000178940043095
651 0.000178914121769
660 0.000178870202557
654 0.00017871689068
655 0.000178688798747
661 0.000178608351034
658 0.000178600425628
664 0.000178495936227
663 0.000178326633948
665 0.000178266741812
662 0.00017821414743
657 0.000178041892648
667 0.000177966692797
670 0.000177889174679
676 0.000177845384593
668 0.000177782868447
669 0.000177749728673
666 0.000177709097719
675 0.000177693368262
673 0.000177630870165
672 0.000177262468634
677 0.000177145401599
671 0.000177135667933
679 0.000177044273174
684 0.000177010775398
678 0.000176978087981
682 0.000176686538074
686 0.000176599864812
683 0.000176567819423
674 0.000176561821457
680 0.000176495432913
687 0.000176232297043
696 0.000176146089094
681 0.000176084673498
689 0.000176008847291
693 0.000175988751862
688 0.000175954622482
704 0.000175918337986
685 0.000175853836097
697 0.000175831185369
692 0.000175626330788
695 0.000175577469294
709 0.000175506353912
705 0.00017547431784
702 0.000175459372793
690 0.000175372189744
706 0.000175337226571
703 0.000175279089099
691 0.000175274160845
717 0.000175220616053
700 0.000175126674085
698 0.000175075454012
710 0.000175022321071
707 0.000175021916507
713 0.000175003274501
714 0.000174995047213
711 0.000174987255826
694 0.000174983860068
708 0.00017495554137
701 0.000174796948632
712 0.000174793751683
699 0.000174701441286
715 0.000174628498067
716 0.00017416612575
724 0.000174107974671
719 0.000174102543362
718 0.000174085120254
720 0.000174031898247
721 0.000173863954376
727 0.00017376227697
723 0.000173750366935
729 0.00017374197649
731 0.000173690503684
725 0.000173687619662
730 0.000173653973821
722 0.000173650447512
738 0.00017358268352
733 0.000173578345397
735 0.000173482809647
732 0.000173476831083
741 0.000173461282801
742 0.000173424594123
739 0.000173361918256
737 0.000173347623485
728 0.000173267970056
726 0.000173258758854
734 0.000173092431593
736 0.000173016013838
740 0.000172953614308
744 0.000172880635582
746 0.000172846513775
749 0.000172675008339
750 0.000172645246653
753 0.000172609928776
743 0.000172605333972
747 0.000172570147296
745 0.000172523477073
752 0.000172427746491
754 0.000172405607263
756 0.000172319924661
748 0.000172316008158
751 0.000172290399159
755 0.000172277137287
763 0.000172198549144
759 0.000172128269045
761 0.000172082717618
757 0.000172004845466
764 0.000171945580986
758 0.000171873370801
762 0.000171848647615
765 0.000171800157088
767 0.00017178597187
760 0.000171755912507
768 0.000171645513069
766 0.000171526356324
772 0.000171459814744
773 0.000171445482194
778 0.000171433823232
775 0.000171330621375
776 0.000171281112283
770 0.000171257235262
771 0.000171219831262
769 0.000171217395953
779 0.000171193385446
780 0.000170945421073
795 0.000170919711103
777 0.000170899684114
783 0.00017085408322
774 0.000170805943492
782 0.00017072648382
801 0.000170612710597
799 0.000170612132384
792 0.000170578333942
787 0.000170563862673
784 0.000170541171735
786 0.000170540853889
790 0.000170498742137
789 0.000170489342718
804 0.000170484137725
793 0.000170479477561
811 0.000170473241187
797 0.000170463368005
813 0.000170437031098
807 0.000170414824253
796 0.00017040048595
781 0.00017036041244
830 0.000170327858859
785 0.000170321079509
791 0.000170311390081
805 0.00017028494859
798 0.00017026459719
794 0.000170244431765
829 0.000170232074733
816 0.000170225911051
788 0.000170167118915
818 0.000170165500806
812 0.000170162157755
839 0.000170136940142
828 0.000169992092879
834 0.000169986218814
815 0.000169967969867
814 0.000169965467929
820 0.000169955663134
842 0.000169943327308
819 0.000169931856415
803 0.000169923014407
847 0.000169909053286
823 0.000169908559766
825 0.000169902617909
822 0.000169889017525
826 0.000169858018396
827 0.000169843034823
806 0.000169834113183
809 0.000169821040204
836 0.000169819108704
844 0.000169813252694
817 0.000169797041245
843 0.000169791850657
833 0.000169790910732
808 0.000169761853957
810 0.000169751824364
821 0.000169750918017
800 0.000169709179934
835 0.000169696472311
840 0.000169689436736
802 0.000169684718614
824 0.000169667696975
838 0.00016958253023
846 0.000169558787018
848 0.000169529292621
831 0.000169510114825
832 0.000169506337247
841 0.00016938635382
837 0.00016935088722
845 0.000169286030396
849 0.000168944521836
227 0.000152115129292
226 8.89855123895e-05
850 6.07945717065e-05
225 5.33158627238e-05
851 4.82320068369e-05
852 3.28590605387e-05
854 1.47858168558e-05
856 1.13939690196e-05
858 1.13007876472e-05
864 1.10698653256e-05
857 1.09722934947e-05
866 1.09234038012e-05
861 1.08824789574e-05
862 1.07862410777e-05
865 1.0767985463e-05
867 1.06242111664e-05
869 1.03995041553e-05
870 1.03279477621e-05
868 1.03032767069e-05
872 1.02967086352e-05
874 1.01507609907e-05
216 1.00154114239e-05
853 9.89828949734e-06
876 9.82147204814e-06
218 9.77099474097e-06
219 9.69500809045e-06
214 9.69162771389e-06
221 9.65282707392e-06
211 9.25520031287e-06
205 9.12065034288e-06
204 9.11782974469e-06
206 9.11522674315e-06
201 9.00865223897e-06
207 8.99050212208e-06
208 8.95122828656e-06
883 8.89166769689e-06
886 8.83262643253e-06
197 8.82371635272e-06
890 8.82200643612e-06
200 8.79686340104e-06
198 8.7445564804e-06
192 8.60562127339e-06
187 8.60102142177e-06
888 8.57537810182e-06
193 8.55629890941e-06
183 8.48627485447e-06
180 8.43357002103e-06
896 8.43348743222e-06
184 8.37783932012e-06
181 8.3585541457e-06
172 8.30750157898e-06
177 8.2877634122e-06
171 8.27648106474e-06
175 8.26480783435e-06
168 8.18251745282e-06
898 8.17310826519e-06
895 8.15549101016e-06
894 8.15198802709e-06
162 8.03844556326e-06
161 8.02429845451e-06
160 8.01068995838e-06
156 7.90839440565e-06
154 7.90503607031e-06
165 7.84179391455e-06
904 7.77377333528e-06
145 7.77066014354e-06
158 7.74225456354e-06
903 7.73329465585e-06
151 7.70077957388e-06
155 7.67995530936e-06
146 7.6686373304e-06
157 7.6548736417e-06
144 7.65459944671e-06
153 7.64325435841e-06
150 7.63688205053e-06
907 7.6057743806e-06
148 7.57284386302e-06
147 7.55500513673e-06
139 7.54733955455e-06
142 7.48678545875e-06
141 7.44306981143e-06
911 7.29337882516e-06
137 7.28888448e-06
131 7.21804217095e-06
915 7.20755209922e-06
917 7.2035724715e-06
919 7.19465296207e-06
130 7.18610539605e-06
128 7.11739241211e-06
129 7.03793125855e-06
127 7.03102607322e-06
923 6.98154611259e-06
924 6.94806228677e-06
925 6.93703634776e-06
922 6.93567155024e-06
126 6.91584259168e-06
118 6.8727658358e-06
122 6.85470781083e-06
121 6.84351441424e-06
926 6.79832265227e-06
117 6.72942677404e-06
116 6.72923497458e-06
113 6.72806088502e-06
109 6.71758854031e-06
112 6.6865123873e-06
111 6.66589083146e-06
108 6.65342899017e-06
107 6.63513535201e-06
930 6.62088702563e-06
105 6.60807413559e-06
104 6.5889499723e-06
106 6.58202606019e-06
933 6.56497409428e-06
101 6.54894203035e-06
936 6.53139924958e-06
100 6.52069639991e-06
934 6.49441326425e-06
97 6.4833194176e-06
98 6.47559060645e-06
95 6.43858823477e-06
938 6.4324828213e-06
945 6.42988803394e-06
943 6.42061854564e-06
944 6.42061715098e-06
90 6.38533606086e-06
947 6.3524929701e-06
87 6.27385693436e-06
84 6.26214843258e-06
82 6.22733881513e-06
79 6.20148747267e-06
953 6.2004666577e-06
81 6.18844826147e-06
76 6.18453192678e-06
954 6.13543260924e-06
956 6.11214299477e-06
72 6.09611524612e-06
951 6.08363670879e-06
69 6.05283906473e-06
73 6.05062878599e-06
71 6.02548942059e-06
70 6.02237655948e-06
67 6.00957036952e-06
62 5.98127048143e-06
61 5.97051209477e-06
57 5.95915077287e-06
58 5.94265005641e-06
59 5.94107490485e-06
961 5.93059607608e-06
55 5.91107976253e-06
54 5.87202500171e-06
962 5.85592691528e-06
50 5.80575463827e-06
49 5.80532511707e-06
51 5.79138386678e-06
968 5.77597260099e-06
47 5.70228531729e-06
46 5.68686208574e-06
44 5.68166004058e-06
43 5.68007084511e-06
35 5.67726309957e-06
42 5.67573230989e-06
34 5.67410340406e-06
37 5.67248083795e-06
13 5.67230497252e-06
32 5.66998180772e-06
31 5.66981288255e-06
40 5.66939070165e-06
33 5.66216651404e-06
6 5.660266456e-06
30 5.65665153957e-06
973 5.65031753049e-06
27 5.64917896605e-06
28 5.64287737321e-06
24 5.64230753548e-06
974 5.64107952978e-06
25 5.6410543965e-06
22 5.63711566265e-06
21 5.63653235591e-06
15 5.63168734907e-06
16 5.63122448811e-06
12 5.62875777413e-06
4 5.60796935311e-06
0 5.58786718532e-06
978 5.55479615975e-06
979 5.50088224488e-06
982 5.46281109827e-06
981 5.46116262057e-06
985 5.45997399854e-06
984 5.43031582018e-06
988 5.40100768725e-06
987 5.397693672e-06
989 5.39352815131e-06
990 5.36458056631e-06
992 5.30647176382e-06
996 5.3036375442e-06
995 5.2498855476e-06
1002 5.2161958162e-06
1008 5.20889423014e-06
1011 5.19759167076e-06
1004 5.19244805135e-06
1013 5.1909097435e-06
1006 5.17981348854e-06
1009 5.17686091931e-06
1015 5.17575623053e-06
1010 5.15584192941e-06
1016 5.13902096436e-06
1017 5.12151127329e-06
1019 5.11816151387e-06
1020 5.11591773142e-06
1022 5.10827124994e-06
1026 5.08121700648e-06
1027 5.07682666159e-06
1029 5.07572248325e-06
1024 5.07187912931e-06
1025 5.07037940802e-06
1031 5.06885236442e-06
1035 5.06749236138e-06
1032 5.06217153019e-06
1037 5.04256430083e-06
1040 5.03953973999e-06
1043 5.03871027693e-06
1045 5.03286968472e-06
1048 5.03025120734e-06
1039 5.02952291188e-06
1041 5.0286045328e-06
1054 5.02159863932e-06
1049 5.02032415344e-06
1050 5.02032415344e-06
1051 5.00878289378e-06
1062 5.00128321067e-06
1060 4.99982493421e-06
1055 4.99950551533e-06
1057 4.99379972626e-06
1061 4.99234289744e-06
1063 4.98648071168e-06
1067 4.98251897332e-06
1068 4.97677941658e-06
1084 4.96789932262e-06
1073 4.9665377849e-06
1074 4.96466967021e-06
1080 4.95943628533e-06
1085 4.9428656791e-06
1087 4.92075474532e-06
859 2.06879651015e-06
860 2.01674962985e-06
863 1.90200604043e-06
855 1.84593114242e-06
873 1.55034395754e-06
877 1.51491420482e-06
871 1.48096915743e-06
875 1.47559443808e-06
880 1.40900503407e-06
879 1.39854457243e-06
878 1.37942459626e-06
887 1.37067332527e-06
882 1.36434210846e-06
881 1.36145086716e-06
885 1.35814993321e-06
889 1.35607861084e-06
884 1.34629942655e-06
891 1.33737081291e-06
892 1.31151879256e-06
900 1.31098110618e-06
897 1.30388184068e-06
893 1.30140892055e-06
899 1.29416468997e-06
901 1.28100572694e-06
902 1.27646544642e-06
906 1.24786447216e-06
905 1.2466974344e-06
909 1.24249768253e-06
908 1.24249768253e-06
912 1.2291999908e-06
913 1.22630023476e-06
910 1.22568927577e-06
916 1.22133688244e-06
918 1.20972077688e-06
914 1.20740715725e-06
920 1.18208409608e-06
921 1.15850915756e-06
928 1.12179562099e-06
929 1.11901557797e-06
927 1.11707161011e-06
932 1.11398541545e-06
931 1.11230047609e-06
935 1.10790227679e-06
937 1.10772587045e-06
940 1.09809752897e-06
939 1.09775859442e-06
942 1.09628209321e-06
941 1.09426059743e-06
946 1.09082678003e-06
948 1.08665504655e-06
950 1.08610025166e-06
949 1.08598199269e-06
952 1.07891858683e-06
955 1.07708945261e-06
957 1.07534346555e-06
958 1.07294405264e-06
959 1.07241953893e-06
960 1.06945153205e-06
963 1.06290095216e-06
964 1.0629008305e-06
967 1.05863586583e-06
965 1.05840752789e-06
966 1.05716032992e-06
969 1.05126362158e-06
970 1.04949084423e-06
972 1.04900034338e-06
971 1.04799596548e-06
976 1.04370128773e-06
975 1.04298956133e-06
977 1.04100975945e-06
980 1.01990359805e-06
986 1.01840134373e-06
983 1.01544626405e-06
994 1.00120869185e-06
991 1.00120207823e-06
993 9.94129365441e-07
997 9.88548552446e-07
998 9.86636127546e-07
1000 9.84567110004e-07
999 9.83125617431e-07
1001 9.79758489289e-07
1005 9.77782992272e-07
1003 9.77602326369e-07
1007 9.74073140569e-07
1012 9.7076534147e-07
1014 9.68246008496e-07
1018 9.65199245232e-07
1021 9.61639110191e-07
1023 9.61381979413e-07
1028 9.5506936715e-07
1030 9.46880236719e-07
1034 9.4500849052e-07
1042 9.43043155656e-07
1036 9.42263091318e-07
1033 9.3953389149e-07
1044 9.3559299011e-07
1046 9.34941212779e-07
1038 9.34684111725e-07
1047 9.32470791328e-07
1059 9.29895863481e-07
1053 9.29260569532e-07
1052 9.28019129464e-07
1058 9.22372563095e-07
1056 9.2063322373e-07
1064 9.16415398831e-07
1065 9.16359146067e-07
1066 9.13997584455e-07
1069 9.10666210654e-07
1072 9.09858752706e-07
1070 9.09731141934e-07
1077 9.09712943558e-07
1071 9.08335383467e-07
1075 9.07835883466e-07
1078 9.07118512136e-07
1076 9.06824979542e-07
1081 9.0666935e-07
1082 9.0531940615e-07
1079 9.05214580583e-07
1088 9.04854084069e-07
1083 9.04101646138e-07
1086 9.02854739471e-07
