0 1
1 1
2 0
3 0
4 1
5 0
6 1
7 0
8 1
9 0
10 0
11 0
12 1
13 1
14 0
15 0
16 1
17 1
18 1
19 0
20 1
21 1
22 1
23 0
24 0
25 0
26 0
27 1
28 1
29 0
30 0
31 1
32 0
33 1
34 0
35 1
36 1
37 0
38 1
39 1
40 1
41 0
42 0
43 0
44 1
45 0
46 1
47 1
48 1
49 1
50 0
51 0
52 0
53 0
54 0
55 0
56 0
57 1
58 0
59 0
60 0
61 1
62 1
63 0
64 1
65 0
66 0
67 0
68 0
69 1
70 0
71 0
72 0
73 1
74 1
75 1
76 1
77 0
78 1
79 0
80 0
81 0
82 1
83 0
84 0
85 1
86 0
87 1
88 0
89 1
90 0
91 1
92 0
93 0
94 0
95 0
96 0
97 1
98 0
99 1
100 1
101 1
102 0
103 1
104 0
105 0
106 0
107 1
108 1
109 1
110 1
111 0
112 1
113 0
114 1
115 1
116 0
117 1
118 1
119 1
120 0
121 1
122 0
123 1
124 1
125 0
126 0
127 0
128 0
129 1
130 0
131 0
132 0
133 0
134 1
135 0
136 1
137 0
138 0
139 1
140 0
141 0
142 0
143 1
144 0
145 0
146 0
147 1
148 1
149 0
150 1
151 0
152 0
153 0
154 0
155 0
156 1
157 0
158 0
159 0
160 1
161 1
162 1
163 0
164 1
165 0
166 1
167 0
168 0
169 1
170 0
171 1
172 0
173 1
174 0
175 1
176 0
177 1
178 1
179 0
180 1
181 0
182 1
183 0
184 0
185 0
186 1
187 0
188 1
189 0
190 0
191 0
192 0
193 0
194 0
195 0
196 0
197 0
198 1
199 1
200 0
201 1
202 1
203 0
204 0
205 0
206 1
207 2
208 1
209 1
210 2
211 2
212 2
213 2
214 2
215 2
216 2
217 2
218 2
219 2
220 2
221 2
222 2
223 2
224 2
225 2
226 2
227 2
228 2
229 2
230 2
231 2
232 2
233 2
234 2
235 2
236 2
237 2
238 2
239 2
240 2
241 2
242 2
243 2
244 2
245 2
246 2
247 2
248 2
249 2
250 2
251 2
252 2
253 2
254 2
255 2
256 2
257 2
258 2
259 2
260 2
261 2
262 2
263 2
264 2
265 2
266 2
267 2
268 2
269 2
270 2
271 2
272 2
273 2
274 2
275 2
276 2
277 2
278 2
279 2
280 2
281 2
282 2
283 2
284 2
285 2
286 2
287 2
288 2
289 2
290 2
291 2
292 2
293 2
294 2
295 2
296 2
297 2
298 2
299 2
300 2
301 2
302 2
303 2
304 2
305 2
306 2
307 2
308 2
309 2
310 2
311 2
312 2
313 2
314 2
315 2
316 2
317 2
318 2
319 2
320 2
321 2
322 2
323 2
324 2
325 2
326 2
327 2
328 2
329 2
330 2
331 2
332 2
333 2
334 2
335 2
336 2
337 2
338 2
339 2
340 2
341 2
342 2
343 2
344 2
345 2
346 2
347 2
348 2
349 2
350 2
351 2
352 2
353 2
354 2
355 2
356 2
357 2
358 2
359 2
360 2
361 2
362 2
363 2
364 2
365 2
366 2
367 2
368 2
369 2
370 2
371 2
372 2
373 2
374 2
375 2
376 2
377 2
378 2
379 2
380 2
381 2
382 2
383 2
384 2
385 2
386 2
387 2
388 2
389 2
390 2
391 2
392 2
393 2
394 2
395 2
396 2
397 2
398 2
399 2
400 2
401 2
402 2
403 2
404 2
405 2
406 2
407 2
408 2
409 2
410 2
411 2
412 2
413 2
414 2
415 2
416 2
417 2
418 3
419 3
420 3
421 2
422 2
423 2
424 2
425 3
426 2
427 3
428 3
429 3
430 3
431 2
432 3
433 3
434 3
435 3
436 3
437 3
438 3
439 3
440 3
441 3
442 3
443 3
444 3
445 3
446 3
447 2
448 3
449 3
450 3
451 3
452 3
453 3
454 3
455 3
456 3
457 3
458 3
459 3
460 3
461 3
462 3
463 3
464 3
465 3
466 3
467 3
468 3
469 3
470 3
471 3
472 3
473 3
474 3
475 3
476 3
477 3
478 3
479 3
480 3
481 3
482 3
483 3
484 3
485 3
486 3
487 3
488 3
489 3
490 3
491 3
492 3
493 3
494 3
495 3
496 3
497 3
498 3
499 3
500 3
501 3
502 3
503 3
504 3
505 3
506 3
507 3
508 3
509 3
510 3
511 3
512 3
513 3
514 3
515 3
516 3
517 3
518 3
519 3
520 3
521 3
522 3
523 3
524 3
525 3
526 3
527 3
528 3
529 3
530 3
531 3
532 3
533 3
534 3
535 3
536 3
537 3
538 3
539 3
540 3
541 3
542 3
543 3
544 3
545 3
546 3
547 3
548 3
549 3
550 3
551 3
552 3
553 3
554 3
555 3
556 3
557 3
558 3
559 3
560 3
561 3
562 3
563 3
564 3
565 3
566 3
567 3
568 3
569 3
570 3
571 3
572 3
573 3
574 3
575 3
576 3
577 3
578 3
579 3
580 3
581 3
582 3
583 3
584 3
585 3
586 3
587 3
588 3
589 3
590 3
591 3
592 3
593 3
594 3
595 3
596 3
597 3
598 3
599 3
600 3
601 3
602 3
603 3
604 3
605 3
606 3
607 3
608 3
609 3
610 3
611 3
612 3
613 3
614 3
615 3
616 3
617 3
618 4
619 3
620 3
621 4
622 3
623 4
624 4
625 4
626 4
627 4
628 4
629 4
630 4
631 4
632 4
633 4
634 4
635 4
636 4
637 4
638 4
639 4
640 4
641 4
642 4
643 4
644 4
645 4
646 4
647 4
648 4
649 4
650 4
651 4
652 4
653 4
654 4
655 4
656 4
657 4
658 4
659 4
660 4
661 4
662 4
663 4
664 4
665 4
666 4
667 4
668 4
669 4
670 4
671 4
672 4
673 4
674 4
675 4
676 4
677 4
678 4
679 4
680 4
681 4
682 4
683 4
684 4
685 4
686 4
687 4
688 4
689 4
690 4
691 4
692 4
693 4
694 4
695 4
696 4
697 4
698 4
699 4
700 4
701 4
702 4
703 4
704 4
705 4
706 4
707 4
708 4
709 4
710 4
711 4
712 4
713 4
714 4
715 4
716 4
717 4
718 4
719 4
720 4
721 4
722 4
723 4
724 4
725 4
726 4
727 4
728 4
729 4
730 4
731 4
732 4
733 4
734 4
735 4
736 4
737 4
738 4
739 4
740 4
741 4
742 4
743 4
744 4
745 4
746 4
747 4
748 4
749 4
750 4
751 4
752 4
753 4
754 4
755 4
756 4
757 4
758 4
759 4
760 4
761 4
762 4
763 4
764 4
765 4
766 4
767 4
768 4
769 4
770 4
771 4
772 4
773 4
774 4
775 4
776 4
777 4
778 4
779 4
780 4
781 4
782 4
783 4
784 4
785 4
786 4
787 4
788 4
789 4
790 4
791 4
792 4
793 4
794 4
795 4
796 4
797 4
798 4
799 4
800 4
801 4
802 4
803 4
804 4
805 4
806 4
807 4
808 4
809 4
810 4
811 4
812 4
813 4
814 4
815 4
816 4
817 4
818 4
819 4
820 4
821 4
822 4
823 4
824 4
825 4
826 4
827 4
828 4
829 4
830 4
831 4
832 4
833 4
834 4
835 4
836 4
837 4
838 4
839 4
840 4
841 4
842 4
843 5
844 5
845 5
846 6
847 6
848 6
849 6
850 6
851 6
852 6
853 6
854 5
855 5
856 6
857 5
858 6
859 6
860 5
861 5
862 6
863 6
864 6
865 6
866 6
867 5
868 6
869 5
870 6
871 6
872 5
873 5
874 6
875 5
876 5
877 5
878 5
879 6
880 5
881 6
882 6
883 5
884 5
885 6
886 6
887 6
888 6
889 5
890 5
891 5
892 5
893 5
894 5
895 5
896 5
897 5
898 6
899 5
900 5
901 5
902 5
903 6
904 6
905 5
906 5
907 6
908 6
909 6
910 6
911 5
912 6
913 6
914 6
915 5
916 5
917 5
918 5
919 5
920 5
921 6
922 5
923 6
924 5
925 5
926 5
927 5
928 6
929 6
930 5
931 5
932 5
933 6
934 5
935 6
936 6
937 6
938 6
939 5
940 5
941 5
942 5
943 6
944 6
945 5
946 5
947 5
948 6
949 6
950 6
951 6
952 6
953 5
954 5
955 5
956 6
957 5
958 5
959 6
960 6
961 6
962 5
963 6
964 6
965 6
966 5
967 6
968 6
969 5
970 5
971 6
972 6
973 6
974 5
975 5
976 6
977 5
978 5
979 6
980 6
981 5
982 6
983 5
984 5
985 6
986 5
987 5
988 5
989 6
990 6
991 6
992 6
993 6
994 5
995 6
996 6
997 5
998 6
999 6
1000 6
1001 6
1002 6
1003 6
1004 5
1005 6
1006 6
1007 6
1008 5
1009 5
1010 5
1011 5
1012 5
1013 6
1014 5
1015 5
1016 5
1017 6
1018 6
1019 6
1020 5
1021 5
1022 5
1023 6
1024 5
1025 5
1026 6
1027 6
1028 5
1029 5
1030 6
1031 6
1032 6
1033 5
1034 5
1035 6
1036 5
1037 6
1038 6
1039 6
1040 6
1041 6
1042 6
1043 7
1044 7
1045 7
1046 7
1047 7
1048 7
