0 0
1 0
2 1
3 0
4 1
5 0
6 1
7 1
8 0
9 1
10 0
11 0
12 1
13 0
14 1
15 0
16 0
17 1
18 0
19 0
20 1
21 0
22 0
23 0
24 1
25 1
26 1
27 1
28 1
29 1
30 0
31 0
32 0
33 0
34 0
35 0
36 0
37 1
38 0
39 0
40 0
41 1
42 1
43 1
44 1
45 1
46 1
47 1
48 1
49 0
50 1
51 0
52 1
53 1
54 0
55 1
56 0
57 0
58 1
59 1
60 0
61 0
62 0
63 0
64 0
65 1
66 0
67 0
68 0
69 1
70 0
71 0
72 0
73 1
74 1
75 1
76 1
77 1
78 0
79 1
80 0
81 0
82 0
83 1
84 1
85 1
86 1
87 1
88 1
89 1
90 0
91 0
92 0
93 0
94 0
95 0
96 1
97 1
98 0
99 0
100 1
101 0
102 0
103 0
104 1
105 0
106 0
107 0
108 0
109 1
110 1
111 1
112 1
113 1
114 0
115 0
116 0
117 1
118 1
119 0
120 0
121 1
122 0
123 1
124 1
125 0
126 0
127 0
128 1
129 1
130 1
131 0
132 1
133 0
134 0
135 1
136 0
137 1
138 1
139 0
140 0
141 0
142 0
143 1
144 1
145 1
146 0
147 0
148 0
149 0
150 1
151 0
152 0
153 1
154 0
155 0
156 0
157 1
158 0
159 0
160 1
161 1
162 1
163 0
164 0
165 0
166 1
167 1
168 0
169 1
170 0
171 1
172 0
173 1
174 1
175 1
176 0
177 1
178 1
179 0
180 0
181 1
182 1
183 0
184 1
185 0
186 0
187 1
188 0
189 0
190 1
191 0
192 1
193 0
194 0
195 1
196 0
197 0
198 1
199 0
200 0
201 1
202 1
203 0
204 0
205 1
206 1
207 0
208 1
209 0
210 1
211 0
212 0
213 1
214 0
215 1
216 0
217 1
218 1
219 1
220 0
221 1
222 0
223 0
224 1
225 1
226 0
227 0
228 0
229 1
230 0
231 0
232 1
233 0
234 1
235 1
236 1
237 1
238 0
239 1
240 1
241 1
242 0
243 1
244 1
245 1
246 1
247 0
248 0
249 0
250 1
251 0
252 1
253 1
254 0
255 1
256 1
257 1
258 1
259 0
260 0
261 0
262 0
263 0
264 0
265 1
266 0
267 0
268 1
269 0
270 0
271 1
272 1
273 0
274 1
275 0
276 1
277 0
278 1
279 1
280 1
281 0
282 0
283 0
284 1
285 1
286 0
287 1
288 0
289 0
290 0
291 0
292 1
293 1
294 1
295 0
296 1
297 0
298 0
299 1
300 0
301 1
302 0
303 0
304 0
305 1
306 0
307 1
308 1
309 1
310 1
311 0
312 0
313 0
314 0
315 1
316 0
317 1
318 1
319 0
320 0
321 1
322 1
323 1
324 1
325 1
326 1
327 1
328 1
329 0
330 1
331 1
332 0
333 0
334 1
335 0
336 0
337 0
338 1
339 0
340 1
341 1
342 1
343 1
344 1
345 0
346 0
347 1
348 1
349 1
350 1
351 0
352 1
353 0
354 0
355 1
356 1
357 0
358 1
359 0
360 0
361 0
362 1
363 0
364 0
365 1
366 1
367 0
368 0
369 1
370 0
371 1
372 1
373 0
374 1
375 0
376 1
377 0
378 1
379 1
380 0
381 1
382 1
383 1
384 0
385 0
386 0
387 0
388 1
389 1
390 0
391 0
392 0
393 0
394 0
395 0
396 0
397 0
398 0
399 1
400 0
401 1
402 0
403 1
404 1
405 1
406 1
407 1
408 0
409 1
410 0
411 0
412 1
413 1
414 0
415 1
416 1
417 0
418 0
419 0
420 1
421 1
422 1
423 0
424 0
425 1
426 1
427 0
428 0
429 1
430 1
431 1
432 1
433 1
434 0
435 1
436 1
437 1
438 0
439 0
440 0
441 0
442 1
443 0
444 0
445 1
446 1
447 0
448 0
449 1
450 0
451 0
452 0
453 0
454 0
455 1
456 0
457 0
458 1
459 1
460 0
461 1
462 1
463 0
464 1
465 0
466 0
467 0
468 0
469 0
470 0
471 1
472 0
473 0
474 1
475 0
476 0
477 1
478 1
479 1
480 1
481 0
482 1
483 1
484 1
485 1
486 0
487 0
488 0
489 1
490 0
491 0
492 0
493 0
494 1
495 1
496 0
497 1
498 0
499 0
500 0
501 1
502 1
503 1
504 0
505 0
506 0
507 1
508 0
509 0
510 0
511 1
512 1
513 0
514 0
515 1
516 1
517 0
518 0
519 1
520 1
521 1
522 1
523 0
524 0
525 1
526 0
527 1
528 1
529 0
530 0
531 1
532 1
533 1
534 0
535 1
536 1
537 1
538 0
539 1
540 0
541 0
542 1
543 0
544 1
545 0
546 0
547 1
548 1
549 1
550 1
551 1
552 0
553 0
554 1
555 0
556 1
557 0
558 0
559 1
560 0
561 1
562 1
563 0
564 0
565 1
566 1
567 0
568 0
569 0
570 0
571 1
572 0
573 1
574 0
575 1
576 1
577 1
578 1
579 1
580 0
581 1
582 1
583 1
584 0
585 0
586 0
587 1
588 0
589 0
590 1
591 1
592 1
593 0
594 0
595 1
596 0
597 0
598 1
599 1
600 0
601 0
602 0
603 0
604 0
605 1
606 0
607 1
608 0
609 0
610 0
611 0
612 1
613 1
614 1
615 0
616 0
617 0
618 1
619 1
620 1
621 0
622 0
623 1
624 0
625 0
626 1
627 1
628 0
629 1
630 0
631 0
632 1
633 1
634 1
635 0
636 0
637 1
638 0
639 0
640 1
641 0
642 1
643 0
644 1
645 0
646 0
647 1
648 1
649 0
650 0
651 0
652 0
653 1
654 0
655 1
656 1
657 1
658 1
659 0
660 0
661 0
662 0
663 0
664 1
665 1
666 0
667 0
668 1
669 0
670 0
671 0
672 0
673 1
674 1
675 1
676 0
677 0
678 0
679 1
680 0
681 1
682 0
683 1
684 1
685 1
686 0
687 1
688 0
689 0
690 1
691 1
692 0
693 0
694 0
695 0
696 1
697 1
698 1
699 0
700 1
701 0
702 0
703 1
704 1
705 1
706 1
707 0
708 0
709 1
710 0
711 1
712 1
713 1
714 1
715 1
716 0
717 1
718 0
719 0
720 0
721 0
722 0
723 1
724 1
725 0
726 0
727 0
728 0
729 0
730 0
731 0
732 1
733 1
734 0
735 1
736 0
737 0
738 0
739 1
740 1
741 0
742 0
743 0
744 1
745 0
746 1
747 0
748 0
749 1
750 1
751 1
752 1
753 1
754 1
755 0
756 0
757 0
758 1
759 1
760 0
761 0
762 0
763 1
764 0
765 0
766 0
767 1
768 1
769 0
770 0
771 0
772 1
773 0
774 1
775 1
776 0
777 0
778 1
779 1
780 1
781 0
782 1
783 0
784 0
785 1
786 1
787 0
788 1
789 0
790 1
791 0
792 1
793 0
794 0
795 0
796 1
797 0
798 0
799 1
800 0
801 0
802 1
803 1
804 1
805 0
806 1
807 0
808 1
809 1
810 1
811 1
812 1
813 0
814 0
815 0
816 1
817 0
818 0
819 0
820 0
821 0
822 0
823 1
824 1
825 0
826 1
827 1
828 0
829 1
830 0
831 1
832 1
833 1
834 1
835 1
836 0
837 0
838 0
839 0
840 1
841 0
842 1
843 1
844 1
845 1
846 1
847 0
848 0
849 1
850 1
851 0
852 1
853 0
854 0
855 0
856 0
857 1
858 0
859 1
860 1
861 0
862 1
863 0
864 1
865 0
866 0
867 1
868 1
869 0
870 0
871 1
872 0
873 0
874 0
875 0
876 0
877 1
878 1
879 0
880 0
881 1
882 0
883 0
884 1
885 1
886 1
887 1
888 1
889 0
890 1
891 1
892 1
893 1
894 1
895 1
896 1
897 1
898 1
899 0
900 1
901 0
902 1
903 1
904 1
905 1
906 0
907 1
908 1
909 0
910 1
911 1
912 1
913 1
914 0
915 1
916 0
917 1
918 0
919 1
920 0
921 0
922 1
923 0
924 1
925 1
926 1
927 0
928 0
929 1
930 0
931 0
932 1
933 1
934 0
935 0
936 1
937 1
938 0
939 1
940 0
941 1
942 0
943 0
944 0
945 0
946 0
947 1
948 0
949 1
950 0
951 0
952 1
953 0
954 0
955 1
956 0
957 1
958 0
959 0
960 1
961 1
962 1
963 1
964 0
965 1
966 0
967 1
968 0
969 0
970 1
971 1
972 1
973 1
974 0
975 1
976 1
977 0
978 0
979 1
980 0
981 0
982 0
983 0
984 0
985 1
986 0
987 1
988 0
989 0
990 0
991 1
992 0
993 0
994 0
995 0
996 0
997 0
998 1
999 0
1000 0
1001 0
1002 1
1003 1
1004 0
1005 0
1006 0
1007 0
1008 0
1009 1
1010 1
1011 1
1012 0
1013 0
1014 0
1015 0
1016 1
1017 1
1018 0
1019 1
1020 1
1021 0
1022 0
1023 1
1024 1
1025 0
1026 1
1027 0
1028 1
1029 0
1030 1
1031 0
1032 0
1033 0
1034 0
1035 0
1036 1
1037 0
1038 0
1039 1
1040 1
1041 0
1042 0
1043 1
1044 1
1045 1
1046 0
1047 1
1048 0
1049 0
1050 1
1051 0
1052 0
1053 0
1054 0
1055 0
1056 0
1057 0
1058 0
1059 0
1060 1
1061 0
1062 1
1063 0
1064 1
1065 1
1066 1
1067 1
1068 1
1069 0
1070 0
1071 0
1072 1
1073 1
1074 0
1075 1
1076 0
1077 0
1078 0
1079 1
1080 1
1081 0
1082 0
1083 1
1084 1
1085 0
1086 0
1087 0
1088 1
1089 0
1090 0
1091 1
1092 1
1093 0
1094 1
1095 0
1096 1
1097 1
1098 1
1099 1
1100 0
1101 0
1102 0
1103 1
1104 1
1105 1
1106 1
1107 1
1108 0
1109 0
1110 1
1111 1
1112 0
1113 1
1114 1
1115 0
1116 1
1117 1
1118 1
1119 0
1120 1
1121 1
1122 1
1123 0
1124 1
1125 0
1126 1
1127 0
1128 0
1129 0
1130 0
1131 1
1132 0
1133 0
1134 0
1135 0
1136 0
1137 1
1138 1
1139 1
1140 0
1141 1
1142 1
1143 0
1144 1
1145 0
1146 1
1147 0
1148 0
1149 1
1150 1
1151 1
1152 0
1153 0
1154 1
1155 1
1156 1
1157 1
1158 0
1159 0
1160 0
1161 1
1162 1
1163 0
1164 0
1165 1
1166 1
1167 1
1168 0
1169 0
1170 0
1171 1
1172 1
