0 0
1 0
2 1
3 0
4 1
5 0
6 1
7 1
8 0
9 1
10 2
11 2
12 1
13 2
14 1
15 2
16 2
17 1
18 2
19 2
20 1
21 2
22 2
23 2
24 1
25 1
26 1
27 1
28 1
29 1
30 2
31 2
32 2
33 2
34 1
35 2
36 2
37 1
38 2
39 2
40 2
41 1
42 1
43 1
44 1
45 1
46 1
47 1
48 1
49 2
50 1
51 2
52 1
53 1
54 2
55 1
56 2
57 2
58 1
59 1
60 2
61 2
62 2
63 2
64 2
65 1
66 2
67 2
68 2
69 1
70 2
71 2
72 2
73 1
74 1
75 1
76 1
77 1
78 2
79 1
80 2
81 2
82 2
83 1
84 1
85 1
86 1
87 1
88 1
89 2
90 2
91 2
92 2
93 2
94 2
95 2
96 1
97 1
98 2
99 2
100 2
101 2
102 2
103 2
104 1
105 2
106 2
107 2
108 2
109 1
110 1
111 1
112 1
113 1
114 2
115 2
116 2
117 1
118 2
119 2
120 2
121 2
122 2
123 1
124 1
125 2
126 2
127 2
128 1
129 1
130 1
131 2
132 1
133 2
134 2
135 3
136 2
137 1
138 1
139 2
140 2
141 2
142 2
143 2
144 1
145 1
146 2
147 2
148 2
149 2
150 3
151 2
152 2
153 2
154 2
155 2
156 2
157 1
158 2
159 2
160 3
161 3
162 3
163 2
164 2
165 2
166 3
167 3
168 2
169 3
170 2
171 3
172 2
173 3
174 3
175 3
176 2
177 2
178 3
179 2
180 2
181 3
182 3
183 2
184 3
185 2
186 2
187 3
188 2
189 2
190 2
191 2
192 3
193 2
194 2
195 3
196 2
197 2
198 3
199 2
200 2
201 3
202 3
203 2
204 2
205 3
206 3
207 3
208 3
209 3
210 3
211 2
212 2
213 3
214 2
215 3
216 2
217 3
218 3
219 3
220 2
221 3
222 2
223 2
224 3
225 3
226 3
227 2
228 3
229 3
230 3
231 3
232 3
233 2
234 3
235 3
236 3
237 3
238 2
239 3
240 3
241 3
242 2
243 3
244 3
245 3
246 3
247 2
248 2
249 2
250 3
251 2
252 3
253 3
254 2
255 3
256 3
257 3
258 3
259 2
260 2
261 2
262 2
263 2
264 3
265 3
266 2
267 2
268 3
269 2
270 2
271 3
272 3
273 2
274 3
275 3
276 3
277 2
278 3
279 3
280 3
281 2
282 2
283 3
284 3
285 3
286 3
287 3
288 3
289 2
290 2
291 2
292 3
293 3
294 3
295 2
296 3
297 2
298 2
299 3
300 2
301 3
302 2
303 3
304 3
305 3
306 2
307 3
308 3
309 3
310 3
311 2
312 2
313 2
314 2
315 3
316 2
317 3
318 3
319 2
320 3
321 3
322 3
323 3
324 3
325 3
326 3
327 3
328 3
329 2
330 3
331 3
332 3
333 3
334 3
335 2
336 3
337 2
338 3
339 2
340 3
341 3
342 3
343 3
344 3
345 3
346 4
347 3
348 3
349 3
350 3
351 4
352 3
353 4
354 4
355 3
356 3
357 4
358 3
359 3
360 4
361 4
362 3
363 4
364 4
365 3
366 3
367 4
368 4
369 3
370 4
371 3
372 3
373 4
374 3
375 4
376 3
377 4
378 3
379 3
380 4
381 3
382 3
383 3
384 4
385 4
386 4
387 4
388 3
389 3
390 4
391 4
392 4
393 4
394 4
395 4
396 4
397 4
398 4
399 3
400 4
401 3
402 4
403 3
404 4
405 3
406 4
407 3
408 4
409 3
410 4
411 4
412 3
413 3
414 4
415 4
416 3
417 4
418 4
419 4
420 3
421 4
422 3
423 4
424 4
425 4
426 4
427 4
428 4
429 4
430 4
431 4
432 4
433 4
434 4
435 3
436 4
437 4
438 4
439 4
440 4
441 4
442 4
443 4
444 4
445 4
446 4
447 4
448 4
449 4
450 4
451 4
452 4
453 4
454 4
455 4
456 4
457 4
458 4
459 4
460 4
461 4
462 4
463 4
464 4
465 4
466 4
467 4
468 4
469 4
470 4
471 4
472 4
473 4
474 4
475 4
476 4
477 4
478 4
479 4
480 4
481 4
482 4
483 4
484 4
485 4
486 4
487 4
488 4
489 4
490 4
491 4
492 4
493 4
494 4
495 4
496 4
497 4
498 4
499 4
500 4
501 4
502 4
503 4
504 4
505 4
506 4
507 4
508 4
509 4
510 4
511 4
512 4
513 4
514 4
515 4
516 4
517 4
518 4
519 4
520 4
521 4
522 4
523 4
524 4
525 4
526 4
527 4
528 4
529 4
530 4
531 4
532 4
533 4
534 4
535 4
536 4
537 4
538 4
539 4
540 4
541 4
542 4
543 4
544 4
545 4
546 4
547 4
548 4
549 4
550 4
551 4
552 4
553 4
554 4
555 4
556 4
557 4
558 4
559 4
560 4
561 4
562 4
563 4
564 5
565 5
566 4
567 5
568 5
569 4
570 5
571 5
572 5
573 5
574 5
575 5
576 5
577 5
578 5
579 5
580 4
581 5
582 5
583 5
584 5
585 5
586 5
587 5
588 5
589 5
590 5
591 7
592 7
593 6
594 6
595 7
596 6
597 6
598 7
599 7
600 6
601 6
602 6
603 8
604 6
605 8
606 8
607 8
608 8
609 8
610 8
611 8
612 8
613 8
614 8
615 8
616 8
617 8
618 8
619 8
620 8
621 8
622 8
623 8
624 8
625 8
626 8
627 8
628 8
629 8
630 8
631 8
632 8
633 8
634 8
635 8
636 8
637 8
638 8
639 8
640 8
641 8
642 8
643 8
644 8
645 8
646 8
647 8
648 8
649 8
650 8
651 8
652 8
653 8
654 8
655 8
656 8
657 8
658 8
659 8
660 8
661 8
662 8
663 8
664 8
665 8
666 8
667 8
668 8
669 8
670 8
671 8
672 8
673 8
674 8
675 8
676 8
677 8
678 8
679 8
680 8
681 8
682 8
683 8
684 8
685 8
686 8
687 8
688 8
689 8
690 8
691 8
692 8
693 8
694 8
695 8
696 8
697 8
698 8
699 8
700 8
701 8
702 8
703 8
704 8
705 8
706 8
707 8
708 8
709 8
710 8
711 8
712 8
713 8
714 8
715 8
716 9
717 8
718 8
719 9
720 9
721 9
722 9
723 8
724 8
725 9
726 9
727 9
728 8
729 9
730 9
731 8
732 8
733 8
734 9
735 10
736 9
737 9
738 9
739 10
740 10
741 9
742 8
743 9
744 10
745 9
746 10
747 9
748 9
749 10
750 10
751 10
752 10
753 10
754 10
755 9
756 9
757 9
758 10
759 10
760 9
761 10
762 9
763 10
764 9
765 9
766 9
767 10
768 10
769 9
770 9
771 9
772 10
773 9
774 10
775 10
776 9
777 9
778 10
779 10
780 10
781 9
782 10
783 10
784 9
785 10
786 10
787 9
788 10
789 9
790 10
791 9
792 10
793 9
794 9
795 9
796 10
797 9
798 10
799 10
800 9
801 9
802 10
803 10
804 10
805 10
806 10
807 9
808 10
809 10
810 10
811 10
812 10
813 9
814 9
815 10
816 10
817 9
818 10
819 10
820 10
821 9
822 9
823 10
824 10
825 10
826 10
827 10
828 10
829 10
830 9
831 10
832 10
833 10
834 10
835 10
836 9
837 10
838 9
839 9
840 10
841 9
842 10
843 10
844 10
845 10
846 10
847 9
848 9
849 10
850 10
851 9
852 10
853 9
854 9
855 9
856 9
857 10
858 9
859 10
860 10
861 9
862 10
863 9
864 10
865 9
866 10
867 10
868 10
869 9
870 9
871 10
872 9
873 9
874 9
875 9
876 9
877 10
878 10
879 10
880 10
881 10
882 10
883 9
884 10
885 10
886 10
887 10
888 10
889 9
890 10
891 10
892 10
893 10
894 10
895 10
896 10
897 10
898 10
899 9
900 10
901 9
902 10
903 10
904 10
905 10
906 9
907 10
908 10
909 10
910 10
911 10
912 10
913 10
914 9
915 10
916 9
917 10
918 9
919 10
920 10
921 11
922 10
923 11
924 10
925 10
926 10
927 9
928 10
929 10
930 11
931 10
932 10
933 10
934 11
935 11
936 10
937 10
938 11
939 10
940 10
941 10
942 11
943 11
944 11
945 11
946 11
947 10
948 11
949 10
950 11
951 11
952 10
953 11
954 11
955 10
956 11
957 10
958 11
959 11
960 10
961 10
962 10
963 10
964 11
965 10
966 11
967 10
968 11
969 11
970 10
971 11
972 11
973 10
974 11
975 10
976 11
977 11
978 11
979 11
980 11
981 11
982 11
983 11
984 11
985 11
986 11
987 11
988 11
989 11
990 11
991 11
992 11
993 11
994 11
995 11
996 11
997 11
998 11
999 11
1000 11
1001 11
1002 11
1003 11
1004 11
1005 11
1006 11
1007 11
1008 11
1009 11
1010 11
1011 11
1012 11
1013 11
1014 11
1015 11
1016 11
1017 11
1018 11
1019 11
1020 11
1021 11
1022 11
1023 11
1024 11
1025 11
1026 11
1027 11
1028 11
1029 11
1030 11
1031 11
1032 11
1033 11
1034 11
1035 11
1036 11
1037 11
1038 11
1039 11
1040 11
1041 11
1042 11
1043 11
1044 11
1045 11
1046 11
1047 11
1048 11
1049 11
1050 11
1051 11
1052 11
1053 11
1054 11
1055 11
1056 11
1057 11
1058 11
1059 11
1060 11
1061 11
1062 11
1063 11
1064 11
1065 11
1066 11
1067 11
1068 11
1069 11
1070 11
1071 11
1072 11
1073 11
1074 11
1075 11
1076 11
1077 11
1078 11
1079 11
1080 11
1081 11
1082 11
1083 11
1084 11
1085 11
1086 11
1087 11
1088 11
1089 11
1090 11
1091 11
1092 11
1093 11
1094 11
1095 11
1096 11
1097 11
1098 11
1099 11
1100 11
1101 11
1102 11
1103 11
1104 11
1105 11
1106 11
1107 11
1108 11
1109 11
1110 11
1111 11
1112 11
1113 11
1114 11
1115 11
1116 11
1117 11
1118 11
1119 11
1120 11
1121 11
1122 11
1123 11
1124 11
1125 11
1126 11
1127 11
1128 11
1129 11
1130 11
1131 11
1132 11
1133 11
1134 11
1135 11
1136 11
1137 11
1138 11
1139 11
1140 11
1141 11
1142 11
1143 11
1144 11
1145 11
1146 11
1147 11
1148 11
1149 11
1150 11
1151 11
1152 11
1153 11
1154 11
1155 12
1156 12
1157 12
1158 12
1159 12
1160 12
1161 12
1162 12
1163 12
1164 12
1165 12
1166 12
1167 12
1168 12
1169 12
1170 12
1171 12
1172 12
