110 1.0
102 0.293550581424
36 0.292791808843
38 0.292774157349
11 0.292722118433
3 0.292399989489
89 0.291368246783
124 0.291360898299
92 0.291216749585
78 0.29118278884
83 0.29113665099
80 0.291135381829
96 0.290961080802
103 0.290873919274
99 0.290686366264
86 0.29067163224
52 0.290563706518
75 0.290560102567
74 0.290549529621
60 0.290542816611
114 0.290393759281
94 0.290390893772
53 0.290334633247
10 0.290135433883
23 0.290130094356
66 0.290125151739
14 0.290103716351
85 0.290103202789
88 0.290083148541
68 0.290055016548
20 0.289895759469
39 0.289858961978
120 0.289856821309
8 0.289854448177
56 0.289836009051
77 0.289738256924
2 0.28973166093
29 0.289479821466
45 0.289435791244
1 0.289350317496
17 0.289252667215
7 0.289133785489
18 0.28910378542
132 0.287010231096
133 0.287006039342
143 0.284189366236
140 0.283879302556
163 0.282460645368
149 0.28171584363
5 0.280702049886
169 0.280394898403
9 0.280034762952
164 0.279985793415
26 0.279846020374
19 0.279708919478
166 0.279672099829
48 0.279633695392
41 0.279602003317
176 0.279184086147
65 0.278945558654
63 0.278930446233
64 0.278781247017
179 0.278003767206
93 0.277372273007
196 0.277301035977
173 0.277178207835
199 0.277094903717
182 0.276767933824
91 0.276599054895
189 0.27658416442
195 0.276477400997
194 0.276220710637
115 0.276017305224
123 0.275440479892
119 0.275419754741
125 0.27526675399
210 0.274496328355
134 0.274479872577
135 0.274360823419
222 0.273980380154
215 0.273963277667
138 0.273918172353
136 0.273168706049
212 0.272754889103
152 0.27262000365
224 0.272391872174
217 0.272010130981
220 0.271926130392
167 0.271892189808
170 0.271712041214
159 0.271297222988
223 0.271073274718
178 0.271007471032
190 0.270495557861
188 0.270287360708
191 0.270171812439
174 0.270051901704
185 0.269527505143
186 0.269479378644
202 0.269412419096
209 0.268833606866
203 0.268501443043
213 0.268432330855
228 0.260865806402
243 0.259852977304
230 0.259573796089
265 0.259294815646
297 0.258760813549
290 0.258373295093
300 0.258275156642
296 0.258258012124
235 0.258203518462
269 0.258165902879
323 0.257866847754
240 0.257494340022
310 0.257234356715
373 0.257145943149
348 0.257109977209
411 0.257069437425
270 0.257031860381
276 0.256972169048
256 0.25692487368
342 0.256907652279
267 0.256889466427
260 0.256871983324
314 0.256778172776
234 0.256776328102
261 0.256738437309
360 0.25673554018
283 0.256686468804
420 0.256686264396
363 0.256680834876
397 0.256666580364
301 0.256569248255
298 0.256564227318
259 0.256519478287
305 0.256438951303
271 0.256405818068
352 0.256355580977
497 0.25635011732
315 0.256348920671
266 0.25629315521
299 0.256282930798
408 0.256261129454
272 0.256232866074
307 0.256193624692
264 0.256179200449
361 0.256174570295
332 0.256172304532
421 0.25616071644
340 0.256148517253
330 0.256148441453
364 0.25613237999
306 0.256121664152
232 0.256102220504
519 0.256062146717
539 0.256042325596
335 0.256040823842
252 0.256011162125
279 0.256002875787
303 0.255977001659
285 0.255948665557
495 0.2559368813
250 0.255877514683
321 0.255864216438
359 0.255829339884
247 0.255766768717
574 0.255704933417
398 0.255680180295
370 0.255677007364
612 0.255631297985
633 0.255592860639
632 0.255560402479
563 0.255554852475
553 0.25555389414
394 0.255552902219
294 0.255516724216
448 0.255515987289
384 0.255463339312
377 0.255460233772
345 0.255460055078
378 0.255456603538
479 0.255441086452
591 0.255434953694
406 0.255405506464
365 0.25540185257
338 0.255398005268
257 0.255383572628
392 0.25538133569
432 0.255368608408
381 0.25536412074
598 0.255334331227
405 0.255334253652
339 0.255333061695
496 0.255331262419
450 0.255304113789
561 0.255295641254
379 0.25529429577
473 0.255289431316
409 0.255283711709
417 0.255280105542
433 0.255268283149
302 0.255267429428
292 0.255246531472
488 0.25523868832
696 0.255233874133
741 0.255190452645
313 0.255165821687
429 0.255151145624
380 0.255142232451
324 0.255113267962
544 0.255109793648
287 0.255109050652
507 0.255100424455
626 0.255096123419
664 0.255090803019
362 0.2550859275
472 0.25507435596
393 0.255070681063
510 0.255066663607
371 0.255043077454
480 0.255041927338
437 0.255031227129
239 0.255004624541
559 0.25500012829
776 0.254998615747
390 0.254996112785
376 0.254995232126
792 0.254991985038
543 0.254987266839
530 0.254977907119
447 0.254974834849
676 0.254971126967
368 0.254954268994
334 0.254948937645
382 0.254943589836
385 0.254938934025
337 0.254936127757
684 0.254933899782
503 0.254931128892
386 0.254928900005
576 0.254917794219
766 0.25490656233
805 0.25490196704
454 0.25489828282
236 0.254893087494
820 0.254875037057
750 0.25487175279
538 0.254867140411
396 0.254861043963
571 0.254857070997
353 0.254852527431
401 0.254847322638
784 0.254839955608
580 0.25483601123
419 0.254831116784
549 0.254826650137
533 0.254821489017
611 0.254817332022
484 0.254815390774
619 0.254807414503
567 0.254785293401
502 0.254778263267
422 0.25475109715
562 0.254747595272
798 0.254731634022
487 0.254727528105
727 0.254714272482
730 0.254706300331
644 0.254698416826
407 0.254697205282
412 0.254693191519
466 0.25469198962
331 0.254689439066
658 0.25468934442
372 0.254664270153
494 0.25464961946
286 0.254647736428
540 0.254639664634
514 0.254634863008
506 0.254634485438
476 0.254629338278
391 0.254629061972
513 0.254604490725
357 0.254595347325
400 0.254591907397
291 0.254588662157
609 0.254586922734
547 0.25458136498
623 0.254577733673
659 0.254577451803
817 0.254566171176
660 0.254565534873
596 0.254547416206
509 0.254536033962
667 0.254511635597
349 0.254510193111
548 0.254496318775
435 0.254491303631
325 0.254481330844
457 0.254461622849
704 0.254457263288
552 0.254455425342
369 0.254451153437
613 0.254448582161
755 0.254439736957
581 0.254437926924
336 0.254434312002
399 0.254422753166
456 0.254414864891
374 0.254413456865
500 0.254411927591
477 0.254408651143
742 0.254407769694
650 0.25440735467
485 0.254376358588
518 0.25437402569
783 0.254371424825
486 0.254368854935
617 0.254364897145
682 0.254358648819
602 0.254358243513
427 0.254355168352
588 0.25435400931
449 0.254352672237
550 0.254341590183
763 0.254332824209
778 0.254331202727
851 0.254330216961
652 0.254325477786
812 0.254323793898
536 0.254321713929
710 0.254308415218
402 0.254300305933
836 0.254299309387
532 0.254287818461
735 0.25427910893
534 0.254276988918
627 0.254269647533
615 0.254267672073
522 0.254263436371
508 0.254252565972
515 0.2542500621
849 0.254247979931
747 0.254233633771
638 0.254219790533
516 0.254217446697
524 0.254211241491
668 0.254201122085
656 0.25419931216
810 0.254174298884
775 0.254166409106
582 0.254164275956
709 0.254151689131
577 0.254144547879
556 0.254141238111
527 0.254139662409
841 0.254135649931
666 0.254133404461
845 0.254131605808
821 0.254130866994
713 0.254130288149
850 0.254110520644
732 0.254102173123
703 0.254092161148
605 0.25408764547
645 0.254087036968
687 0.254085505638
717 0.254075195247
439 0.254068739945
489 0.254058496632
493 0.254054103199
733 0.254053592642
854 0.254046925019
541 0.254044400228
585 0.254030935898
453 0.254027224597
458 0.254010340002
716 0.254008045229
754 0.254007105384
601 0.254003657842
722 0.253999024006
653 0.253995690812
624 0.253993690004
621 0.253988064935
721 0.253977287302
482 0.253974484344
635 0.253971178524
606 0.253964230599
774 0.25396118763
531 0.253952291766
663 0.25395173118
781 0.253946801026
669 0.25393821794
629 0.2539321496
837 0.253927714077
823 0.253920414026
843 0.253919392787
752 0.253918144283
661 0.253914081416
808 0.253910932266
649 0.253887587939
662 0.253885733712
520 0.25386403212
628 0.253857890644
643 0.25384159114
673 0.253838109918
675 0.25383393849
578 0.253828566399
857 0.253826526819
683 0.253823401485
640 0.253818860686
698 0.253814718348
542 0.25380688607
693 0.253802913983
715 0.253794968532
858 0.253789926255
852 0.253789844279
708 0.253789640065
573 0.253787941726
695 0.253785927856
714 0.253784158864
589 0.253769398502
861 0.253766358473
731 0.253762165535
828 0.253750561974
677 0.253749808624
679 0.253742881917
729 0.253741811429
822 0.253734477342
864 0.253732605049
614 0.253718328586
866 0.253703961333
773 0.25370370896
738 0.253699483395
867 0.253697018212
746 0.253685674068
846 0.253681970738
869 0.253681427336
856 0.253679181019
829 0.253678593298
825 0.253659971581
788 0.253650642385
847 0.25362763777
258 0.253625085272
594 0.253619204931
782 0.253613419899
791 0.253568450388
280 0.253564620445
872 0.253563858808
295 0.253560817316
870 0.253558816349
868 0.253541198407
724 0.253541157089
241 0.253539330239
273 0.253533742117
229 0.253530421083
233 0.253530275793
347 0.253527007186
366 0.25352498996
865 0.253523703593
248 0.253520334398
876 0.253519095678
762 0.253517089122
862 0.253515742754
319 0.25351420052
697 0.253507595042
886 0.253498266262
253 0.253487644969
245 0.253481057635
254 0.253475679368
316 0.253473827877
888 0.253472449508
848 0.253472113127
780 0.253471223602
383 0.253470900244
333 0.253461169108
395 0.253458197958
446 0.253455705415
874 0.253438932259
237 0.253438555518
356 0.253435750006
483 0.253429347794
375 0.253423664743
898 0.253419808979
460 0.253418736413
461 0.253417662873
895 0.253400882159
504 0.2534006476
767 0.253395740666
511 0.253395428325
517 0.253393257878
833 0.253381926581
251 0.253381146714
787 0.253380826221
903 0.253380104642
440 0.253377813172
546 0.253375923204
438 0.253367769952
904 0.253365658459
351 0.253362732556
322 0.25336145006
308 0.253361159614
424 0.253355455731
565 0.253352525149
554 0.253350363716
329 0.2533486032
569 0.253347527755
358 0.253345037091
481 0.25333951032
590 0.253337019394
883 0.253335847718
804 0.253332903755
317 0.253330783542
616 0.253319892383
834 0.253319118755
642 0.253315054184
894 0.253312039265
431 0.253311116633
911 0.253309195946
416 0.253306342805
634 0.253302880996
311 0.253302288124
907 0.253299135136
665 0.253298431713
655 0.253298215299
277 0.25329109492
915 0.253291055617
890 0.253288197852
560 0.253285650112
478 0.25327746794
231 0.253276338688
387 0.253275133897
344 0.253274497552
444 0.253272387553
600 0.253272160102
343 0.253272019824
275 0.253269840048
464 0.253268721987
289 0.253267397796
389 0.253262953647
579 0.253261969874
262 0.25326123933
263 0.253259459525
595 0.253257803401
705 0.253254294383
475 0.253254286339
917 0.253251488614
415 0.253251357011
923 0.253244303223
244 0.253240706975
268 0.25324012917
526 0.25323941769
499 0.2532389214
281 0.253237174499
686 0.253236315341
896 0.25323554994
278 0.253233815664
690 0.253232148395
759 0.253226602719
326 0.253222789809
312 0.253222746186
452 0.253213157896
462 0.253211441139
441 0.253210645879
350 0.253209671361
404 0.253209571455
242 0.253208677129
274 0.253207947355
924 0.253206955462
751 0.253206679888
926 0.253206660052
468 0.253204116046
341 0.25320285711
367 0.253201952667
451 0.253198641781
442 0.253193722742
465 0.253192503565
455 0.253191581422
523 0.253190264522
529 0.253186623546
467 0.253185222811
707 0.253183612814
919 0.253181493985
712 0.253181219062
388 0.253181061568
423 0.253180896338
418 0.253180721988
304 0.253180085326
459 0.25318006971
320 0.253179433409
832 0.253177208896
831 0.253176746582
436 0.253175049958
403 0.25317411833
501 0.253168555245
818 0.253167822383
814 0.253167246311
474 0.253164754771
827 0.25316458299
414 0.253164315707
826 0.253163911225
575 0.253161033989
463 0.253158036252
745 0.253156807831
557 0.253154678278
328 0.253152618029
537 0.253149981661
425 0.253145943063
309 0.253145766064
934 0.253143887465
800 0.253139679161
545 0.253138042652
802 0.253137975703
413 0.253137350692
930 0.253137325147
806 0.25313428099
318 0.253133692452
809 0.253131736644
925 0.253131505887
246 0.253131194844
469 0.253130292952
943 0.253127304064
944 0.253126512872
535 0.253122131124
284 0.253120808663
593 0.253120365676
428 0.253117385631
558 0.253116814202
670 0.253112953359
564 0.253111485542
282 0.253110527267
491 0.253109890333
570 0.253107235269
592 0.253104809208
566 0.253103854188
505 0.253103835666
938 0.253102505202
249 0.253095812044
293 0.253088567953
355 0.253087945127
445 0.253087620288
434 0.253087504039
426 0.25308736786
922 0.253086000133
551 0.253084393223
528 0.25308172618
933 0.253080250965
608 0.253079854946
618 0.253075896061
936 0.25307245781
288 0.253064797361
651 0.253058042732
648 0.253053676056
953 0.253043998815
521 0.253043808682
525 0.253043634958
688 0.253040651551
672 0.253039757606
646 0.253039331527
947 0.253035439047
572 0.253035348797
951 0.253034695849
354 0.253034292431
583 0.253033080313
956 0.253030745908
680 0.253029792594
945 0.253027092046
610 0.253026240813
622 0.253025938798
678 0.253024491702
238 0.2530225587
604 0.253022408413
512 0.253022376485
471 0.253014638868
654 0.253010513761
630 0.253005080308
631 0.253004486935
410 0.253001960412
346 0.252999154626
607 0.252998812471
327 0.252997211521
568 0.252996941458
974 0.252993688487
430 0.25299295644
636 0.252981363868
443 0.252980200475
962 0.252979678217
694 0.252978042152
725 0.252975436132
968 0.252974818703
701 0.252973932546
620 0.252973871328
599 0.25297285395
586 0.252970774755
699 0.252967368596
954 0.252966012712
753 0.252965866229
702 0.252964043341
739 0.252963047495
492 0.252962572435
706 0.252961317698
597 0.252959754683
470 0.25295869007
711 0.252955123063
973 0.252953335286
764 0.25295091426
979 0.25294896552
498 0.252945976817
757 0.252943118073
756 0.252939426145
790 0.252938224382
978 0.25293732738
981 0.252936293222
769 0.252924696352
811 0.252921324707
813 0.252920415136
771 0.252919038528
772 0.25291836782
490 0.252912845217
681 0.252912050725
961 0.252911082617
785 0.252910990437
723 0.2529104019
691 0.252908743084
587 0.25290833811
692 0.252907155928
555 0.252905460899
985 0.252904748266
641 0.252903475293
647 0.252899442567
988 0.252896291585
255 0.252895955543
584 0.252891716856
992 0.252889347063
797 0.252888871399
749 0.252883324998
984 0.252882627727
990 0.252881078366
719 0.252880163914
777 0.252879055554
720 0.252875922965
824 0.252874245218
989 0.252873892097
779 0.252865646163
1006 0.252864562277
1009 0.252864374381
835 0.252862351693
603 0.252862341518
796 0.252856868543
996 0.252845211278
803 0.252838585546
700 0.252838037584
799 0.252836252044
995 0.252835595042
1008 0.252834553599
1011 0.252834356328
1022 0.252833874928
794 0.252824273965
982 0.252824187498
1026 0.252824042686
1027 0.2528230652
1029 0.252822129972
685 0.252815530811
657 0.25281366886
1004 0.25281310161
987 0.252812321082
1013 0.252808776629
1015 0.252805387856
625 0.252804553618
815 0.252804149827
819 0.252803690417
1037 0.252803006702
840 0.25280238835
1017 0.252797849291
689 0.252797132772
1045 0.252794154684
786 0.252794000567
1020 0.252792462066
637 0.252791168458
639 0.252790493972
1035 0.252785816376
1010 0.252784841234
795 0.252783537992
726 0.252779465978
1002 0.252776072563
842 0.252775192769
1032 0.252770048396
1048 0.252765986727
758 0.252765084203
760 0.252763901864
728 0.25276142654
1062 0.252760265608
1084 0.252758756424
1040 0.252756690652
671 0.252753730896
830 0.252752277077
674 0.252749553097
1024 0.252746571141
838 0.252746527011
1025 0.252746323055
718 0.252745174716
1054 0.252744223763
1019 0.25273928821
839 0.252735870235
1016 0.252733399401
1049 0.252731680383
1050 0.252731609664
1061 0.252729135642
1068 0.252723887596
1060 0.252721561008
1073 0.252721438985
1039 0.25272137553
1041 0.252719442819
1031 0.252717273428
1074 0.252714568344
1080 0.252713459116
1087 0.252709865202
743 0.252703778109
1085 0.25270194444
744 0.252698164601
1043 0.252695912631
748 0.252693901565
1067 0.252693891583
1051 0.252681126206
1055 0.25267970707
1057 0.252677937164
816 0.252673242155
737 0.252671172763
734 0.25266983767
736 0.252668780239
1063 0.252667583375
740 0.252665568
765 0.252663735531
789 0.252659408615
768 0.252658619365
793 0.252656386276
770 0.252655908272
801 0.252642567089
227 0.25263517845
761 0.252634680624
807 0.25259757877
844 0.252582990475
226 0.252472813472
225 0.252256937566
219 0.25208041517
211 0.252037819044
221 0.252025387295
216 0.252014428952
214 0.252006512812
853 0.251940403352
218 0.251939732071
197 0.251938855794
207 0.251924777463
206 0.251923601689
208 0.251916393363
192 0.251893419701
201 0.251891008035
204 0.251889179906
205 0.251882263906
193 0.251819914807
187 0.251800186329
200 0.251798479733
198 0.251790394109
184 0.251770968326
180 0.251766919505
181 0.251761850595
183 0.251755439203
175 0.251745593359
165 0.251740185754
172 0.251723942726
171 0.251698083477
177 0.251682420193
157 0.251680164854
168 0.251674627851
153 0.251671366935
162 0.251657206409
855 0.251656876258
161 0.251651130847
160 0.251648375821
148 0.251645633378
147 0.251635482768
150 0.251629733418
156 0.251625134156
154 0.251624459401
158 0.251622164243
155 0.251613935392
142 0.251610242765
151 0.251607240471
859 0.251605974461
860 0.251600541879
863 0.25158606285
146 0.251585704218
145 0.251584648929
141 0.251580420996
144 0.251578611996
137 0.251558336587
139 0.251548631917
131 0.251542394403
871 0.251533513593
128 0.251518097775
130 0.251500239542
129 0.251487121328
127 0.25148328938
873 0.251465272093
875 0.251455135002
878 0.251454744733
126 0.251453974511
122 0.251443489319
121 0.251439412964
877 0.251433740017
118 0.251431999135
109 0.251423257367
879 0.251416507711
881 0.25141143334
885 0.251402701595
117 0.251399955182
108 0.251396987728
116 0.251396419032
113 0.251386335202
107 0.251380595765
884 0.251380540902
880 0.251375676925
882 0.251372147445
111 0.251371162439
106 0.251363471531
112 0.25136198231
887 0.251360856218
105 0.251357645542
104 0.251351151508
100 0.251339678327
101 0.2513378413
95 0.251333733419
900 0.251331151739
98 0.25132753264
889 0.251327439853
97 0.251320380224
891 0.251316163584
892 0.251310833874
90 0.251310324959
893 0.251297678657
76 0.251297660619
901 0.251285236114
87 0.251282409005
73 0.251276128366
81 0.251272632944
69 0.251269412688
897 0.251263423623
82 0.251261271183
902 0.251257121259
899 0.25125656068
79 0.251256218747
84 0.251250830595
57 0.251247059671
59 0.251239172426
67 0.251238022605
71 0.251231042832
70 0.251230089668
914 0.251221838844
58 0.25121874034
906 0.251217317723
909 0.251216820057
908 0.251216820057
72 0.251213610165
61 0.251202737398
55 0.251192043653
905 0.251191086849
62 0.251191055435
42 0.251186216236
37 0.251183304287
50 0.251182335581
49 0.251181871041
912 0.251179780721
47 0.251176011804
913 0.251173471387
910 0.251170796317
916 0.251169758345
51 0.251169294132
28 0.251168328457
54 0.251167993785
43 0.251167625584
21 0.25116392063
31 0.251149286867
918 0.251147427715
13 0.251145651548
46 0.251143111675
6 0.251138554953
44 0.251130253488
32 0.251130181595
40 0.251128957532
921 0.251127276306
920 0.251123379727
927 0.251120002388
33 0.251119912207
30 0.251118789724
35 0.251115920819
34 0.251113299098
24 0.251112357111
15 0.25110935084
25 0.251105246769
27 0.251103988632
22 0.251101056793
16 0.251098675432
12 0.25109595742
4 0.251084566361
0 0.251071007624
931 0.251059314283
928 0.251055729886
929 0.251055562592
942 0.251031608558
937 0.251029353707
932 0.251028800496
935 0.251025363554
939 0.251023817274
946 0.251014657773
941 0.251012474344
950 0.251009326612
940 0.251008893313
960 0.251007095522
963 0.250995008802
952 0.250994734777
964 0.250994219654
948 0.250993113047
949 0.25099096099
958 0.250979362944
959 0.25097689786
955 0.250971949312
957 0.250968969215
972 0.250964149179
969 0.250960861915
965 0.250947736926
966 0.250942084027
970 0.2509310954
971 0.250929452548
986 0.250923997947
967 0.250910516348
975 0.250905362067
976 0.250899185254
997 0.250880832422
980 0.250880575614
977 0.250880238682
983 0.250873802136
999 0.25087164198
994 0.250838254841
1001 0.250832968035
991 0.250825542866
1000 0.25082480091
998 0.250823527442
1042 0.250822180837
1007 0.250820947075
993 0.250819443232
1012 0.25081348018
1014 0.25080919422
1005 0.250808807928
1059 0.250805943792
1003 0.250802231367
1018 0.250800548782
1023 0.250795161416
1077 0.250786392265
1028 0.250782642791
1052 0.250773029178
1030 0.250764616364
1021 0.250763320675
1058 0.250760126728
1033 0.250753195335
1046 0.250749188534
1047 0.250745399362
1038 0.250740940489
1036 0.250739451264
1034 0.250736623207
1044 0.250720140181
1086 0.250720060092
1053 0.250715052689
1070 0.250714387613
1056 0.250708253041
1088 0.250699818185
1082 0.25069640184
1065 0.250692998506
1064 0.250691666775
1066 0.250686886135
1076 0.250686019668
1069 0.250685988886
1072 0.250680055788
1075 0.250678591216
1078 0.250674343107
1071 0.250674060399
1081 0.250672601006
1083 0.250669987162
1079 0.250665042005
