300 1.0
290 0.451838683939
230 0.451473378986
323 0.451464777654
265 0.450783979146
235 0.450468683745
243 0.450467542092
297 0.450425407454
310 0.449957780294
270 0.449808072842
276 0.449744036946
314 0.449561068278
228 0.449477372577
252 0.449391860932
250 0.449306838086
342 0.449136374986
360 0.448973269506
269 0.448970513943
283 0.448967120329
345 0.448921235219
298 0.448861465202
301 0.448823906112
247 0.448810007137
302 0.448685791712
315 0.448646404314
338 0.44859759992
261 0.44855984571
324 0.448482520064
363 0.44847809718
361 0.448378652214
257 0.448256126904
299 0.448255972626
195 0.448194331337
179 0.448167193048
307 0.448140689168
313 0.448081895754
340 0.447935048622
380 0.447862639557
348 0.447847697127
364 0.44784636189
164 0.447784120334
337 0.44772677373
411 0.4476929439
353 0.447603029268
224 0.447540724547
334 0.447504100595
519 0.447501652503
335 0.4474569149
140 0.447426747435
215 0.447314662932
217 0.44727616678
368 0.447267886354
222 0.447267248422
220 0.447265757987
382 0.447243389524
385 0.4472338995
386 0.447213467362
196 0.447168079651
199 0.447150531523
203 0.447117183509
212 0.447068369806
370 0.447065137637
114 0.447001827844
186 0.446980571596
185 0.446978622167
190 0.446959057728
419 0.446941875663
169 0.446851107221
174 0.446828273354
170 0.446826913173
182 0.446810249721
178 0.446808807231
176 0.446788874097
396 0.446780549817
397 0.446777118324
401 0.446758850006
574 0.446747568118
159 0.446723946692
167 0.446680557005
86 0.44666071227
173 0.446641190427
448 0.44660448688
75 0.446564443742
74 0.446561906514
391 0.446525671589
163 0.446524776716
138 0.446472233169
52 0.446406554328
143 0.446405307302
405 0.446374371103
134 0.446353149961
135 0.446343743302
136 0.446339840855
487 0.446333590581
422 0.446323266859
132 0.446270162805
133 0.446269732489
394 0.44625548006
123 0.446254724697
125 0.446247840454
23 0.446215059296
479 0.446208915578
120 0.446202051144
497 0.446167266837
10 0.446152276622
409 0.446136962958
124 0.446074574197
476 0.446042396815
99 0.446015155088
110 0.445964977532
473 0.445945243476
506 0.445914907729
91 0.445914347235
103 0.445907749096
488 0.445890885387
696 0.445872438524
78 0.445862890356
429 0.445862277107
80 0.44586128477
65 0.445857839665
102 0.445848023476
435 0.445835158367
89 0.445832114376
66 0.445815712112
68 0.445811247264
63 0.445783236648
77 0.445751839581
60 0.445747798542
433 0.445716874378
53 0.445702916685
48 0.445701071578
509 0.445691454407
495 0.445663519942
457 0.445630581952
8 0.445526162582
45 0.445523585413
19 0.445477024021
456 0.445463014671
2 0.44544630091
17 0.445441750242
20 0.445435713492
9 0.445434772689
36 0.44541122539
38 0.445410864504
544 0.445394617213
11 0.445358318436
14 0.445344304326
548 0.445286696063
3 0.445239249648
552 0.445233935145
543 0.445224752536
612 0.445099007396
559 0.445097734802
503 0.445065659874
530 0.445052474524
539 0.445026034271
553 0.444952239746
588 0.444916415397
571 0.444892185142
632 0.444869208126
550 0.444851556429
576 0.444835179199
563 0.444816476929
676 0.444787482053
611 0.444756229148
524 0.444731453859
533 0.444709200418
567 0.444708996973
598 0.444648899082
580 0.444648086985
627 0.444632984478
684 0.444602040602
591 0.444546790318
619 0.444545660303
540 0.444467766095
644 0.444399670608
656 0.444398400151
64 0.444330084659
41 0.444315538556
26 0.444310877217
93 0.444306793897
5 0.444300266239
115 0.444295812724
119 0.444289959762
658 0.444289916786
18 0.444282384997
577 0.444242986011
85 0.444234877911
88 0.44422957234
94 0.444216438034
633 0.444207682299
152 0.444179916947
664 0.444165551442
703 0.444129109906
585 0.444116538221
601 0.444089412219
713 0.444082035425
1 0.444051514083
7 0.444038475787
659 0.444017487178
149 0.444009943327
29 0.444009485611
39 0.444005812804
188 0.443996509473
191 0.44398081377
613 0.443964257885
56 0.443946520672
166 0.443929072122
83 0.443912544616
602 0.443899187999
92 0.443895712808
202 0.443886611907
96 0.4438803997
776 0.443862690615
704 0.443844771096
817 0.443843085504
754 0.443835601401
209 0.443817012387
189 0.4437942965
628 0.443787640614
213 0.443751578799
194 0.443736711958
640 0.443734710565
663 0.443733624854
669 0.443730421168
755 0.443723484027
805 0.443687161693
774 0.443682009739
820 0.443680383078
781 0.443677144048
783 0.443654930049
742 0.443622926315
210 0.443595393064
741 0.443577224279
650 0.443562703292
763 0.443548566642
808 0.443531319316
778 0.44352998404
812 0.443526424715
652 0.443502107503
750 0.443494191933
698 0.443478850322
837 0.443442549297
836 0.443420947784
695 0.443401097675
666 0.443352880783
849 0.44331991147
709 0.443251737306
798 0.443202890661
738 0.443189459221
792 0.443139400477
732 0.443074441396
733 0.443034776173
223 0.443004714354
762 0.442843663166
850 0.442798974015
864 0.442413507673
866 0.442358281323
852 0.442306999387
829 0.442266148672
847 0.442236072685
851 0.44220170073
856 0.441912599543
339 0.441839483843
888 0.441815915645
352 0.441798888237
296 0.441794639665
321 0.441774775506
854 0.441737121782
862 0.441731229998
390 0.441684675542
895 0.441652689829
365 0.44162974946
393 0.44158649368
373 0.44155671843
466 0.441469290979
420 0.441418688701
870 0.441416052788
857 0.441413338952
454 0.441378767313
496 0.441376103575
494 0.441358945215
447 0.441358592502
917 0.441358558407
379 0.441329378243
232 0.441311762563
294 0.441291085304
331 0.44127588792
872 0.441274570484
890 0.4412588469
924 0.441253638706
357 0.441247458851
407 0.441199192453
412 0.441195971785
876 0.441183782613
399 0.441180624352
245 0.441179510118
362 0.441179208259
254 0.441168436379
271 0.441161823615
292 0.441152832294
896 0.441140228094
371 0.441138399853
638 0.441134180172
376 0.44113407377
287 0.441132043012
395 0.441126574773
280 0.44110698927
930 0.441105483687
295 0.441091464514
384 0.441070479904
347 0.441069995839
366 0.441054955248
938 0.44103965275
461 0.44103260979
717 0.441029209284
240 0.441024690868
514 0.441024596616
417 0.441022446312
427 0.441018351019
477 0.441009107647
256 0.441000508768
894 0.440995373974
260 0.440991916946
241 0.440985018859
485 0.440981734882
229 0.44098136443
486 0.440980798924
359 0.440979945483
273 0.44097826294
233 0.440975872787
408 0.440962409062
248 0.440954642393
541 0.440954398919
319 0.440953571985
421 0.440943582425
305 0.440935917433
406 0.440921136745
330 0.440919952199
400 0.440916906055
515 0.44089773052
823 0.440892098772
511 0.440891367877
517 0.440891273859
522 0.440883873473
483 0.440881864361
383 0.440875983769
460 0.440870559482
766 0.440866023665
907 0.440862639613
472 0.440857336641
480 0.440850428346
922 0.440850111884
784 0.440847931069
258 0.440847698944
606 0.440829553685
237 0.440828399922
508 0.440825893453
843 0.44081761655
516 0.440814578395
500 0.440812247932
903 0.440809496765
590 0.440804898014
561 0.440804717996
312 0.440803536068
556 0.440802960347
518 0.440800682123
554 0.440799460657
326 0.440797833023
398 0.440795399269
504 0.440793810914
629 0.440790794391
291 0.440784684091
675 0.440784225755
450 0.440778704844
404 0.440778523748
236 0.440774389609
274 0.44077185238
634 0.440771339951
286 0.440771242056
536 0.440763554588
344 0.440760707715
389 0.440758998247
596 0.440757986834
968 0.44075403943
693 0.440753822548
626 0.440752440981
372 0.44074744577
325 0.440744516754
569 0.440743180633
440 0.440742849899
532 0.440741904181
714 0.440740680507
275 0.440736175583
415 0.440736035986
655 0.440733735166
534 0.440733371693
336 0.440731400741
289 0.440730329563
973 0.440722023362
267 0.440714197157
549 0.440714056993
446 0.440713474181
263 0.44071316446
621 0.440712309673
911 0.440706561747
925 0.440702157455
562 0.44070167348
317 0.440697309796
507 0.440696991394
609 0.440689652471
510 0.440688772348
351 0.440687315685
582 0.440686571255
915 0.440685443126
308 0.440681064881
322 0.440680150367
708 0.440674046099
449 0.440671399107
642 0.440665861121
715 0.440665434723
951 0.440663536391
546 0.440663471433
251 0.440659956383
705 0.440659406728
682 0.440658258995
661 0.440650107654
332 0.440649349487
565 0.440643011157
328 0.440642826368
731 0.440636559691
439 0.440633041819
527 0.440632612907
643 0.440631986748
727 0.440631625423
665 0.44063111829
239 0.44063074663
710 0.440629680901
730 0.440627990188
424 0.44062696046
662 0.440623904336
453 0.440620527846
231 0.4406193401
431 0.440618946723
985 0.440618094414
285 0.44061664862
458 0.440616315415
923 0.440610624817
279 0.440610576233
374 0.4406076998
264 0.440606861772
349 0.440605860165
425 0.440604455603
616 0.440603779625
773 0.440600550721
825 0.440591243238
369 0.440590974388
600 0.44058998415
649 0.440587984552
690 0.440587873853
653 0.440587087481
759 0.440583452813
624 0.44058175207
259 0.440577049336
402 0.44057490003
455 0.44057400631
442 0.440573878256
605 0.44057052863
673 0.440569606106
926 0.440567348128
683 0.440565776991
367 0.44056196491
467 0.440561466886
677 0.440561409462
333 0.440560996544
635 0.440560672196
962 0.440560429852
253 0.440560240038
441 0.440558698166
316 0.440558640342
990 0.440558470218
679 0.440557250601
306 0.440557103727
520 0.440556218786
775 0.44055531948
478 0.440551393889
686 0.440541864627
660 0.440540575512
266 0.440539182473
729 0.440538617849
272 0.440537347002
403 0.440533984363
375 0.440533183126
595 0.44053285939
303 0.440531669367
432 0.440530782953
735 0.440528892907
343 0.440528398161
579 0.440528293712
788 0.440527353358
542 0.440527345003
667 0.44052548642
414 0.440517806785
311 0.440517739939
505 0.440516133322
945 0.440512912491
551 0.44050760795
747 0.440501529783
961 0.440501243752
489 0.4404960076
277 0.440493095273
493 0.440491223538
444 0.440489855638
526 0.440489778895
953 0.440488244392
481 0.440484306698
528 0.440481051786
381 0.440479166219
538 0.440478502909
356 0.440477624792
234 0.440471155293
451 0.440465846138
814 0.440462230244
377 0.440460136656
475 0.440459945667
827 0.440459590529
378 0.440459331006
826 0.440458468696
818 0.440458151355
320 0.440454137821
623 0.440452285426
262 0.440451705136
531 0.440450032229
821 0.440444163463
523 0.440443498979
513 0.440441464556
707 0.44044085293
499 0.440439874339
956 0.440439145261
943 0.440437295462
751 0.440436690541
529 0.440435983817
436 0.44043576694
944 0.440435664111
452 0.440431842328
392 0.440431744725
482 0.440424932788
712 0.440422393421
462 0.440420857
474 0.440420283996
438 0.440415268348
810 0.440407178609
465 0.440406588587
578 0.440404172503
469 0.440404025153
594 0.440398726504
745 0.440396974718
560 0.44039142327
610 0.440390586734
841 0.440387815362
845 0.440384595213
1017 0.440383989091
806 0.440382403513
782 0.440382353237
557 0.440378362215
832 0.440377601863
831 0.440376762134
809 0.440375913624
558 0.440375394233
1020 0.440374320215
989 0.440369329282
865 0.440362715844
564 0.440362577275
358 0.440362020218
329 0.440360062626
592 0.44035976305
437 0.440354563319
535 0.440352837737
387 0.440351411963
746 0.440346013415
537 0.440342012842
410 0.440336702694
545 0.440332541548
982 0.440330718158
615 0.440327721972
416 0.440325554472
573 0.440319767648
987 0.440312146063
996 0.440309892976
593 0.440309716978
547 0.440309463183
268 0.440309385556
780 0.440309362349
484 0.440308241375
858 0.440306305731
423 0.440305270296
430 0.440304761861
800 0.440304538348
589 0.440303819055
802 0.440299643241
618 0.440295418061
651 0.440293482217
464 0.440292726194
874 0.440292421923
978 0.440290458416
502 0.440290358386
861 0.440288882756
570 0.440286621786
244 0.440284266018
463 0.440282358275
670 0.440278922523
614 0.440277045318
341 0.440274608817
636 0.44026339629
575 0.44025847282
974 0.440254451287
672 0.440253192876
678 0.440253172918
648 0.44025203762
1061 0.440251967305
501 0.440249340737
867 0.440246615754
680 0.440245678585
1013 0.44024435998
1015 0.440241447743
617 0.440240477841
492 0.440239805088
869 0.440238907147
791 0.440238826041
418 0.440232934332
645 0.440226897508
988 0.440223226018
833 0.440222107825
242 0.440218779299
468 0.440216681768
354 0.440215608875
288 0.440214584469
309 0.440211368591
608 0.440210085207
883 0.440208788296
607 0.44020826698
581 0.440198298395
767 0.440192582262
318 0.440189340717
724 0.440188006087
716 0.440187255669
721 0.440176852777
668 0.440174657506
681 0.440170908272
355 0.440169976839
868 0.44016904725
697 0.440162565802
293 0.440162172761
445 0.440158180985
284 0.440150405671
654 0.440149984347
1016 0.440147491794
691 0.44014397176
555 0.440140563227
572 0.440140531411
739 0.440139900237
583 0.440139882627
848 0.440138585674
688 0.440137960821
238 0.440131301135
604 0.44012955567
749 0.440127721345
1008 0.44012316864
1011 0.440121631278
886 0.440120856787
1010 0.44010481617
346 0.440103589052
443 0.440102102723
327 0.440099349721
281 0.440098065893
566 0.440095294846
756 0.440093528243
350 0.440092587846
687 0.440092334444
525 0.440091923179
278 0.440088684123
757 0.440086516213
1043 0.44008349314
811 0.440080349883
304 0.440079885928
459 0.440078457352
813 0.440077543816
1074 0.440076861529
725 0.440072433628
1080 0.440070950159
702 0.440070479628
603 0.440070454523
898 0.44007020818
706 0.440069501038
1006 0.440067851498
471 0.440067716108
1009 0.440067058145
470 0.440066566977
692 0.440065860986
787 0.44006337197
490 0.440060556691
388 0.440058347428
753 0.440053404968
772 0.440049073022
622 0.440048458518
1085 0.440045796946
711 0.440043205718
1025 0.440042472828
1024 0.440042398775
694 0.440041742257
1055 0.440039607806
701 0.440038802739
1057 0.440038544537
904 0.440037451943
1032 0.440030420914
764 0.440026837726
719 0.440026664229
722 0.440026199754
1022 0.440021691123
413 0.440021454612
720 0.44002111229
1040 0.440020105079
434 0.44001842167
426 0.440015927155
828 0.440014738535
1026 0.44001426502
255 0.440014202337
1027 0.440013998055
1029 0.440012845755
282 0.440012550047
699 0.440009948053
834 0.440007910077
1062 0.440007817366
646 0.440006064837
790 0.439999560806
1039 0.439998538304
246 0.439998454086
1054 0.439998452808
1041 0.439997644198
804 0.439996903453
428 0.439994334107
491 0.439992485982
599 0.439992082892
521 0.439990850703
657 0.43998991821
752 0.439986421301
1037 0.439978658722
587 0.439977321503
700 0.439971327125
1073 0.439967379471
249 0.439965466737
1068 0.439963115645
568 0.439962848819
1045 0.439957464782
620 0.439956948128
842 0.439956466809
797 0.439955653051
795 0.439949970438
919 0.439949166638
769 0.439948317565
1067 0.439942897307
584 0.439941194477
630 0.439939035356
631 0.439938936208
771 0.439931094204
512 0.439929140097
1084 0.43990593668
830 0.439903508888
625 0.439896904174
786 0.439895983472
779 0.439892686678
954 0.439888174
934 0.439887903454
822 0.439881184667
835 0.439879121588
637 0.439873830689
639 0.439873072052
839 0.439872302486
933 0.439871420532
936 0.439867077557
723 0.439859926629
796 0.439847730315
846 0.439845030138
799 0.439841616981
947 0.439837204696
785 0.439836470491
498 0.439833748994
838 0.439816663024
586 0.439816276455
671 0.439812733312
597 0.439799925026
777 0.43979958623
641 0.439797133933
647 0.439794120516
840 0.439787582626
689 0.439786724964
803 0.439782919304
824 0.439781832919
685 0.439771374331
794 0.43977045697
674 0.439763295602
718 0.439754246154
979 0.439747964823
765 0.439739053952
819 0.439738881317
815 0.43973837242
981 0.439736983411
768 0.439726487945
984 0.439718618497
1002 0.439712000435
992 0.439701727418
743 0.43969635362
737 0.439687324182
728 0.439686091418
758 0.439685571769
760 0.439683329249
995 0.439680972731
1019 0.439679974322
748 0.439678211513
1004 0.439665846864
1031 0.439657501434
734 0.439644907343
736 0.439644084767
740 0.439643223793
761 0.439628814615
1051 0.43962410088
770 0.439622941304
1035 0.43962264416
1063 0.439613783743
1048 0.439605606346
1049 0.439600526083
1050 0.439600522177
1060 0.439590490854
726 0.439585046646
1087 0.439569315161
816 0.439542258638
744 0.439510219412
801 0.439507113353
789 0.439444910897
793 0.439441234389
227 0.439362281597
807 0.439360038976
844 0.439330955804
226 0.439240531342
225 0.439006200394
216 0.438694193957
853 0.438604359127
221 0.438599744085
214 0.438556771583
219 0.43855062666
218 0.43851247528
211 0.438491243535
208 0.438441510947
206 0.438435257054
205 0.438424610783
207 0.438402569933
201 0.438386035551
187 0.438353986879
197 0.438353383313
204 0.438307300154
180 0.438299751939
200 0.438294616187
193 0.438294145831
192 0.4382902272
198 0.438282652718
172 0.438233990249
183 0.438229956874
184 0.438217907953
181 0.438207887329
175 0.438172495527
171 0.43814283036
162 0.438128030589
161 0.438117669461
177 0.438114185321
160 0.438112003814
168 0.438108120323
156 0.438075809835
154 0.438075336429
165 0.438073231634
859 0.43804415797
860 0.438028312094
863 0.438013461023
855 0.438013161649
145 0.438009085908
157 0.437986686901
153 0.437975386398
158 0.437961158475
151 0.437939636798
148 0.437938280343
146 0.437928298396
147 0.437924689535
150 0.437921088878
144 0.43791647619
155 0.4379144815
142 0.437887890689
871 0.437874136305
139 0.437872455486
141 0.437850624978
873 0.437829308308
137 0.437814306479
130 0.43781077879
126 0.4378045374
131 0.437793690289
877 0.437774314927
128 0.437758373748
878 0.437757992714
875 0.437723425729
129 0.437718730398
127 0.437712649348
887 0.437700579686
118 0.437698578708
881 0.437694080432
885 0.437689618728
880 0.437684991782
117 0.437683081604
116 0.437678890742
879 0.437668629752
106 0.437661529697
122 0.437656763825
108 0.437654848068
121 0.437652046598
884 0.437648357327
111 0.437639466567
109 0.437624729891
105 0.437618908736
889 0.437617983197
104 0.437609619817
882 0.43760504708
98 0.437604711344
112 0.437600224371
891 0.437595827938
113 0.437588444385
900 0.437584980004
107 0.437569902834
97 0.437562099544
95 0.437551836563
100 0.437547663537
902 0.437540240446
101 0.43751945725
892 0.437517899725
897 0.437515990519
901 0.437508401517
76 0.437506077148
90 0.43750478156
87 0.437503951936
82 0.437501106263
79 0.437493485689
893 0.437486430177
69 0.437465312032
899 0.437437758658
84 0.437434962387
57 0.43743158761
81 0.43742568699
914 0.437424251889
73 0.437417764673
71 0.43740008789
70 0.437398663106
909 0.437380981538
908 0.437380981538
72 0.437378595023
61 0.437377590736
910 0.437374754042
906 0.437372226825
67 0.43736766283
55 0.437365511479
59 0.437365433778
62 0.437345030907
905 0.437343838939
58 0.437340993917
42 0.437340831373
918 0.437340768625
921 0.437338774818
37 0.437336267277
912 0.437319398638
28 0.437314680578
54 0.437310531519
913 0.43730963887
21 0.437308425268
51 0.437307909888
916 0.437304550549
920 0.437304372728
50 0.437297106234
49 0.437296622362
47 0.437275900358
927 0.437273821153
32 0.437267982959
43 0.437263791964
46 0.437260411875
25 0.437255361368
44 0.437249660128
22 0.437249171802
16 0.437244295545
13 0.437243441823
31 0.437241584546
12 0.437241345123
40 0.437239599234
33 0.437234945671
931 0.437233829774
30 0.437233809503
35 0.437233202084
6 0.437232690423
34 0.437229253218
4 0.437223257234
24 0.437215997409
27 0.437215388724
15 0.437211167059
928 0.437207529915
929 0.437206990035
939 0.437178878923
937 0.437167827929
0 0.437167297316
941 0.43716210472
932 0.437160797728
942 0.437136208972
948 0.437112455339
949 0.437109257029
960 0.437107533825
935 0.437106797534
950 0.437102946629
963 0.437089645559
964 0.437088284665
946 0.43708380074
940 0.43708288827
952 0.437080896381
955 0.437080681112
957 0.43707622916
972 0.437043924751
958 0.437033309887
966 0.437031275472
959 0.437029664259
969 0.437014644803
970 0.437014570796
971 0.437012177762
965 0.437011906651
986 0.436984141943
967 0.436982347593
975 0.436979603
977 0.436936448225
976 0.436925173562
999 0.436906701247
997 0.43689991615
980 0.436892163887
983 0.436882886004
998 0.436856831657
991 0.436854860778
1007 0.436849334473
993 0.436845818633
1001 0.436844664917
1012 0.436838238699
1003 0.436837887339
994 0.436837367974
1005 0.436833840212
1000 0.436832300045
1018 0.436819019721
1042 0.436814566755
1023 0.436810700172
1014 0.436809914227
1028 0.43679196067
1059 0.43679055761
1077 0.436762462692
1021 0.436761698545
1052 0.436760873888
1030 0.436744229014
1058 0.436741512955
1036 0.436741116621
1033 0.436727673336
1046 0.436722020931
1034 0.436721554044
1038 0.436709402692
1053 0.436704002456
1047 0.436702874549
1044 0.436697132688
1070 0.43668954271
1086 0.436682596095
1065 0.436669876209
1088 0.436668056101
1056 0.436662489928
1064 0.436654192645
1072 0.436650216191
1066 0.436647195067
1078 0.436641951022
1081 0.436639110624
1082 0.436631555849
1069 0.436629688399
1071 0.436627671763
1075 0.436618520329
1079 0.436614284483
1076 0.43661357242
1083 0.436605714176
