35 1.0
27 0.296269817443
0 0.296253286774
34 0.295376044799
13 0.295131114179
6 0.29503748154
30 0.294249580544
25 0.293931997277
33 0.293884364373
4 0.293654565167
16 0.293502839251
44 0.293349665788
22 0.292896344107
12 0.292862040689
31 0.291995771388
15 0.291795781466
24 0.291061768118
40 0.290978492534
49 0.290529930663
50 0.29046925782
46 0.290389992233
51 0.290383362603
54 0.290346283841
62 0.288443689361
55 0.287770406362
72 0.287537377138
58 0.286255102469
71 0.286100987326
70 0.286096477857
84 0.285594361249
67 0.284723006945
81 0.283883175739
79 0.283867981647
82 0.283782750682
87 0.282409575915
95 0.281149055449
90 0.280853881416
112 0.280811272733
98 0.280803131596
97 0.280765481731
101 0.280621713624
100 0.279556734882
104 0.279518293961
106 0.279518267499
105 0.27935466753
111 0.279039622218
113 0.278896352749
107 0.278453739322
116 0.278034978051
117 0.27799072934
118 0.277740111455
32 0.277058682462
126 0.276892814669
121 0.276873494794
122 0.276818529014
43 0.276666647858
47 0.276491323662
21 0.276169307149
28 0.276015589287
127 0.275704288913
37 0.275642061046
129 0.275631422836
42 0.275556395541
61 0.275332778879
59 0.275121685976
139 0.274478460414
73 0.274391023698
57 0.274258104754
69 0.273806739249
145 0.273786554577
144 0.273566997449
141 0.27349125343
146 0.273467351618
76 0.273325951986
150 0.272838376612
154 0.272805295295
156 0.272788847115
155 0.272780988782
151 0.272745808906
160 0.272437587102
161 0.272389235343
162 0.27228916845
158 0.272226055331
175 0.272208203029
109 0.271758025896
168 0.271665915396
108 0.271654428456
171 0.271313289433
172 0.271014219817
183 0.270279710085
201 0.270223697968
128 0.270191142352
180 0.270163861386
130 0.269995354592
131 0.269815083579
187 0.269743350637
206 0.269592341799
137 0.269552833034
142 0.26880530188
214 0.268675489674
204 0.268548245782
147 0.268508786809
148 0.268350104138
205 0.268284628688
153 0.267987543799
207 0.26790184792
157 0.267894122567
177 0.267327017843
165 0.267141967176
181 0.266598235198
216 0.266583663032
184 0.266491573821
219 0.266418847094
198 0.26603763359
193 0.265934379403
200 0.265927263684
192 0.265322419862
208 0.264926360012
197 0.264897943738
218 0.264402822143
211 0.263860071318
221 0.263836228354
226 0.262578507394
225 0.261069866306
227 0.259319849494
246 0.255050089237
293 0.254725190705
284 0.254479271779
255 0.254362806744
304 0.254209336852
318 0.254041727957
355 0.253897619436
327 0.253821521988
354 0.253718446873
346 0.25363798013
231 0.253501431483
262 0.253311389911
309 0.253144891809
238 0.253138301158
263 0.253122729353
413 0.253032472343
275 0.25300592504
410 0.253005764104
286 0.252939295163
443 0.252887921821
289 0.252885694295
264 0.252879163535
428 0.252872768269
471 0.252845990011
259 0.252836275044
430 0.25282037375
445 0.252810143417
283 0.252789630808
299 0.252771959097
279 0.252768938331
350 0.252746132995
470 0.252688399449
236 0.252683594686
307 0.252683033031
301 0.252650684761
288 0.252631444329
249 0.252606977823
325 0.252604703422
317 0.252574028689
242 0.252573857813
315 0.252519369196
336 0.252514169778
278 0.252499418271
343 0.252496032688
281 0.25248326045
306 0.252473820127
492 0.252469158044
344 0.25243474267
498 0.252371311495
388 0.252364706451
274 0.252362575956
525 0.252349908475
244 0.252338156072
349 0.252329213777
282 0.25232512286
277 0.2522571781
291 0.252238621952
239 0.252238106243
369 0.252197388907
232 0.252193238244
387 0.252180256046
268 0.252169510715
334 0.25216352304
261 0.252157106241
234 0.252140808611
257 0.252107172438
490 0.252102985891
312 0.252099759309
555 0.252088559172
285 0.252062946769
328 0.252058732909
266 0.252052361761
389 0.252041536866
311 0.252039619214
329 0.252035149573
326 0.252006835794
599 0.252004532806
308 0.252002183996
586 0.251996770164
272 0.251984381029
597 0.251958661954
377 0.251948178451
409 0.251946719143
378 0.251940272409
415 0.251936512189
294 0.251934560588
322 0.251928084913
442 0.251911280858
451 0.251902191042
465 0.25189770466
603 0.251887499433
584 0.251882937474
358 0.251881618068
367 0.25186386182
368 0.251845318017
491 0.251843061166
303 0.251838251662
320 0.251833715608
468 0.251827192739
439 0.251824155497
512 0.251822557813
455 0.251818693395
392 0.251817676678
685 0.251813739484
341 0.251802823032
467 0.251784976743
452 0.251776419684
351 0.251744500475
453 0.251744234681
462 0.25173643736
335 0.251721276964
587 0.251717356741
458 0.251716670639
657 0.251695559277
370 0.251683184482
728 0.251661274169
674 0.251652931664
403 0.251643034279
414 0.251633652517
435 0.251632307377
501 0.251625922807
374 0.251601593896
537 0.251596739865
337 0.251590552861
313 0.251578713434
416 0.251570873924
404 0.251555415789
545 0.251554087448
362 0.251549567042
456 0.251535618495
353 0.251530701851
689 0.251523898902
726 0.251518368373
405 0.25149553078
425 0.25149511928
625 0.251489815129
572 0.251483693686
302 0.251482511505
758 0.251480770568
760 0.251477729959
522 0.251473279087
376 0.251467194144
459 0.251466855138
407 0.25146441405
412 0.251461243863
583 0.251460272767
402 0.251455455017
734 0.251452938235
801 0.251452407565
736 0.25145012559
570 0.25144923048
523 0.251448338277
469 0.25144728033
740 0.251446123398
637 0.251444659981
639 0.251441340172
529 0.251439259239
520 0.251432125158
604 0.251418713136
394 0.251417909634
426 0.251412419748
381 0.251401890783
434 0.251384602781
641 0.251380341416
566 0.251375793433
444 0.251375077627
431 0.251374804239
429 0.251373026547
513 0.251366220129
464 0.251360804592
647 0.251360260566
556 0.251357560219
502 0.25135402139
418 0.251352156153
765 0.251350215827
592 0.251346542368
744 0.251341174026
324 0.251339487862
768 0.25133844529
671 0.251337280583
816 0.25133593789
542 0.251332671123
557 0.251325494582
718 0.251317368414
391 0.251312308208
371 0.251309329863
540 0.251298002925
524 0.251287854649
631 0.251286378258
630 0.25128568564
475 0.251276273438
423 0.251269536163
433 0.251266773452
533 0.251264398427
505 0.251257093325
743 0.251250541792
478 0.251247996338
608 0.251241962988
477 0.251241220876
748 0.251228003836
436 0.251221414397
485 0.251217643879
593 0.25121733103
486 0.25121688399
651 0.251210821359
499 0.251206237354
646 0.251203047155
441 0.251191529261
621 0.251187323669
528 0.251185847907
678 0.251175061677
807 0.251174225914
770 0.251164218581
672 0.251157182825
489 0.251155166827
737 0.251153931955
493 0.251147786557
680 0.251141158509
573 0.251139116783
463 0.25113856219
605 0.251124477306
515 0.251123601652
589 0.251111036963
474 0.251106849879
526 0.25110684762
725 0.251095998146
585 0.251086907524
521 0.25108341512
761 0.251081111656
662 0.251079247369
551 0.251067578577
694 0.251061970894
739 0.251057027496
601 0.251053416207
701 0.251045634978
614 0.251040900187
723 0.251039595106
518 0.251034716828
615 0.251033512924
607 0.251028317899
756 0.251014082477
581 0.251012953732
531 0.251004854186
699 0.250998561039
437 0.250998178557
536 0.250992698955
575 0.250985693157
789 0.250971252931
757 0.250968374363
793 0.250965858727
482 0.250960988667
772 0.250952394186
535 0.250946705201
610 0.250933733023
500 0.250922107932
568 0.250917580385
636 0.250915378326
777 0.250906256214
753 0.250895001146
835 0.250891907715
844 0.250879647064
811 0.250878513824
796 0.250874344976
582 0.250874098548
813 0.250869089091
764 0.250867950652
484 0.250867156172
794 0.250865868382
558 0.250861824697
503 0.250859565184
692 0.250854000763
578 0.250853343813
457 0.250853244916
681 0.250852079868
532 0.250844599547
564 0.250843718731
815 0.250839723031
534 0.250837743957
819 0.25083438617
547 0.250833955296
594 0.250832671502
700 0.250828380898
620 0.250818691145
688 0.25081452042
643 0.250814459605
719 0.250812663991
695 0.250807058727
720 0.250805814682
670 0.250799738665
691 0.250797093407
622 0.250787620408
602 0.250780548485
733 0.250762672975
716 0.250759040855
618 0.250754669456
653 0.250744262241
721 0.25074319458
677 0.250738665748
679 0.250737997871
654 0.250737102856
782 0.250732439862
577 0.250719244517
698 0.250714730421
767 0.250706702824
648 0.250704783171
769 0.250696840602
749 0.250696354714
786 0.250680320406
628 0.250677796281
617 0.25067745394
732 0.250671177507
785 0.250661364401
645 0.25065926932
624 0.250657519954
702 0.250655286059
771 0.250653362043
706 0.25065141509
640 0.250651129199
666 0.250644143234
722 0.250644044598
795 0.250637087764
635 0.250634037144
650 0.250630358978
803 0.250627450361
790 0.250622815358
824 0.25061597237
830 0.250603414379
838 0.250601878233
711 0.25059389585
839 0.250592523328
842 0.250583643902
613 0.250559622246
752 0.25055955142
668 0.25055897007
663 0.250558910593
669 0.250547586155
853 0.250546643451
804 0.250544570696
724 0.250532829305
779 0.250491301333
237 0.250488100948
797 0.250487980682
652 0.250487935397
780 0.250473263741
799 0.250469338305
828 0.250466430304
840 0.250466282765
697 0.250433349708
746 0.250393053589
787 0.25038661073
687 0.250380570324
762 0.250380086793
709 0.250374433374
251 0.25037358583
833 0.250360608356
254 0.250357335503
245 0.250350819205
280 0.250335908614
253 0.250335898103
295 0.250333992863
834 0.25031011436
440 0.250306308025
316 0.250296690344
356 0.250289455367
829 0.250288935029
333 0.250287483787
366 0.250278750996
791 0.250276542645
395 0.250275908228
424 0.250274869675
347 0.250268188722
375 0.250263041151
738 0.250259713773
847 0.2502533903
331 0.250246142832
461 0.250240448361
438 0.250236815208
357 0.250231274381
372 0.250220904036
271 0.25022084705
860 0.250215517313
855 0.250215276646
267 0.250213851515
871 0.250212661132
298 0.250204383697
233 0.25020234025
229 0.25020223318
319 0.250201743521
241 0.250201627399
483 0.250200281118
273 0.250199452898
248 0.250199363813
383 0.250191010659
399 0.250185482486
481 0.250183997908
340 0.250180934457
848 0.250180344099
579 0.250174322198
332 0.250172577117
314 0.250170647236
600 0.250169799537
595 0.250163949055
460 0.25016199142
511 0.2501599535
517 0.250157959799
504 0.25015708251
258 0.250154794479
560 0.250152784946
449 0.250149435796
569 0.250144926864
384 0.250140489112
634 0.250134673227
446 0.250126069792
427 0.250115494209
339 0.250111693986
417 0.25010982494
554 0.250108710299
590 0.250108169857
707 0.250107436812
642 0.250107197166
686 0.250105652281
705 0.250102914219
822 0.250098826174
292 0.250098494172
390 0.250096872431
359 0.250091907492
665 0.250091507296
361 0.250088692224
287 0.250087270643
400 0.250084099447
466 0.25008360365
364 0.25008317522
655 0.250080788707
546 0.250080690668
432 0.250079663441
527 0.250079120068
881 0.250078679499
859 0.250074107534
256 0.250071651915
260 0.250071562679
379 0.250070274793
565 0.25006921417
690 0.250068314106
541 0.250065538238
878 0.250065413412
406 0.250062138512
305 0.250061654733
240 0.25006112107
616 0.250058716973
826 0.250057176147
827 0.250056729887
814 0.250054870459
863 0.250054490246
806 0.250053662418
809 0.250053380713
846 0.250052394741
247 0.250047485199
330 0.250046582953
884 0.250043825973
712 0.250042863777
514 0.250042124463
759 0.250039833999
831 0.25003645191
832 0.25003616662
385 0.250035790587
382 0.250034731355
386 0.250034069872
818 0.250032020792
472 0.250030119732
494 0.250030100088
473 0.250027455409
396 0.250026771379
745 0.25002667521
508 0.250026324495
398 0.250023719992
401 0.250023131568
480 0.2500217367
488 0.250020529595
393 0.250019504067
516 0.250019321393
751 0.250014138989
802 0.250013921973
800 0.250012744992
422 0.250012309862
530 0.25001041718
638 0.249991492578
235 0.249988206572
606 0.249986363767
408 0.24998077647
450 0.249979852453
447 0.249979820331
879 0.249979282514
538 0.249975840248
629 0.249975819982
421 0.249969841232
543 0.249966867321
454 0.24996533931
885 0.249963232696
507 0.249961018657
649 0.249960128771
567 0.249959978367
479 0.249959514374
877 0.249957323574
510 0.249955462714
365 0.24995226931
887 0.249952211094
352 0.249952150712
419 0.249947449401
873 0.2499455598
596 0.24994433444
901 0.249940722434
675 0.249938319007
321 0.249936088893
882 0.249935988312
571 0.249933724328
476 0.249932153029
496 0.249931127675
580 0.249930191239
673 0.249927497286
550 0.249925962754
891 0.249918312555
717 0.249916480795
609 0.249916191293
693 0.24991490318
509 0.249913582276
683 0.249910092126
544 0.249909903135
296 0.249908430245
708 0.249906905663
875 0.249906090235
373 0.249904607654
880 0.249903059108
623 0.249901101806
250 0.249900214763
495 0.249899319881
549 0.249897605558
380 0.249896933971
661 0.249896829423
714 0.249896179229
338 0.249894029703
420 0.249893625436
411 0.249893396704
893 0.249893386807
659 0.249891699979
900 0.249891524614
345 0.249891439945
562 0.249885982298
487 0.249876562735
297 0.24987545836
892 0.249873812966
276 0.249870987706
270 0.24986773322
448 0.249865239872
252 0.249865053725
644 0.249863997494
682 0.249863403577
497 0.249859726778
729 0.249859623977
627 0.24985540568
348 0.249854035312
506 0.249852901616
269 0.249852152913
265 0.249850701196
548 0.24984729805
660 0.249844931417
902 0.24984468844
704 0.249844331635
611 0.249843803202
323 0.249841689792
619 0.249841591251
667 0.249841266794
715 0.249840198241
710 0.249839522351
561 0.249836110142
656 0.249831613454
553 0.249831046786
731 0.249829184081
290 0.249829032358
300 0.249826907685
397 0.24982649695
552 0.249825070175
658 0.249821020591
243 0.249820620737
889 0.24981985846
906 0.249812786292
823 0.249809733773
588 0.249806835958
735 0.24980522127
742 0.249799277755
897 0.249795277796
539 0.24978881101
773 0.249787680564
788 0.249786049067
559 0.2497844725
763 0.249783924187
360 0.249781581564
363 0.24978141918
598 0.249781212885
909 0.249780459517
908 0.249780459517
825 0.249780342383
914 0.249779474613
912 0.24977656785
626 0.249776111534
612 0.249774649959
342 0.249773515311
576 0.249769853092
913 0.24976825807
916 0.249763531669
632 0.249761346807
230 0.249760027136
775 0.249758337013
310 0.249756907773
918 0.24974470961
703 0.249742353266
713 0.249742235042
747 0.249735374663
519 0.249735192817
899 0.249735124423
755 0.249729722845
843 0.249729095731
754 0.249722223446
920 0.249719140041
921 0.24971242813
664 0.249710094573
910 0.249707220391
633 0.249706698301
563 0.249703806148
778 0.249702904131
821 0.249690706288
774 0.249688260851
574 0.249683571174
591 0.249682769911
927 0.249680604277
781 0.249678937881
676 0.249678424661
905 0.249676753336
810 0.249669534123
684 0.249662555483
808 0.249648765778
931 0.24964224603
727 0.249641479127
730 0.249636606245
841 0.249634213007
845 0.24962974712
942 0.249625564232
939 0.249607130332
946 0.249605397155
950 0.249602021706
837 0.249597261698
941 0.249594603482
766 0.24959254622
952 0.249585379996
741 0.249581146731
928 0.249571902219
932 0.249571901666
929 0.249571203935
958 0.249569574
696 0.249569242668
960 0.249569149006
959 0.249566640068
784 0.249556748471
963 0.249555496654
964 0.249554651092
776 0.249549629362
937 0.24954848802
965 0.249537041577
966 0.249532116852
935 0.249529078366
972 0.249526269437
969 0.249526026421
970 0.249519915646
783 0.24951969976
971 0.249518391349
940 0.249514891187
948 0.249513362065
949 0.249511250077
750 0.249498039427
955 0.249496097278
805 0.249494883901
228 0.24949289241
957 0.249492657241
986 0.249486692448
812 0.249478310888
792 0.249476896277
820 0.249471123
980 0.249468063499
983 0.249461623029
967 0.249459364977
817 0.249454840873
1001 0.249450752836
997 0.249446730597
836 0.249443558426
999 0.249436123551
975 0.249432706406
977 0.249430906586
1014 0.249425483157
976 0.249416158494
1000 0.249411768099
1007 0.249407752406
798 0.249406887456
1012 0.249400719219
1042 0.249389733623
1018 0.249387487771
849 0.249383660681
1003 0.249382759616
1023 0.249381699595
991 0.249378025513
1059 0.24937402842
993 0.249372013315
1028 0.249369646854
1046 0.249361583394
994 0.249361309797
998 0.249358496313
1077 0.24935458515
1030 0.249350415091
1005 0.249344150876
1052 0.249340654233
1033 0.249339731451
1058 0.24932855266
1038 0.249326624912
1036 0.249320257615
1021 0.249318791416
1070 0.249299919546
1053 0.249295971342
1056 0.249293682294
1034 0.249293384297
1086 0.249288557654
1088 0.24928489824
1044 0.249277973035
1047 0.24927772339
1065 0.249273950955
1069 0.249271022478
1076 0.249269795031
1075 0.249262632985
1072 0.249261107377
1078 0.249255302789
223 0.249254119444
1083 0.249253697816
1081 0.249253631617
1064 0.249250881849
1066 0.249246845104
1071 0.249234343809
1082 0.249233538422
1079 0.249225487601
222 0.249207466102
224 0.249188145626
220 0.249128964661
217 0.249122293324
215 0.24909956904
212 0.249068903912
210 0.249002851168
213 0.248999036423
850 0.248990129527
209 0.248966751565
203 0.248952877729
851 0.248927698157
202 0.248919165903
194 0.248914040514
182 0.248901545401
189 0.248882590629
186 0.248881339204
185 0.248877689227
195 0.248876950457
173 0.248874873649
199 0.248859890157
191 0.248859798592
163 0.248853688159
188 0.248851174195
196 0.248846700964
852 0.248838368213
174 0.248835824944
169 0.248830549027
179 0.248815695365
190 0.248781565241
166 0.248777534586
159 0.248758352797
176 0.248755702793
178 0.24874920195
164 0.248743018835
149 0.248706294555
170 0.248705434276
152 0.248696485483
167 0.24869359709
854 0.248673720042
136 0.248644151459
140 0.248626850315
133 0.248625343415
132 0.248625192969
124 0.248611051295
143 0.24860602183
858 0.248576273895
138 0.248573689556
865 0.248572009711
96 0.248559535717
861 0.248552082394
110 0.248549272737
135 0.248548027747
92 0.248543762561
134 0.248541940845
856 0.248538148048
119 0.248532706314
103 0.248515819655
83 0.248507293906
862 0.248502255969
125 0.248500951865
115 0.248500397334
114 0.248497145135
102 0.248496671917
123 0.248492206038
867 0.248486611808
120 0.248483642505
857 0.248478641384
869 0.248469968039
874 0.248468455248
91 0.248460964372
868 0.248446086217
56 0.248435837736
93 0.248429880925
94 0.248428108189
77 0.248427615061
89 0.248416759662
99 0.248406045985
864 0.248403340838
88 0.248398704307
86 0.248396673545
85 0.248395456897
870 0.248384076664
866 0.248372971093
75 0.248361960992
74 0.248360659048
39 0.248350408487
64 0.248345851517
80 0.24834206954
78 0.248341373374
883 0.248340357942
29 0.248330552669
872 0.248325612391
45 0.248312460073
65 0.248310271985
68 0.248310153133
66 0.248308783186
63 0.248308165474
52 0.248302722658
60 0.248295384229
886 0.248288687467
38 0.24828654096
36 0.248286200738
41 0.248285842733
7 0.248282195092
20 0.248281790544
876 0.248280000777
53 0.248277936316
17 0.248277314667
19 0.2482730948
26 0.248268989812
48 0.248264188892
1 0.248251794271
9 0.248250412462
11 0.248249126026
23 0.248247329141
18 0.2482407711
890 0.248234178852
14 0.248231280231
10 0.248224933724
5 0.248216554016
898 0.248211610579
8 0.248206264589
3 0.248202668849
2 0.248176280952
896 0.248175282815
888 0.248164291256
904 0.248160288933
894 0.248133895963
895 0.248102584148
903 0.248082852881
919 0.248052154152
907 0.248039745892
911 0.248019243393
915 0.248002159499
922 0.248000213321
917 0.247968848065
923 0.247961098833
925 0.247949196417
933 0.247945234465
934 0.247942191559
936 0.247936792106
924 0.247930346698
926 0.247925901247
954 0.247900171688
947 0.247897695318
951 0.247869112138
930 0.247867263071
943 0.247852323728
944 0.24785151352
945 0.247840765324
938 0.247833824307
962 0.247813008481
956 0.247810757212
961 0.24780159431
953 0.247800871044
979 0.247748679947
981 0.247736063795
984 0.247734007861
974 0.247733246776
978 0.247720911689
968 0.247718724719
982 0.247704025092
989 0.247703794086
973 0.247700741047
987 0.247691611787
992 0.24768993105
995 0.247684308997
988 0.247681621068
1002 0.247679610705
996 0.247675808423
1004 0.247658652011
985 0.24765644124
1013 0.24763904065
1019 0.247636370227
1015 0.247634190167
990 0.247633923187
1008 0.247623519047
1011 0.247622780579
1006 0.247615272776
1009 0.247615210834
1031 0.247610428949
1016 0.247605721337
1010 0.247599664498
1035 0.247587731485
1022 0.24758509112
1026 0.247577266709
1027 0.247576157576
1029 0.24757522112
1049 0.247575031301
1050 0.247574885896
1051 0.247568644158
1048 0.247568386873
1043 0.247564809259
1060 0.247564532831
1024 0.247561844664
1025 0.24756142707
1037 0.247558717821
1017 0.247557776078
1063 0.24755336248
1062 0.247552734404
1020 0.247552101944
1045 0.247549429041
1055 0.247547450656
1032 0.247545331133
1057 0.247545270421
1074 0.247542365766
1080 0.24754205814
1039 0.247536523355
1041 0.247534257439
1040 0.247533560539
1085 0.247529529789
1054 0.247522783155
1084 0.247517581021
1087 0.247513400269
1067 0.247508667321
1068 0.247501940555
1073 0.247500674349
1061 0.247497163964
