5 1.0
1 0.182512340202
2 0.178543456841
7 0.166903244679
9 0.161029498004
8 0.160173205421
14 0.154994984934
26 0.154529559205
19 0.153856719285
18 0.153536566205
29 0.152799290555
41 0.15207056878
39 0.150847629177
48 0.146892859113
56 0.146380197911
64 0.146172722756
53 0.145589560587
60 0.144182605555
66 0.143769280103
68 0.143718143833
63 0.143556326164
3 0.143432444627
65 0.143399754298
78 0.142301151931
80 0.142279535895
89 0.142248088683
83 0.142241700986
93 0.142103643118
85 0.141931879795
88 0.141888194209
94 0.140840205154
92 0.140820047168
96 0.140588380477
91 0.14041743232
99 0.140160216688
11 0.140033467643
115 0.13997657833
119 0.139417177848
10 0.139027882448
36 0.138978431473
38 0.138970551754
17 0.138672452597
20 0.138607194322
23 0.138228908234
120 0.138127429964
45 0.137829886077
123 0.137595504692
132 0.137208561892
133 0.137206443609
125 0.137164425843
52 0.136992891652
134 0.136278636054
135 0.13618114989
136 0.135988277633
74 0.135953611447
75 0.135934318273
152 0.13583857349
138 0.135818632255
143 0.135738985674
77 0.135653121158
86 0.135404849597
102 0.135330940059
149 0.13507672003
110 0.134635918205
103 0.134315529297
169 0.134028469301
114 0.134011403072
166 0.134006594147
159 0.133986825428
124 0.133891017398
167 0.13363990912
176 0.133505035047
170 0.133453065975
188 0.133425134384
191 0.133365692733
178 0.132828564711
202 0.132810839914
174 0.132715979615
196 0.132519478529
189 0.132503408628
140 0.132458004192
199 0.132388943958
190 0.132324880483
185 0.132318150192
186 0.132274812129
209 0.132268008176
194 0.13223805159
213 0.13199220028
203 0.131451844301
210 0.131316845975
164 0.131214971664
163 0.131212742037
215 0.130984972993
179 0.130486145829
173 0.130172810905
224 0.130168248686
195 0.129946599659
182 0.129919042518
223 0.12952730208
212 0.128481776203
222 0.128095859971
217 0.128050340348
220 0.128006052417
228 0.125475884646
243 0.123624473501
265 0.123343974254
297 0.123078625183
230 0.123000619205
270 0.122936541674
310 0.122928791611
276 0.122894726008
296 0.122797849036
342 0.122708258571
352 0.122658888662
360 0.122585147801
232 0.122559519131
363 0.122551989254
290 0.122498996027
300 0.122448723207
269 0.122333416032
323 0.122281135147
373 0.122263501743
411 0.122233146402
321 0.122232282197
292 0.122017747224
294 0.122011989217
420 0.122001551167
239 0.121976605226
235 0.12192912105
348 0.121908747153
496 0.121905325501
236 0.121896420351
287 0.121872885011
365 0.121871200483
448 0.121868265174
497 0.12185828466
339 0.121846685482
379 0.121830469248
252 0.121813757253
408 0.121788730896
250 0.121741144548
421 0.121733487074
371 0.121714775113
397 0.12170755042
247 0.12170405406
362 0.121684427586
495 0.121670885892
393 0.121617019312
376 0.121614062854
291 0.121596530561
286 0.121596530328
240 0.121590334001
390 0.121586952725
447 0.121563407919
372 0.121550414777
331 0.121533182123
257 0.121524089255
345 0.121519698035
559 0.121514729715
454 0.121498313007
519 0.121491550672
612 0.121483339886
338 0.121470575474
553 0.121469850613
314 0.12146036811
632 0.121457235419
576 0.1214554321
302 0.121452135931
400 0.121446740172
357 0.121445440425
407 0.121445097177
325 0.121443906158
412 0.121442262161
676 0.121430182222
256 0.121421519773
261 0.121411306136
684 0.121409537531
298 0.121407452381
336 0.121406058517
349 0.121399600454
260 0.121397760676
267 0.121390481828
466 0.121367940591
324 0.121363162571
283 0.121362519648
598 0.12136019294
313 0.121360138491
369 0.121355711389
514 0.121349934888
234 0.121346345885
374 0.121345400156
574 0.121336341586
380 0.121324262227
301 0.121313185583
494 0.121302169953
561 0.121301581876
399 0.121296950387
449 0.121272002821
337 0.121267951074
271 0.12126668603
299 0.121266149477
340 0.121263278241
334 0.121257047252
305 0.121256855745
539 0.12125545206
315 0.121255040111
402 0.121246382778
664 0.121239465917
563 0.121237617835
382 0.121236814372
477 0.121234808106
385 0.121233862773
500 0.12123280743
307 0.1212305434
386 0.121228415025
361 0.121228388301
353 0.121217007538
259 0.121216885927
427 0.121216038506
485 0.121213028714
368 0.121211100334
364 0.121210462738
486 0.121208931751
626 0.121196371693
266 0.12118996826
396 0.12118995164
591 0.121188474877
335 0.121187084325
401 0.121180974429
518 0.121172591264
332 0.12116831197
817 0.121167493096
330 0.121167083864
272 0.121164971788
776 0.121155848886
264 0.121149580941
532 0.121142368937
508 0.121140536792
419 0.12113846989
534 0.121135826776
536 0.121133681884
696 0.121132617308
422 0.121129018603
515 0.121121906101
516 0.12111424952
279 0.12111223226
522 0.121109683312
805 0.121107129561
487 0.121101627213
303 0.121097625608
527 0.121094152066
783 0.121092938354
285 0.121092613724
391 0.121092012287
820 0.121090986794
306 0.121090405754
633 0.121084374199
766 0.12108115987
439 0.121071863547
370 0.121066176615
812 0.121062162247
359 0.121052587234
784 0.121047598728
836 0.121046776188
398 0.121046611419
453 0.121041541827
489 0.121041213658
493 0.12103830628
506 0.121038174471
458 0.121030234875
394 0.121029706524
582 0.121025250694
556 0.121022383517
476 0.121021826469
482 0.121019557272
638 0.121013083542
849 0.121012554262
479 0.121010344033
727 0.121003936642
435 0.120999178114
730 0.120999060411
457 0.120990366267
384 0.120989161705
541 0.120975457339
548 0.120970808981
509 0.120969942085
405 0.120966462292
531 0.12095959656
456 0.120957984914
605 0.120948240431
433 0.120948176383
409 0.120943358778
750 0.120942028366
552 0.120938840573
473 0.120937606248
432 0.120933131829
417 0.120927071899
624 0.120924240167
406 0.120923980776
741 0.12092299253
381 0.12092185931
488 0.12091379848
717 0.120910430592
635 0.120910203744
621 0.12090902421
653 0.120906759359
429 0.120905330527
520 0.120903694673
377 0.120903256092
378 0.120901890917
450 0.12090011736
550 0.120895053614
544 0.120889771267
606 0.120889006116
649 0.12088254358
588 0.120881953841
850 0.120876775072
798 0.120875691015
661 0.120873174232
629 0.120868179066
392 0.120867526338
627 0.120866382801
530 0.120858052158
578 0.120857940441
542 0.120854646988
673 0.120846393394
507 0.120846097854
792 0.120844250718
524 0.120842959302
662 0.120838326708
683 0.120836169095
510 0.120831682321
656 0.120828963994
543 0.120828045634
643 0.120826442227
503 0.120822563885
472 0.120814766744
573 0.120810757407
437 0.12080744712
675 0.12080616304
577 0.120800028305
823 0.120799905185
480 0.120799879884
589 0.120799052901
843 0.120796410337
567 0.120793272802
571 0.12078214649
693 0.120781319375
715 0.120779120302
611 0.120776540633
729 0.120773089961
580 0.120771879705
619 0.120771233054
714 0.120768197908
713 0.120766576609
538 0.12076381345
677 0.120762736922
708 0.120761518306
679 0.120758174084
614 0.120757911339
731 0.120752913621
644 0.120751072719
594 0.120744506865
703 0.120742435121
585 0.120741663269
533 0.1207397369
549 0.120734529825
484 0.120729139592
658 0.120726895998
754 0.120724744939
601 0.120724515808
540 0.120719559047
773 0.120714721453
659 0.120713303965
562 0.120713079825
746 0.120707105106
852 0.120705726883
788 0.12070449938
774 0.120700119627
663 0.120695677004
781 0.120692748645
669 0.120688046013
502 0.120680774114
808 0.120673067199
704 0.12067041393
596 0.120670203036
825 0.120669505528
513 0.120664835426
623 0.120661999276
547 0.120658120759
628 0.120657234644
724 0.120654503089
837 0.120653607295
660 0.120647180187
609 0.120644419453
782 0.12064385703
697 0.120642429651
613 0.120640803618
755 0.120638258357
640 0.120635480229
667 0.120633253227
650 0.120631559835
791 0.120625305967
763 0.120620629594
602 0.120615015323
742 0.120613312536
695 0.12060311528
778 0.120600288782
682 0.120597663552
856 0.120596051841
652 0.120592262765
698 0.12059038177
851 0.120586294307
617 0.120581791186
710 0.120580785382
865 0.120574793167
780 0.120569619195
738 0.120562382151
848 0.120560770764
581 0.120559921673
767 0.120547545865
787 0.120546612088
615 0.12054405493
735 0.120535719681
747 0.120534672193
775 0.1205301249
666 0.120527480965
709 0.120524583406
668 0.120522835702
862 0.1205219936
874 0.120515722188
833 0.120512959962
858 0.120510178661
834 0.120508415676
810 0.120508145575
861 0.120497904985
841 0.120492970333
845 0.120491025506
804 0.120489583953
733 0.120489507769
821 0.120481195662
645 0.120474266562
854 0.120472701937
732 0.12046997978
762 0.120469179183
687 0.12046680764
867 0.120462826726
869 0.120455319357
883 0.120444298066
716 0.120442890031
864 0.120440303582
721 0.120436836546
866 0.120425298475
280 0.120420373384
870 0.120418946248
295 0.120418181658
258 0.120412768375
722 0.120407727605
366 0.12040554895
868 0.120395632933
347 0.120390875981
857 0.120386407745
752 0.120377406287
890 0.120372640547
886 0.120360387489
245 0.120353758383
237 0.120352913407
248 0.120351982537
483 0.120351887199
254 0.120351107294
872 0.120349900542
241 0.12034745787
273 0.120345848524
395 0.120345662456
356 0.120345093735
229 0.120344796995
233 0.120344154905
253 0.120341925205
316 0.120341307544
828 0.120339410362
333 0.120338694522
896 0.120338073402
440 0.120337572736
446 0.1203371356
319 0.120336589355
829 0.120333870794
822 0.120330980132
383 0.120330016669
876 0.120327735027
375 0.120327265528
351 0.120325933328
461 0.120323815301
511 0.120323669498
517 0.120323088614
322 0.1203201653
898 0.120319580005
438 0.120318181775
308 0.120318071748
847 0.120314515997
888 0.120313739206
846 0.120309853094
431 0.120306428979
569 0.120305107886
329 0.120302905954
358 0.120302296704
504 0.120295976994
460 0.120295166085
546 0.120294529784
904 0.120292126429
590 0.120291953573
481 0.120291269808
344 0.120290728616
478 0.120289795293
389 0.120287532068
416 0.120286864971
642 0.120286423021
894 0.120285297933
600 0.120283574389
424 0.12028322252
251 0.120283192325
415 0.120282193276
565 0.120282031058
275 0.120280348564
895 0.120279722954
289 0.120279405003
326 0.120277619349
665 0.120277415376
560 0.120276701015
312 0.120276393341
263 0.120273314653
464 0.120273314161
655 0.120273295464
404 0.120271388394
526 0.120271337319
686 0.120267885984
274 0.120267581609
441 0.120265693607
616 0.120265649663
634 0.120265163802
317 0.120264582739
907 0.120262587303
554 0.12026219644
341 0.120255511416
242 0.120254684002
268 0.12025464639
244 0.120253861628
311 0.12025165493
444 0.120247529944
262 0.120247054272
579 0.12024404817
277 0.120243164565
922 0.120242536369
595 0.120242368128
465 0.120241703892
367 0.120241548834
705 0.120240894839
475 0.120240692526
418 0.120239064476
759 0.120238746776
281 0.120238560434
459 0.120237746335
278 0.120235745261
499 0.120235461493
814 0.12023353214
231 0.120232960229
827 0.12023259989
451 0.120232519398
826 0.120232217479
403 0.120229703741
423 0.120225876823
414 0.120224585866
712 0.120223772101
469 0.120221550382
537 0.120217667966
442 0.120216686515
455 0.120216075696
463 0.120213901331
320 0.120213888444
745 0.120213247663
467 0.120213047669
558 0.120213000273
707 0.120211675238
751 0.12021139497
545 0.120211002852
690 0.120210614514
564 0.120210240208
309 0.120210048448
387 0.120209652284
575 0.120208725903
436 0.120208701411
917 0.120207802952
523 0.120207731166
318 0.120206365134
282 0.120206195632
919 0.120206160183
903 0.120205515733
670 0.120205155002
529 0.120204968231
328 0.120204132605
474 0.120203205006
551 0.120202864987
425 0.120201599239
426 0.120201578323
800 0.12020146876
434 0.120201039606
802 0.12020089439
249 0.120199119536
445 0.120198537704
951 0.120196389649
954 0.120195717775
570 0.120194159196
284 0.120193333132
343 0.120193033141
468 0.120193000651
557 0.120190527597
618 0.120190498399
806 0.120189932306
809 0.120189093793
350 0.120187906557
925 0.120187836189
288 0.120186670943
924 0.120186373434
592 0.120184207623
818 0.120182902591
535 0.120182900089
388 0.120181888355
832 0.120181702717
831 0.120181686632
505 0.120181625544
521 0.120181443862
525 0.120180636704
934 0.120178417955
648 0.120177819052
911 0.120175816629
593 0.120174539273
452 0.120174522693
462 0.120173984433
572 0.12017382317
512 0.120173777589
304 0.1201736801
583 0.120172606162
410 0.120171348323
610 0.120171330542
528 0.120170407901
413 0.120170258353
915 0.120167974786
430 0.120167635988
604 0.120167083022
501 0.120165986042
238 0.120165643456
428 0.120164288674
346 0.120164281789
962 0.120163420942
651 0.120161291504
327 0.120160973998
491 0.120158065686
568 0.12015683677
933 0.120153612391
930 0.120152924798
492 0.120152713749
622 0.120152443813
672 0.120150858415
936 0.120149550665
923 0.120148362075
355 0.120147441516
566 0.120147314686
607 0.120146840502
680 0.120146809322
620 0.120144925588
599 0.120144476665
246 0.120143373382
688 0.120141631844
293 0.12013722607
938 0.120135993936
961 0.120133558576
678 0.120133279425
354 0.120133078444
926 0.12013219945
490 0.120132049313
947 0.12013138348
945 0.120131348844
636 0.120130719518
953 0.120130403557
654 0.120128987468
255 0.120128713946
471 0.120124133151
608 0.120121407944
555 0.120121089664
587 0.12012044759
630 0.120119567401
631 0.120118990014
725 0.120118849455
790 0.120117083614
646 0.120116265544
443 0.120113771486
711 0.120111345884
641 0.120110055848
647 0.120108240728
584 0.12010715077
586 0.120105742573
470 0.120104833106
702 0.120104008479
811 0.120103721242
813 0.120103279368
706 0.120102814752
757 0.120102727378
739 0.120101772854
597 0.120101051469
989 0.12010085151
956 0.120097799164
943 0.120097761425
603 0.12009764352
692 0.120097516212
944 0.120097430614
753 0.120097063526
691 0.120095277606
749 0.120094552631
771 0.120094527367
797 0.120090997726
498 0.120090779952
772 0.120090673021
764 0.120090054041
756 0.120089027334
785 0.120087226615
681 0.120086889371
769 0.120085568242
996 0.120084278793
700 0.120083267647
719 0.12008230053
720 0.120080268903
982 0.12008024027
979 0.120079433234
699 0.120079231736
803 0.120076933877
723 0.12007563234
968 0.120075112809
694 0.120074338081
1002 0.120073412415
981 0.12007298002
987 0.120072888076
701 0.120071847808
657 0.12006966326
625 0.120069634018
824 0.120068196525
779 0.120066797798
973 0.120065230911
1013 0.12006330227
637 0.120062387049
639 0.12006205037
1015 0.120061235908
835 0.120056783282
978 0.12005375081
689 0.120052890147
984 0.12005228135
799 0.120052103813
1019 0.120049951691
992 0.120049479757
985 0.120041909923
671 0.120041750121
974 0.120041397371
842 0.120038011173
1031 0.120035388737
777 0.12003536914
794 0.120034890169
988 0.120034501723
718 0.120034474119
758 0.12003446284
760 0.120034246415
786 0.120033595872
795 0.120031674439
990 0.120030448227
685 0.120028951802
995 0.120027416064
1016 0.12002621395
815 0.120025702415
819 0.120025186713
840 0.120022273313
796 0.120016719709
830 0.120015771436
1004 0.120015594901
1051 0.120012805987
743 0.120012258879
726 0.120012060228
1074 0.120009108005
1080 0.12000880446
839 0.120007918566
748 0.120007868906
838 0.12000776406
674 0.120006056465
1010 0.120005242884
1008 0.120005165699
1011 0.120004810408
1043 0.120004124472
1063 0.120004019982
1085 0.12000182905
728 0.120000365821
1035 0.119996602908
737 0.11999614386
1055 0.119994698595
1057 0.119993721782
1032 0.119990846654
1017 0.119989640869
770 0.119987793291
765 0.119987547472
816 0.119987460251
1020 0.119987131031
1048 0.119986965896
1006 0.119985473989
1009 0.119985339108
1024 0.119984878075
1040 0.11998475467
1025 0.119984664727
768 0.119984405675
789 0.11998402628
793 0.119982181398
1054 0.119978786421
761 0.11997665474
1049 0.11997498821
1050 0.119974966836
1039 0.119971958578
1022 0.119971231483
744 0.119971138012
1041 0.119970991496
1062 0.119970539557
1060 0.119969955529
1068 0.119968368778
1026 0.119967639049
1073 0.119967573239
1027 0.119967199101
1029 0.119966732862
734 0.119964557339
736 0.119963942069
740 0.119962030455
1087 0.119959794849
1037 0.119958728307
1061 0.119958134439
1067 0.119958007533
1045 0.119954764263
844 0.119943578778
801 0.119941439624
1084 0.119939407379
227 0.119925001533
807 0.119921076931
226 0.11983053606
225 0.119783543208
211 0.119643074955
216 0.119639909687
221 0.119639592548
219 0.119630565848
218 0.119610602338
853 0.119608473038
214 0.11959902123
197 0.119591831669
208 0.119582392705
207 0.119576531254
192 0.119568093686
206 0.119558509262
204 0.119549235974
205 0.119548387972
201 0.119542454923
200 0.119534231771
193 0.1195316833
198 0.119530022732
187 0.119525897475
180 0.11950855307
184 0.119506062178
181 0.119501356162
165 0.11948775173
172 0.119485794676
183 0.119484335206
177 0.119471038899
175 0.119470253943
157 0.119456461156
171 0.119455050525
153 0.119451853958
162 0.119450522019
161 0.119447422792
160 0.119445996636
855 0.119444577928
168 0.119442892562
148 0.11943803273
859 0.119435781516
156 0.119433464788
154 0.119433114939
147 0.119432848888
863 0.119425277348
158 0.119421296083
142 0.119420038597
860 0.119419326357
151 0.119413401882
145 0.119412251945
146 0.119411750302
155 0.119409474161
150 0.119408662634
144 0.11940788173
137 0.119392520799
139 0.119392390373
141 0.119384363253
131 0.119384146844
871 0.119380257618
128 0.119371168755
130 0.119363255466
873 0.119362186452
875 0.119355259515
878 0.119353617385
877 0.119346737391
126 0.11934291576
129 0.119337849414
127 0.119335766374
118 0.119330550995
885 0.119325823002
879 0.119322498945
109 0.119321765684
881 0.119318610772
880 0.119316348848
122 0.119315787305
121 0.119313784398
108 0.11930914046
887 0.119306468326
884 0.119302875712
117 0.119302062296
116 0.119300260044
882 0.119300203509
106 0.119295021379
113 0.119293623841
889 0.119290138338
900 0.119288879059
111 0.119287388195
107 0.119284519816
105 0.119280350871
95 0.119278784007
112 0.119278084581
104 0.11927709503
98 0.119276183804
100 0.119275277827
891 0.119274211706
892 0.119268913995
101 0.119268787625
893 0.119262669285
97 0.11926136401
90 0.11926009745
76 0.119257464599
897 0.119257459256
901 0.119254602822
902 0.119252568051
899 0.119251900223
73 0.119245268091
69 0.119242601726
87 0.119241890862
82 0.119241034965
79 0.119238482249
81 0.11923569141
914 0.119232207535
57 0.119230942663
59 0.11922601866
71 0.119224790887
70 0.119224293872
84 0.119222019991
906 0.119221753441
908 0.119221277363
909 0.119221277363
905 0.119217787712
61 0.119213570958
67 0.119213246555
910 0.119209016493
58 0.119203653021
72 0.119203434805
912 0.119202630128
42 0.119199516129
913 0.119199401067
37 0.119197939103
916 0.119197532773
55 0.119195767114
47 0.119193087466
51 0.11919233128
62 0.119191978466
28 0.119190233161
50 0.119189589386
49 0.119189292046
43 0.119188927502
918 0.119188054392
21 0.11918782711
921 0.119184989363
54 0.119180435197
927 0.11917960537
920 0.119175740135
32 0.119175229426
46 0.119173970785
44 0.119171630554
13 0.119170874146
31 0.119168881506
6 0.119167226586
40 0.119166772725
33 0.11916629129
30 0.119165700719
25 0.119159143593
24 0.119158215765
22 0.119156935234
15 0.119156689503
16 0.119155752143
12 0.119154270023
35 0.119154110339
34 0.119152787918
931 0.119149692891
928 0.119148345007
929 0.11914828884
4 0.119148227654
27 0.119148219171
932 0.11913479203
937 0.119134674038
942 0.119134022079
0 0.119131619484
935 0.119131513075
939 0.1191312349
941 0.119125319085
940 0.119123129737
950 0.119122486722
960 0.119121124438
946 0.119118591992
948 0.11911580227
952 0.119115007295
963 0.119114861976
949 0.119114694827
964 0.119114481903
955 0.119104699485
957 0.119103225217
958 0.119100610223
959 0.119099372967
972 0.119098855915
969 0.119091168396
965 0.119090656638
966 0.119083145636
986 0.119078018494
970 0.119077537739
971 0.11907666786
967 0.11907298773
975 0.119070045051
976 0.119065927436
977 0.119057266249
999 0.119051017614
980 0.119050366966
997 0.119050313499
983 0.119046893324
994 0.119034350968
991 0.119028760417
998 0.119027332694
1000 0.119027059291
993 0.119025605791
1001 0.119025334232
1007 0.119021119132
1042 0.119020310291
1005 0.119019691383
1012 0.119017405857
1003 0.119015944496
1014 0.119013218815
1059 0.119012009692
1018 0.119010654017
1023 0.119007898378
1077 0.1190020104
1028 0.11900154548
1052 0.1189998084
1021 0.118996373322
1030 0.118995882971
1058 0.118993171046
1033 0.118989984012
1047 0.118986223609
1038 0.118983618877
1036 0.118983410837
1046 0.118982785846
1034 0.11898251296
1044 0.118973937784
1086 0.118972443948
1053 0.118970781023
1056 0.118966754404
1070 0.118966697509
1082 0.118960785039
1065 0.118959377565
1088 0.118959201148
1064 0.118959170009
1066 0.118956692378
1069 0.118955240686
1072 0.118952635628
1075 0.118951449483
1076 0.118951282228
1071 0.118950024661
1078 0.118949698821
1081 0.11894878253
1083 0.118946987123
1079 0.118945323005
