0 0
1 0
2 1
3 1
4 0
5 1
6 0
7 1
8 0
9 1
10 1
11 1
12 0
13 0
14 1
15 1
16 0
17 0
18 0
19 1
20 0
21 0
22 0
23 1
24 1
25 1
26 1
27 0
28 0
29 1
30 1
31 0
32 1
33 0
34 1
35 0
36 0
37 1
38 0
39 0
40 0
41 1
42 1
43 1
44 0
45 1
46 0
47 0
48 0
49 0
50 1
51 1
52 1
53 1
54 1
55 1
56 1
57 0
58 1
59 1
60 1
61 0
62 0
63 1
64 0
65 1
66 1
67 1
68 1
69 0
70 1
71 1
72 1
73 0
74 0
75 0
76 0
77 1
78 0
79 1
80 1
81 1
82 0
83 1
84 1
85 0
86 1
87 0
88 1
89 0
90 1
91 0
92 1
93 1
94 1
95 1
96 1
97 0
98 1
99 0
100 0
101 0
102 1
103 0
104 1
105 1
106 1
107 0
108 0
109 0
110 0
111 1
112 0
113 1
114 0
115 0
116 1
117 0
118 0
119 0
120 1
121 0
122 1
123 0
124 0
125 1
126 1
127 1
128 1
129 0
130 1
131 1
132 1
133 1
134 0
135 1
136 0
137 1
138 1
139 0
140 1
141 1
142 1
143 0
144 1
145 1
146 1
147 0
148 0
149 1
150 0
151 1
152 1
153 1
154 1
155 1
156 0
157 1
158 1
159 1
160 0
161 0
162 0
163 1
164 0
165 1
166 0
167 1
168 1
169 0
170 1
171 0
172 1
173 0
174 1
175 0
176 1
177 0
178 0
179 1
180 0
181 1
182 0
183 1
184 1
185 1
186 0
187 1
188 0
189 1
190 1
191 1
192 1
193 1
194 1
195 1
196 1
197 1
198 0
199 0
200 1
201 0
202 0
203 1
204 1
205 1
206 0
207 1
208 4
209 4
210 1
211 1
212 2
213 2
214 5
215 4
216 6
217 6
218 4
219 3
220 2
221 2
222 5
223 2
224 2
225 5
226 4
227 4
228 6
229 6
230 6
231 2
232 6
233 2
234 3
235 6
236 5
237 3
238 2
239 3
240 2
241 4
242 3
243 6
244 2
245 3
246 6
247 4
248 2
249 4
250 6
251 6
252 6
253 3
254 2
255 4
256 6
257 2
258 6
259 4
260 4
261 4
262 3
263 2
264 2
265 2
266 2
267 2
268 3
269 3
270 2
271 5
272 3
273 2
274 2
275 6
276 2
277 2
278 5
279 2
280 4
281 3
282 3
283 2
284 3
285 4
286 4
287 2
288 2
289 2
290 2
291 3
292 5
293 2
294 3
295 2
296 3
297 2
298 2
299 2
300 2
301 2
302 2
303 2
304 3
305 2
306 4
307 4
308 6
309 2
310 2
311 2
312 3
313 4
314 2
315 3
316 4
317 4
318 4
319 2
320 2
321 5
322 4
323 2
324 4
325 3
326 3
327 3
328 2
329 5
330 2
331 5
332 4
333 2
334 2
335 2
336 2
337 5
338 2
339 2
340 2
341 6
342 5
343 2
344 4
345 6
346 2
347 3
348 2
349 6
350 2
351 6
352 6
353 3
354 5
355 4
356 2
357 6
358 3
359 2
360 5
361 2
362 4
363 2
364 2
365 3
366 2
367 3
368 6
369 2
370 2
371 2
372 6
373 2
374 6
375 4
376 5
377 6
378 6
379 6
380 6
381 5
382 4
383 3
384 5
385 2
386 3
387 6
388 3
389 2
390 2
391 2
392 4
393 6
394 2
395 6
396 2
397 5
398 6
399 2
400 2
401 6
402 2
403 3
404 4
405 2
406 2
407 5
408 2
409 3
410 2
411 6
412 4
413 2
414 2
415 2
416 2
417 2
418 5
419 5
420 6
421 2
422 2
423 2
424 2
425 4
426 6
427 5
428 6
429 2
430 5
431 2
432 2
433 5
434 2
435 4
436 6
437 5
438 2
439 2
440 4
441 6
442 3
443 4
444 2
445 4
446 5
447 2
448 6
449 6
450 2
451 3
452 2
453 2
454 6
455 2
456 2
457 2
458 6
459 5
460 4
461 2
462 6
463 2
464 2
465 6
466 4
467 3
468 4
469 4
470 3
471 6
472 2
473 6
474 2
475 2
476 4
477 4
478 4
479 4
480 5
481 3
482 2
483 2
484 5
485 2
486 6
487 4
488 2
489 2
490 2
491 3
492 2
493 5
494 6
495 2
496 2
497 3
498 6
499 2
500 2
501 2
502 2
503 5
504 6
505 2
506 2
507 2
508 5
509 2
510 2
511 2
512 2
513 2
514 5
515 2
516 2
517 6
518 2
519 5
520 4
521 3
522 2
523 2
524 3
525 5
526 2
527 2
528 6
529 4
530 2
531 6
532 6
533 2
534 4
535 6
536 2
537 2
538 6
539 6
540 2
541 2
542 3
543 6
544 3
545 4
546 3
547 6
548 2
549 2
550 3
551 4
552 2
553 2
554 6
555 2
556 2
557 2
558 5
559 2
560 4
561 6
562 2
563 4
564 2
565 5
566 4
567 6
568 6
569 6
570 6
571 5
572 4
573 2
574 5
575 5
576 3
577 2
578 2
579 4
580 2
581 6
582 2
583 5
584 5
585 2
586 6
587 3
588 2
589 2
590 6
591 3
592 5
593 3
594 2
595 2
596 2
597 2
598 6
599 6
600 2
601 4
602 2
603 2
604 3
605 2
606 2
607 2
608 2
609 2
610 6
611 2
612 4
613 6
614 3
615 4
616 3
617 2
618 2
619 6
620 6
621 5
622 2
623 2
624 2
625 5
626 5
627 2
628 3
629 3
630 3
631 5
632 3
633 6
634 2
635 5
636 3
637 5
638 3
639 3
640 4
641 6
642 5
643 4
644 2
645 2
646 6
647 5
648 4
649 3
650 2
651 6
652 4
653 2
654 6
655 2
656 6
657 3
658 6
659 5
660 2
661 3
662 2
663 2
664 3
665 6
666 2
667 2
668 6
669 2
670 3
671 2
672 5
673 2
674 2
675 6
676 6
677 2
678 3
679 4
680 4
681 2
682 4
683 6
684 6
685 2
686 2
687 2
688 2
689 3
690 4
691 2
692 6
693 6
694 3
695 2
696 2
697 6
698 2
699 2
700 2
701 6
702 3
703 2
704 3
705 2
706 2
707 5
708 4
709 6
710 4
711 2
712 2
713 4
714 6
715 2
716 6
717 3
718 5
719 3
720 2
721 5
722 3
723 2
724 4
725 3
726 2
727 3
728 6
729 4
730 4
731 6
732 2
733 2
734 4
735 2
736 4
737 5
738 2
739 2
740 5
741 2
742 3
743 2
744 2
745 6
746 2
747 4
748 6
749 5
750 3
751 2
752 2
753 6
754 2
755 2
756 6
757 3
758 4
759 2
760 5
761 4
762 2
763 2
764 4
765 2
766 5
767 3
768 3
769 2
770 4
771 3
772 6
773 2
774 3
775 4
776 6
777 6
778 5
779 2
780 5
781 2
782 2
783 5
784 5
785 4
786 3
787 2
788 2
789 6
790 6
791 2
792 2
793 3
794 6
795 2
796 2
797 5
798 6
799 6
800 4
801 2
802 6
803 5
804 6
805 2
806 2
807 3
808 2
809 6
810 3
811 4
812 6
813 3
814 2
815 2
816 5
817 2
818 2
819 2
820 2
821 2
822 6
823 2
824 2
825 6
826 3
827 6
828 2
829 3
830 2
831 5
832 3
833 3
834 6
835 3
836 3
837 3
838 3
839 7
840 7
841 6
842 4
843 7
844 7
845 7
846 8
847 8
848 8
849 8
850 8
851 8
852 8
853 8
854 7
855 7
856 8
857 7
858 8
859 8
860 7
861 7
862 8
863 8
864 8
865 8
866 8
867 7
868 8
869 7
870 8
871 8
872 7
873 7
874 8
875 7
876 7
877 7
878 7
879 8
880 7
881 8
882 8
883 7
884 7
885 8
886 8
887 8
888 8
889 7
890 7
891 7
892 7
893 7
894 7
895 7
896 7
897 7
898 8
899 7
900 7
901 7
902 7
903 8
904 8
905 7
906 7
907 8
908 8
909 8
910 8
911 7
912 8
913 8
914 8
915 7
916 7
917 7
918 7
919 7
920 7
921 8
922 7
923 8
924 7
925 7
926 7
927 7
928 8
929 8
930 7
931 7
932 7
933 8
934 7
935 8
936 8
937 8
938 8
939 7
940 7
941 7
942 7
943 8
944 8
945 7
946 7
947 7
948 8
949 8
950 8
951 8
952 8
953 7
954 7
955 7
956 8
957 7
958 7
959 8
960 8
961 8
962 7
963 8
964 8
965 8
966 7
967 8
968 8
969 7
970 7
971 8
972 8
973 8
974 7
975 7
976 8
977 7
978 7
979 8
980 8
981 7
982 8
983 7
984 7
985 8
986 7
987 7
988 7
989 8
990 8
991 8
992 8
993 8
994 7
995 8
996 8
997 7
998 8
999 8
1000 8
1001 8
1002 8
1003 8
1004 7
1005 8
1006 8
1007 8
1008 7
1009 7
1010 7
1011 7
1012 7
1013 8
1014 7
1015 7
1016 7
1017 8
1018 8
1019 8
1020 7
1021 7
1022 7
1023 8
1024 7
1025 7
1026 8
1027 8
1028 7
1029 7
1030 8
1031 8
1032 8
1033 7
1034 7
1035 8
1036 7
1037 8
1038 8
1039 8
1040 8
1041 8
1042 8
1043 7
1044 7
1045 7
1046 7
1047 7
1048 7
