110 1.0
11 0.387127708335
102 0.387127445285
3 0.387125598305
36 0.387124077657
38 0.387123712378
124 0.387080837254
163 0.38689775966
222 0.386716425089
78 0.386221683031
80 0.386220456745
60 0.386211903211
53 0.386208471042
99 0.386204632186
66 0.38619922442
8 0.386198336146
2 0.386197663182
68 0.386196223702
120 0.386184353956
94 0.386106727733
85 0.386101413547
88 0.386099630678
52 0.386098709085
86 0.386094454301
10 0.386094234497
74 0.386094219395
75 0.386093824125
23 0.386091823318
114 0.386084972237
18 0.386080280332
539 0.386050772387
143 0.386047956028
89 0.386018031188
14 0.386007229038
633 0.385997988294
103 0.385979895543
20 0.385971149224
77 0.385959086782
741 0.385959081496
45 0.385956260339
17 0.385951567259
83 0.38594623169
92 0.385946176829
96 0.385939527212
792 0.385939391103
140 0.385939022493
39 0.385930358481
1 0.385925825711
56 0.385921767634
29 0.385920919675
7 0.385917201501
176 0.385915378514
132 0.385915179737
133 0.385915022742
149 0.385911107317
851 0.385869025507
196 0.385867170305
199 0.385862792318
166 0.385862561575
854 0.385856476792
164 0.385844205498
857 0.385839523248
903 0.385799027904
179 0.385794021021
915 0.385793140526
911 0.385791408604
926 0.385788536085
944 0.385785995851
943 0.385785849375
923 0.385784549697
189 0.385783347499
194 0.385777051019
169 0.385765457891
974 0.385764514111
1022 0.385761811744
1045 0.385753885155
1029 0.38575310698
195 0.385752767233
1084 0.38575268463
1027 0.385752524547
1026 0.385752074149
1009 0.385751653866
1006 0.385751264274
1037 0.385748051025
210 0.38573429114
235 0.385716116885
173 0.38568625016
182 0.385679017499
240 0.38560714061
215 0.385600420047
212 0.385572252069
217 0.385561503629
224 0.385560320707
220 0.385559814559
223 0.385480190954
314 0.385410929554
479 0.385408971883
267 0.385381408249
398 0.385381078594
243 0.385370936842
256 0.385365881781
260 0.385362406026
544 0.38535771206
265 0.385341119828
305 0.385317376018
297 0.385309538444
332 0.385299760005
507 0.38528996492
510 0.385288116228
361 0.385285661365
364 0.385283505438
330 0.38528133998
230 0.385257442108
755 0.385244479533
296 0.385239694456
660 0.385209464325
411 0.38519352129
290 0.385190587586
667 0.385188573608
300 0.385187600589
359 0.3851848939
432 0.385173600676
473 0.385158809249
323 0.385158342196
373 0.385156673312
488 0.385156453416
450 0.385155691333
497 0.385142506698
810 0.385137954262
845 0.385133675379
841 0.385132634177
619 0.385130051259
269 0.38512977665
611 0.385129696295
420 0.385127657014
644 0.385120990516
406 0.385119921934
543 0.385113323152
658 0.385113304464
571 0.385093280001
580 0.38509273447
538 0.38509262832
549 0.385080561207
612 0.385070802772
472 0.385064678952
480 0.385063520491
562 0.38505873316
632 0.385054917257
778 0.385050853563
348 0.385049067409
623 0.385047925159
298 0.385042750737
742 0.385027326151
397 0.385020506758
519 0.385015819273
776 0.385001111865
340 0.384999132163
820 0.38499622053
805 0.384992614682
271 0.384990850828
609 0.384985587058
574 0.384980240689
747 0.384968776084
766 0.384959840145
784 0.384950378979
495 0.384941973439
735 0.384936735027
696 0.384926082139
408 0.384925006955
421 0.384921256458
821 0.384920467454
563 0.38490755184
553 0.384902621602
907 0.384901657761
591 0.38489182229
861 0.384885564249
858 0.384883286579
953 0.384881312067
869 0.384878653114
867 0.384876914409
886 0.384870053319
598 0.384869869091
898 0.384864395442
1032 0.384862732103
1068 0.384860918399
384 0.384859894034
1040 0.384856527499
904 0.384855566915
1073 0.384854655363
1054 0.384851570726
934 0.384841721141
664 0.384840885547
981 0.384837256576
530 0.384836876945
979 0.384834875859
750 0.384834725393
992 0.384833753096
798 0.384833076233
417 0.384832016985
1035 0.384826033479
1048 0.384824064321
561 0.384821786846
866 0.384821170002
1087 0.384820039047
864 0.384817671386
888 0.384814553841
626 0.384806835155
895 0.384805983301
567 0.384799926766
917 0.38479470791
938 0.384786681682
924 0.384786667862
930 0.384782125398
968 0.384779213269
659 0.384772864756
990 0.38477136899
973 0.384770365126
1020 0.384769346556
1017 0.384767025468
985 0.384766572901
730 0.384756907997
727 0.384756039362
1061 0.384754390648
876 0.384752582067
704 0.384750858575
872 0.384747915588
763 0.384738866819
870 0.384732611603
956 0.384721117372
894 0.384717249496
978 0.384712628399
596 0.384710857021
988 0.384708830671
945 0.384704769973
1011 0.384701826356
1008 0.384700094481
925 0.384700077095
1062 0.384696341623
682 0.38469141998
710 0.384681432379
1067 0.384679197741
1041 0.384677729177
1010 0.384677271379
1025 0.384677224856
1024 0.38467680383
868 0.38467649929
1039 0.384675743983
775 0.384657079073
919 0.384656112389
936 0.384645832766
933 0.384644430575
947 0.384639335239
1004 0.384636467631
984 0.384630901824
995 0.384629630656
1050 0.384619759243
1049 0.384619708251
1060 0.384619579419
259 0.383658385965
283 0.383651073434
301 0.383647886062
306 0.383631590801
315 0.383625295784
234 0.383566837167
377 0.383564691369
378 0.383564658748
392 0.383563787268
502 0.383484918131
533 0.383476166958
581 0.38345003665
261 0.3834123847
437 0.383408749354
266 0.383400229331
272 0.383398212054
484 0.383386207581
732 0.383384010282
503 0.383379190621
722 0.383377301234
303 0.383375845166
752 0.383366263369
335 0.383362639775
613 0.383323564509
394 0.383319755485
381 0.383314827918
652 0.383307792251
264 0.383303002459
687 0.383288901677
299 0.383286980718
307 0.38328411686
279 0.383283067383
433 0.38328184214
709 0.383280258683
822 0.383232408458
547 0.383226681536
846 0.383222423743
409 0.383201530995
617 0.383197185322
650 0.383185511264
668 0.383170699437
513 0.383147700966
540 0.383131834644
285 0.383114558122
615 0.383105072956
370 0.383081384807
716 0.383072663587
721 0.383059317527
733 0.383055849203
405 0.383040217716
828 0.383037902258
429 0.383020925774
602 0.382928453808
645 0.38290814296
666 0.38289674118
829 0.382839077519
847 0.382826265259
48 0.382598151706
65 0.38259311176
63 0.382592652182
123 0.382568372735
125 0.382567250971
134 0.382561948987
135 0.382560652418
138 0.382557751692
167 0.382542621507
170 0.382541952215
178 0.382536030961
190 0.382532357912
1085 0.382488308855
1074 0.382487790389
1080 0.382487168192
1015 0.382484493075
1013 0.382483779549
996 0.382482374458
989 0.382481690461
962 0.382476766674
951 0.382474370014
228 0.382457711528
856 0.382444357926
850 0.382423082225
310 0.382413331022
342 0.382407036454
5 0.382405853862
360 0.38240355084
363 0.382402697224
26 0.382399852224
41 0.382397984259
817 0.38239605357
64 0.382391467146
684 0.382382564493
676 0.382381814509
93 0.382380510834
115 0.382370921729
9 0.38237053843
19 0.382368120576
119 0.38236611331
91 0.382347693501
152 0.382345969933
188 0.382327585221
191 0.38232699847
136 0.382325436998
202 0.382320676502
209 0.382316227775
213 0.382313021593
159 0.382312869982
1063 0.382307997222
1051 0.382307629438
1031 0.382305585492
174 0.38230452335
1019 0.382303341747
1055 0.382302593888
1057 0.382302561171
1043 0.382302030347
1002 0.382300696925
185 0.382300319563
186 0.382300111909
1016 0.382299790114
987 0.382295336814
982 0.382295001014
203 0.382293400984
961 0.382289643804
954 0.382289234483
922 0.382278128589
896 0.382267619649
883 0.382266575912
890 0.382264639036
874 0.382259864534
865 0.38225469114
862 0.382249798318
852 0.382231464426
352 0.382199567091
849 0.382198568878
270 0.382197701224
276 0.382196890445
836 0.382193118516
812 0.382189502429
783 0.382186447295
496 0.382180541668
448 0.382174674771
576 0.382171439249
559 0.382171384975
321 0.381821297758
345 0.381805744553
837 0.381803852329
447 0.381797883086
713 0.381790510272
487 0.381790386676
548 0.381787147366
252 0.381743388583
250 0.38173181119
338 0.381728379166
365 0.381727165005
380 0.381722481642
843 0.381717624584
393 0.381717221994
454 0.381712871703
506 0.381712330613
552 0.381710032538
588 0.381709428628
703 0.381709275416
419 0.381708699488
476 0.381705668256
494 0.381705414485
509 0.38170478788
379 0.38164850833
808 0.381647791671
781 0.381644415238
774 0.38164380905
754 0.381641066144
656 0.381634332875
627 0.381634229835
514 0.381629866278
247 0.381624821787
339 0.381612988884
823 0.381612461254
382 0.381605775423
385 0.381605519616
386 0.381605357988
390 0.381604423104
401 0.381604000117
396 0.381603677176
422 0.381601602075
717 0.381600744152
550 0.381597586528
466 0.381596477433
638 0.381594243998
292 0.381524411743
400 0.381510790645
661 0.381510313369
516 0.38150760295
508 0.381507044028
825 0.381452560402
287 0.381442270889
708 0.381439282666
606 0.381436180184
773 0.381436123892
629 0.381435392294
427 0.381434147244
731 0.381431751834
715 0.381430663045
788 0.381366729687
729 0.381360620367
372 0.381359690568
683 0.381357547171
673 0.381356825243
649 0.38135563444
449 0.381355551746
527 0.381353270487
714 0.381345751942
693 0.381344151544
675 0.381341811046
331 0.381337506606
357 0.381336435087
399 0.381333941574
541 0.381333508179
368 0.380801508018
698 0.380784405933
605 0.380755577583
302 0.380736287769
324 0.380734344384
232 0.380728515821
457 0.380726468724
371 0.380717760491
738 0.38071740157
500 0.380706019111
532 0.38070375913
534 0.38070305381
624 0.380698119378
635 0.380697917816
746 0.380695807185
848 0.380695510022
791 0.380695386188
313 0.380693867017
577 0.380680837103
669 0.380677871744
663 0.380677757502
294 0.380676581306
362 0.380671256604
376 0.380669870042
518 0.380657127458
536 0.380656492166
582 0.380653492122
653 0.380650052824
334 0.380649556459
435 0.380644621178
456 0.380644136451
524 0.380642541172
601 0.380641338403
585 0.380640718729
695 0.380640126323
383 0.380638570207
504 0.380638087449
248 0.380636727971
832 0.380631749518
831 0.380631441722
258 0.380618377914
446 0.380612641638
546 0.380611485676
565 0.380610812299
616 0.380609212898
522 0.380607013563
556 0.380605150425
782 0.380603596133
621 0.380603432315
751 0.380603016883
662 0.380602795871
241 0.380585670081
273 0.380585483344
319 0.380584867965
233 0.380583427624
229 0.380583418631
460 0.380582395676
554 0.38058073641
690 0.38057164969
818 0.380567950506
642 0.380558547837
665 0.380558367064
483 0.380556612839
569 0.380556479938
295 0.38055566493
366 0.380555643319
280 0.380554905747
349 0.380551040163
369 0.3805506201
573 0.380547918109
589 0.380547813948
614 0.380547695088
804 0.380547570987
257 0.380538636823
337 0.380534303558
353 0.380533003429
391 0.380529996585
461 0.380521188062
634 0.38052106295
395 0.380520632225
705 0.380519968773
245 0.38051678758
254 0.380516132383
628 0.380516007769
640 0.380514638853
762 0.380509984329
407 0.380504142667
412 0.380504056365
477 0.380497757772
485 0.380496988265
486 0.380496626025
515 0.380494004235
347 0.380493656046
590 0.380493085875
511 0.380492420246
517 0.380492396386
655 0.380492287501
759 0.380489901596
643 0.380485047834
677 0.380482874597
679 0.380482468152
833 0.380479938919
780 0.38047957526
239 0.380474657174
697 0.380472914559
482 0.380472332143
356 0.380457545089
438 0.380454176058
560 0.380453660873
374 0.380450454384
402 0.38045033796
800 0.380450087006
578 0.380449936333
489 0.38044964936
493 0.380449646436
802 0.380449632839
531 0.380449372029
724 0.380448477181
834 0.380446974225
787 0.380446676493
424 0.380432690443
595 0.380429837575
579 0.380429585644
251 0.380428611591
707 0.380424040414
806 0.38042154259
809 0.380421118841
767 0.38041088535
542 0.380407594514
520 0.380407229774
439 0.380406287684
286 0.380406173907
453 0.380405926859
325 0.380405872086
458 0.380405808553
336 0.380405629814
316 0.380402960033
253 0.380402808702
333 0.380402019918
375 0.380399537254
481 0.380397022004
712 0.380387537427
745 0.380385367872
686 0.380360976542
600 0.380360195289
440 0.380358810126
814 0.380357142733
237 0.380357044475
827 0.38035633419
826 0.380356256501
236 0.380281374946
291 0.380280216631
594 0.380275913782
462 0.379722505897
452 0.379721511502
343 0.37971780314
608 0.379715300585
529 0.379708889581
523 0.379708807297
557 0.379707697443
694 0.379706489622
701 0.379706295521
593 0.379706157849
317 0.379705660773
468 0.379697537074
231 0.379696415421
566 0.379696013037
753 0.379694929949
796 0.379694242448
764 0.37969333687
646 0.379692454869
777 0.379680053523
387 0.379674017117
501 0.379672499187
699 0.379660326707
474 0.379653414462
535 0.379652893567
436 0.379652032681
654 0.379645901598
475 0.379645052062
444 0.379644864052
499 0.379644700688
702 0.379642679105
320 0.379642340121
706 0.379642223845
311 0.379637802986
558 0.379637706055
564 0.379637646379
441 0.379637237324
618 0.379636986375
431 0.379636862317
478 0.379636644224
526 0.379636287997
648 0.379635989878
351 0.379635010449
277 0.379634919237
322 0.379632825473
308 0.379632300967
670 0.379630342328
688 0.379630005681
840 0.379627979927
464 0.379623569454
416 0.379623484569
797 0.379622449046
418 0.37962203239
622 0.379621930113
358 0.379621084908
329 0.379619171942
769 0.379618488007
341 0.379615593331
790 0.37961389376
463 0.379610834275
423 0.37961021759
467 0.379609793519
455 0.379609790051
442 0.37960861734
242 0.379608297745
415 0.379604323323
389 0.379604267012
268 0.379603055833
678 0.379602822348
785 0.379602729316
711 0.379602601311
244 0.379601683699
344 0.379600752353
824 0.379599489658
739 0.379597542899
289 0.379596325134
275 0.379596022867
756 0.379595891582
263 0.379594934356
779 0.379594366423
575 0.379593360245
799 0.379591307781
537 0.379591289326
545 0.379590792914
811 0.379590753759
813 0.379590692816
570 0.379589844113
465 0.3795894509
725 0.379584071789
592 0.379576595846
451 0.379575911347
835 0.379575548539
651 0.379573487595
672 0.379572942149
771 0.37957233429
680 0.379571740116
262 0.37956801416
757 0.379565102545
772 0.379562270605
388 0.379559166265
491 0.379558829064
350 0.37955811638
630 0.379554848848
631 0.379554791724
723 0.379547344535
794 0.379539237047
819 0.379537327953
815 0.379537085531
404 0.379486206761
551 0.379485572902
521 0.379484106659
568 0.379482982133
620 0.379482874754
610 0.379482866482
425 0.379482843983
434 0.379482575907
505 0.379482490163
326 0.379482314834
426 0.379482228744
528 0.379482124924
312 0.379481221186
274 0.379478628952
459 0.379477958846
328 0.379476797179
282 0.379473816146
281 0.379472336235
749 0.379472304158
278 0.379472211684
249 0.379470956253
681 0.379469981955
842 0.379461756247
469 0.37946118467
607 0.379458844323
803 0.379454507234
692 0.379453018118
719 0.379451527376
720 0.379451028834
403 0.379449740628
367 0.379449552765
414 0.379449397882
583 0.379448369869
572 0.379448155125
604 0.379447947027
636 0.379445349047
786 0.379445140131
838 0.379441826764
309 0.379440918434
691 0.379439661252
795 0.379427903439
830 0.37942487987
839 0.37942329481
288 0.379312444662
700 0.379311048377
238 0.379308463191
413 0.379204407031
428 0.379203820517
304 0.379202387128
246 0.379198216475
586 0.379198184323
597 0.379197619955
726 0.379186128087
498 0.379181951736
471 0.37918162165
355 0.379180607469
293 0.379177948672
685 0.379173774155
744 0.379171753545
728 0.379170719659
807 0.37916543091
801 0.379162686383
512 0.379160752778
219 0.379156845305
641 0.379156597797
647 0.379156568747
227 0.379155758188
525 0.379152795386
445 0.379152589069
599 0.379150125634
318 0.379149931516
226 0.379149211639
284 0.379148113242
789 0.37914188644
793 0.379141840091
150 0.379139030008
758 0.379138598361
760 0.379138491647
844 0.379137811133
584 0.37913719272
141 0.379136723245
689 0.37913424246
214 0.379133390062
816 0.379133078647
129 0.379132854655
127 0.379132793557
346 0.379131667427
122 0.3791309569
327 0.37913094706
121 0.379130754168
206 0.379130157361
204 0.379129463666
201 0.37912882865
855 0.379128218448
107 0.379128140668
893 0.379124267773
175 0.379123495353
67 0.379122203668
58 0.379121326292
906 0.379120679331
871 0.379120178832
879 0.379119388775
912 0.379118862981
913 0.379118730582
916 0.379118721199
31 0.379118574291
155 0.37911850833
882 0.379117516308
211 0.379115601869
881 0.379115553975
892 0.379115227757
884 0.379114587829
197 0.379112303186
946 0.379112244589
908 0.379111298651
909 0.379111298651
901 0.379110723571
958 0.379110509667
959 0.379110503775
192 0.379110473459
113 0.379109204988
101 0.379107114402
112 0.37910707429
980 0.37910628168
983 0.379105965326
165 0.379105154559
81 0.37910452037
157 0.379102946976
153 0.379102552234
84 0.379102294917
148 0.379102075962
147 0.379101697085
49 0.379101474265
50 0.379101349609
72 0.37910055695
969 0.379100475962
142 0.379100155346
13 0.379099961372
207 0.379099938209
6 0.379099840581
62 0.37909965264
54 0.379098725241
137 0.379098605597
131 0.379098128076
1076 0.379098040564
997 0.379097449105
128 0.379097387005
443 0.379097256398
470 0.37909693066
35 0.379096896157
354 0.379096767789
34 0.37909672229
27 0.379096296044
875 0.379095662304
1042 0.379095223038
0 0.379095196752
1059 0.37909459653
1077 0.379094006238
109 0.379093865108
1001 0.379091767344
1014 0.379090764361
878 0.379090538214
674 0.379089320286
1046 0.37908834603
73 0.379088304329
158 0.379087702349
899 0.379087343854
151 0.379087222112
59 0.379087177266
47 0.379085214329
734 0.379085015506
736 0.379084993966
905 0.379084860548
740 0.379084771623
43 0.379084560873
885 0.379081258098
900 0.379078587718
935 0.379077760774
940 0.37907663098
100 0.379075882815
914 0.379075210124
942 0.379074971391
90 0.379074483025
950 0.379074281202
952 0.379073817324
146 0.379072383426
144 0.379072040084
965 0.379071907015
976 0.379071800492
927 0.37907111362
139 0.379070823629
994 0.379068961944
46 0.37906800966
492 0.379067806266
587 0.379067495186
430 0.37906737174
555 0.3790672131
40 0.379067108268
15 0.379066853488
963 0.379066846876
960 0.379066835435
410 0.379066785141
964 0.379066783257
1000 0.37906674792
24 0.379066624173
118 0.379066394964
603 0.379065737285
972 0.3790653217
1047 0.379065206199
1030 0.379064724216
657 0.379064138996
986 0.379064045177
1033 0.379063811135
1038 0.379063775349
1082 0.379063345185
95 0.379062449233
1056 0.379062208285
999 0.379061905033
1069 0.379061699937
1075 0.379061632523
1083 0.379061389461
718 0.379058925046
71 0.379058872809
70 0.37905885243
1052 0.379058716846
1058 0.379058255945
1086 0.379057487001
51 0.379056642996
743 0.379056584475
765 0.379056072524
768 0.379056055904
748 0.379055936843
44 0.379055292009
30 0.379055053389
33 0.379054968251
770 0.379053810704
205 0.379050524231
490 0.379049274609
625 0.379048829171
637 0.379048215093
639 0.379048207298
671 0.379046778124
183 0.379045704637
171 0.37904357973
737 0.379043149268
168 0.379042845711
860 0.379042379653
761 0.379041460402
255 0.379037853109
117 0.379032557068
891 0.379032550631
116 0.379032345878
111 0.379031089122
105 0.379030986816
221 0.379030809782
104 0.379030763197
97 0.379029357265
87 0.379028188682
853 0.379027167965
208 0.379026909279
216 0.379026023674
918 0.379025727896
920 0.379025003259
55 0.379024682452
193 0.379023763113
184 0.379022158871
181 0.379021698257
187 0.379018873643
180 0.379017853787
966 0.37901748129
971 0.379017244907
970 0.379017203348
172 0.379016207074
162 0.379013981263
225 0.379013929084
161 0.379013885011
160 0.379013783189
1007 0.379013123635
156 0.379012980496
154 0.379012880111
1012 0.379012648449
1023 0.379012149868
1018 0.379012115497
130 0.379011923735
145 0.379011405738
1028 0.37901118763
877 0.37901050106
1070 0.379009372672
1088 0.379009133196
887 0.379009100775
880 0.379008680476
108 0.379008565035
126 0.379006862101
902 0.379005763364
76 0.379005008254
897 0.379004897503
218 0.379004193399
859 0.379004120598
69 0.379004079297
106 0.379003932678
863 0.379003491981
57 0.379003244975
98 0.379002647862
37 0.379001799973
42 0.379001570743
910 0.379001547418
28 0.379001141151
21 0.379001016696
921 0.379000967786
82 0.3790002236
79 0.378999934557
873 0.378999652262
200 0.378999039459
198 0.378998786988
931 0.378998542273
939 0.378996877571
941 0.378996483089
932 0.378996250234
25 0.378995468552
16 0.378995147688
889 0.378995088828
22 0.378995055079
12 0.378994890173
177 0.378994805879
4 0.378994741317
967 0.37899146604
977 0.378990144163
1003 0.378988255249
991 0.378987911274
993 0.378987811413
1036 0.37898613396
1021 0.378985532043
1053 0.378985195367
928 0.378985020485
929 0.378984907648
1034 0.378984501199
1065 0.378984261276
1044 0.378984084825
1078 0.37898386495
1072 0.378983822777
937 0.378983787577
1081 0.378983468194
1064 0.378983087436
1066 0.378982747124
948 0.378982590105
949 0.378982532865
1071 0.378982515761
1079 0.378982290255
955 0.378981261822
957 0.378981231795
975 0.378979125549
61 0.378976802009
998 0.378975714125
1005 0.378975255976
32 0.378974344375
