300 1.0
290 0.419989732419
323 0.419977737118
230 0.419970850494
179 0.419873068763
195 0.41986055965
164 0.419850396484
140 0.419840762111
114 0.419824993902
86 0.419806883043
52 0.419805250244
74 0.419805041147
75 0.419804775739
10 0.419797560324
23 0.419796933245
519 0.419793466127
574 0.419750967923
696 0.419703831274
866 0.41954129048
864 0.419538445921
888 0.419509990217
895 0.419498032644
917 0.419497468615
924 0.419486439581
938 0.419483659323
930 0.419479128254
973 0.419460852397
968 0.419455054238
985 0.419454426024
990 0.419443013982
1020 0.41943680842
1061 0.419435201723
1017 0.419434341716
235 0.419172752806
345 0.419132806763
314 0.41905206658
252 0.419036942134
338 0.418990135956
487 0.418975698312
380 0.418946793867
479 0.418937728798
310 0.41892393673
265 0.418919202771
250 0.41891155764
297 0.418906854491
243 0.418905436386
228 0.418897101805
548 0.418893327917
342 0.418890965666
360 0.418885516582
544 0.418878983547
363 0.418861821164
361 0.418831916446
506 0.418820139619
170 0.418812827951
190 0.418812674627
196 0.418803425477
364 0.418803000308
178 0.4188015024
713 0.418800016964
199 0.418798932718
167 0.418796923989
138 0.418796401496
411 0.418796280312
134 0.418787439835
123 0.418785623557
135 0.418783839078
627 0.418783218279
125 0.418782709477
176 0.418779840655
65 0.418777110758
419 0.418774530524
552 0.418768794831
837 0.418764556812
656 0.418764433615
120 0.418763151108
270 0.418762675113
143 0.418762068297
48 0.418760770614
276 0.418760320296
63 0.418759485894
99 0.41875595733
66 0.418751563834
68 0.418748920397
78 0.418747233576
588 0.418746469566
80 0.418746437667
755 0.418746002011
60 0.418739684075
53 0.418737023483
644 0.418733042908
754 0.418730764652
8 0.418727362267
2 0.418725966796
781 0.418724911885
774 0.41872108301
497 0.418715871473
808 0.418714134484
476 0.418713853514
611 0.418702261789
703 0.418692706092
247 0.41868904852
509 0.418688246637
473 0.418685947858
488 0.418683368062
619 0.418678101217
658 0.418659387033
203 0.418658252677
676 0.418657677991
185 0.418655123989
186 0.41865460655
612 0.418653455987
298 0.418648175298
159 0.418645621079
174 0.418644506556
684 0.418640352487
543 0.418633470401
632 0.418633400926
224 0.418622230567
448 0.418620097934
136 0.418619108173
215 0.418615070042
778 0.418609834096
571 0.418609394883
169 0.418607414284
91 0.418606388992
817 0.418600177992
340 0.418599670458
382 0.418596739541
9 0.418596544695
385 0.418596189376
386 0.418595101456
19 0.418592808475
580 0.418583943237
132 0.418577277295
133 0.418577170079
396 0.418567015707
89 0.418567008988
776 0.418566891592
401 0.418566401406
820 0.418560723284
805 0.418556228888
269 0.418542397653
850 0.418540888163
422 0.418536153262
14 0.418531608987
559 0.418528515594
495 0.418519270734
856 0.418517458971
576 0.418508867755
742 0.418506415556
348 0.418493143039
217 0.418483300226
220 0.418482032947
553 0.418475257464
212 0.418472623419
182 0.41846880281
222 0.41846673705
951 0.418462690618
598 0.418457942416
962 0.41845738236
173 0.418454894922
989 0.41845352433
1015 0.418446066271
996 0.418444520294
1013 0.418442148381
397 0.418440611667
1074 0.418440356112
163 0.418439590605
783 0.418438405901
1080 0.418433371297
550 0.418431482689
1085 0.418431070715
77 0.418430735668
103 0.418429576234
812 0.418427939577
124 0.418425308207
45 0.41842528171
664 0.418424844159
110 0.418423981239
17 0.418420682876
102 0.418420231388
907 0.418418311133
836 0.418417845081
20 0.41841656474
953 0.418413223745
849 0.418412626351
530 0.418411572072
11 0.418400150693
36 0.41839732319
38 0.418397096788
3 0.418397044526
567 0.418390248052
1040 0.418384916519
1073 0.418383688812
1054 0.418379739389
1032 0.418374303515
1068 0.418373977327
852 0.418363793159
862 0.418348815169
659 0.418332620537
890 0.418331318387
539 0.418329069963
704 0.418328265518
563 0.418328088984
896 0.418321121344
922 0.418315384266
763 0.418312414166
591 0.418309486535
961 0.418302044312
987 0.418295709654
982 0.418292574866
1043 0.418289076561
870 0.418281935461
1016 0.418277730107
1057 0.418273690264
633 0.418272821102
1055 0.418271194764
894 0.418262579077
925 0.418257088121
945 0.418245260703
750 0.4182411649
741 0.418234515787
1041 0.418228191313
1025 0.418227416948
1010 0.418227200298
1024 0.418226745383
1039 0.418225350086
798 0.418221794927
1067 0.41821240237
792 0.418197690056
851 0.418154778677
872 0.418138267666
854 0.4181300043
876 0.418128727453
857 0.418116044734
956 0.41811068153
978 0.41810129197
903 0.418100121589
988 0.418097036143
915 0.418096149885
926 0.418093939196
911 0.418093450372
1011 0.41808850941
1008 0.418087353745
923 0.41808732829
1062 0.418084797635
944 0.418076973606
943 0.418076944137
974 0.418072916338
1029 0.418066229285
1027 0.418065512735
1026 0.418064796035
1009 0.418062360751
1006 0.418062097059
1037 0.418060263859
1022 0.418059432361
1045 0.418050904979
1084 0.418050040091
302 0.416976454824
324 0.416969933759
368 0.416949492422
283 0.416946164041
301 0.416942830008
315 0.416938039762
457 0.416843498108
313 0.416789812532
533 0.416768015145
503 0.41675421508
698 0.416742326917
261 0.416733743544
334 0.416724614082
335 0.41669857877
738 0.416690691704
613 0.416690445161
299 0.416678380545
307 0.416675547122
732 0.416664368977
652 0.41665329698
435 0.416652893193
394 0.416650582833
709 0.41663977559
257 0.41663538386
456 0.416633483669
433 0.41662668484
337 0.416619686877
353 0.416614150173
409 0.416601817871
577 0.41660020976
524 0.416594062858
669 0.416569488404
391 0.41656925054
663 0.416568865758
601 0.416558500742
585 0.416557444537
370 0.416525051966
540 0.416521288678
695 0.4165137028
650 0.416500642004
405 0.416496534518
429 0.416474086632
733 0.41643054771
628 0.416415675971
640 0.416413246378
602 0.416367406352
762 0.416350420042
666 0.416330349524
847 0.416247023776
829 0.41624559332
5 0.415567808869
26 0.415565551301
41 0.415564700812
64 0.415561602684
93 0.415555018937
115 0.415550321471
18 0.415549508718
119 0.415547851776
85 0.415537162528
88 0.415536869369
152 0.415534370569
94 0.415534191437
1063 0.415531100214
1051 0.415529575184
1031 0.415526677186
1019 0.415524872035
1087 0.415522215858
1002 0.415520993367
188 0.415519756924
191 0.41551891156
1048 0.415517460822
1035 0.415516114696
202 0.415513212884
149 0.415510383235
209 0.415509547435
992 0.41550770613
954 0.415506214442
213 0.415505946429
981 0.415504021938
979 0.415503603326
166 0.415503580942
189 0.415493890294
194 0.415491002939
934 0.415488849902
210 0.415483454843
883 0.415480047394
904 0.415474702378
874 0.415472242175
898 0.415471820093
886 0.415467083695
865 0.415466485363
869 0.415456553718
867 0.415455239127
861 0.415451477284
858 0.415450581803
352 0.415403107012
296 0.415390081639
784 0.415386255379
496 0.415385226048
766 0.415382696686
373 0.415377140028
420 0.415371835582
1060 0.415367880081
1050 0.415367478881
1049 0.415367406832
1004 0.415360905683
995 0.415357367528
984 0.415353494934
947 0.41534019362
936 0.415337258678
933 0.415336394571
919 0.415329463126
1 0.415314289713
7 0.415312539183
29 0.415309701993
39 0.415309604191
56 0.41530376174
83 0.41530035981
868 0.415299245738
92 0.415298250921
96 0.415296900112
223 0.415252795764
730 0.415196330348
727 0.415195790816
626 0.4151829356
561 0.415178341613
408 0.415173818663
421 0.415173604431
321 0.414859498995
365 0.414833536693
447 0.414832809565
843 0.414822396554
454 0.414818986672
379 0.414778255051
339 0.414777035383
393 0.414775661608
390 0.414767103755
514 0.414762701008
494 0.414762048526
823 0.414761113587
466 0.414755797231
717 0.414751456668
638 0.4147468277
845 0.414639356141
841 0.414639025375
810 0.414633567957
240 0.414619524441
747 0.414610989267
667 0.414610422324
660 0.414610349512
398 0.41460365969
256 0.414602981458
507 0.414602389378
510 0.414602270197
260 0.414602193777
305 0.414598250142
330 0.414596604848
562 0.414596203318
549 0.414595930293
450 0.414592224726
292 0.414586778359
773 0.414581524838
821 0.414578223743
661 0.414577751155
731 0.414574341405
715 0.41457386757
400 0.414573789354
516 0.414571806777
508 0.414571748555
287 0.414571000411
775 0.41456553114
735 0.414563088997
710 0.414555107045
788 0.41455372295
682 0.414552047672
609 0.414551809698
359 0.41455109126
271 0.414549587959
406 0.414548092821
480 0.414547207221
472 0.414546812219
825 0.414546073876
623 0.414544899205
596 0.414544774481
384 0.414543334828
417 0.41454245787
729 0.41454128331
267 0.41454123169
538 0.414537936213
332 0.414535927897
683 0.414534589523
673 0.414532474758
432 0.414532349072
714 0.414530219956
649 0.414529046017
693 0.414527906512
708 0.41452697465
675 0.414525504481
331 0.414524404782
357 0.414522906325
606 0.414522011951
629 0.414521290337
399 0.414520963004
541 0.414518434296
527 0.414517885454
427 0.414517776395
372 0.414515550787
449 0.414515102855
232 0.413742023354
371 0.413730882895
500 0.413716699444
532 0.413713826462
534 0.413713027023
624 0.413707759002
635 0.413706649548
746 0.413702573025
791 0.413701330175
848 0.413700639783
605 0.41367782215
294 0.413663501328
362 0.413659066688
376 0.413657496603
522 0.413654437527
556 0.413651674824
621 0.413649849726
662 0.413647276456
782 0.413645458656
518 0.413645240131
536 0.413644344315
582 0.413641885365
653 0.413639096366
407 0.413615832184
412 0.413615728347
477 0.413608315783
486 0.413607627265
485 0.413607562787
515 0.41360417943
846 0.413596683565
822 0.413595221651
643 0.413593704352
677 0.413591059071
679 0.41359075316
687 0.413587549995
780 0.413584820265
833 0.41358419555
752 0.413583570396
437 0.413581452854
484 0.413581389276
722 0.413581353618
234 0.413579341728
581 0.413575661618
502 0.413571747073
392 0.413571577358
306 0.413571068924
377 0.41357087746
378 0.413570859708
259 0.413570803276
828 0.413559016698
347 0.413555015046
517 0.413551633828
511 0.413551365516
721 0.413551259157
716 0.413550871873
590 0.413549738893
655 0.413547148541
615 0.413545996293
513 0.413541997987
759 0.413540005609
279 0.413534716191
264 0.413534532727
668 0.41353399403
617 0.413532072508
366 0.413530502615
280 0.413530265438
547 0.413529722987
295 0.413529489635
395 0.413525798325
483 0.413525258444
381 0.41352439254
245 0.413524095493
254 0.413523258986
461 0.41352256969
303 0.413522398913
266 0.41352209564
272 0.413521823281
569 0.413519932589
642 0.413517637434
665 0.413516157786
634 0.41351157208
697 0.4135070454
705 0.413506101818
239 0.413504296823
482 0.413504029572
804 0.413502803759
241 0.413498129533
273 0.413497922013
319 0.413497014904
229 0.413496922996
233 0.413496440666
460 0.413495739888
614 0.413495218545
554 0.413494805721
589 0.413494740205
573 0.413494737858
369 0.413492320683
349 0.413491746898
258 0.413486104206
546 0.413484254888
565 0.413483752662
446 0.413483562578
690 0.413482754809
767 0.413482636079
616 0.413482116774
645 0.413477799728
285 0.413476607766
542 0.413476565707
818 0.413476420977
520 0.413476171063
751 0.413474207793
458 0.413473941801
439 0.413473560168
453 0.413473469482
336 0.413470944485
325 0.413470771538
286 0.41347040875
834 0.413466591366
787 0.4134651523
724 0.413463622666
578 0.413461572375
531 0.413459117611
489 0.41345794306
493 0.413457938383
402 0.413456276554
374 0.413455751228
686 0.413454752809
814 0.413454163695
827 0.413453820637
826 0.413453725047
600 0.413452129003
440 0.4134498785
248 0.413448813073
383 0.413448039724
504 0.413446847351
237 0.413444871122
832 0.413427481118
831 0.413427218785
712 0.413414042048
745 0.413413595034
236 0.413408271062
291 0.41340813072
594 0.413406811821
481 0.413405200571
375 0.413400975615
333 0.413400819739
316 0.413400359227
253 0.413398381272
595 0.413376255871
806 0.4133759108
707 0.413375310947
809 0.413375176698
579 0.413374759914
424 0.413371891048
800 0.413367270521
802 0.413366718873
251 0.413365276026
560 0.413359076907
438 0.413352478434
356 0.413352158637
389 0.412613636949
415 0.412613358036
344 0.412609328656
289 0.412603377139
275 0.412603117619
263 0.412601419619
441 0.412599630073
558 0.412595157826
564 0.412594628213
618 0.412592044704
648 0.412589672719
811 0.412584499029
813 0.412584311124
431 0.412574043555
478 0.41257259647
526 0.412571575392
351 0.412571532789
797 0.412570466138
404 0.412569660483
322 0.412568638221
308 0.412568016924
326 0.412565723051
312 0.412564751743
523 0.412564102171
529 0.412563758046
551 0.412563602088
317 0.412562932566
670 0.412561965745
557 0.412561686804
274 0.412561563924
593 0.4125588199
610 0.412558346427
231 0.412553441123
753 0.412543807776
790 0.412542913967
749 0.412542653189
764 0.41254207689
842 0.412530185903
592 0.412525678241
451 0.412524526713
651 0.412522640186
672 0.412520703358
680 0.412520298858
455 0.412517378465
467 0.412517269285
442 0.412516072434
262 0.412511648407
757 0.41251087816
772 0.412508098249
463 0.412505970326
474 0.412505714878
423 0.412505245684
678 0.412505062785
436 0.412504818768
535 0.412504306339
739 0.412498140457
711 0.412497776878
320 0.412496977188
268 0.412496057235
756 0.41249533144
244 0.412494092084
654 0.41249408083
702 0.412489489874
706 0.412489326203
779 0.41248778857
799 0.412484217073
403 0.412478793707
414 0.412478209275
367 0.412477848084
444 0.412475219216
475 0.412475213445
499 0.412475113772
636 0.412474388724
840 0.41247192719
537 0.412471292688
545 0.412471008844
465 0.412470620289
425 0.412470421721
570 0.412469554015
505 0.412468969307
528 0.412468302825
691 0.412467999727
311 0.412467386521
575 0.412466365854
328 0.412465383792
277 0.412464329734
462 0.412461275856
452 0.41246074449
725 0.412459872323
688 0.412459518812
343 0.412457178368
795 0.41245497414
608 0.412453680859
501 0.412453453833
681 0.412452819446
387 0.412452437736
830 0.412451741773
839 0.412449606733
835 0.412448374854
769 0.412446967672
771 0.412446581535
699 0.412444388583
694 0.412443707772
701 0.412443588102
418 0.412442285723
622 0.412440022031
341 0.412438110304
796 0.412430914176
242 0.412429958119
469 0.412426662643
464 0.412422945805
607 0.41242190058
416 0.412421542387
604 0.412420063087
583 0.412419944601
572 0.412419559458
358 0.412418726827
329 0.412416852692
692 0.412415013875
719 0.412412929148
720 0.412412565957
786 0.412405003329
620 0.412402852362
309 0.412402613188
785 0.412401915296
568 0.412401319104
838 0.412400644349
521 0.412400040978
468 0.412398554827
824 0.412398530457
566 0.412397324382
434 0.412395794647
426 0.412395543233
646 0.412393647323
282 0.412384024059
777 0.412381845207
249 0.412380400909
700 0.412367018254
459 0.412365771032
630 0.412361367673
631 0.412361296044
723 0.412358846204
803 0.412358505775
288 0.412357234464
491 0.412356536709
794 0.412353856584
388 0.412352936583
281 0.412352892613
278 0.412352487137
238 0.412352124573
819 0.41235194999
815 0.41235173214
350 0.412350092587
492 0.412066547824
430 0.412066431624
410 0.412066257807
555 0.412065129294
603 0.41206321395
657 0.412060652635
765 0.412049661251
768 0.412049115693
584 0.412033280446
525 0.412032733846
445 0.412032185424
599 0.412030051358
346 0.412029268751
327 0.412028335687
689 0.412027942753
318 0.412027251652
284 0.412024423948
758 0.412017040144
760 0.412017012841
216 0.412015475318
853 0.412014177342
816 0.412010942451
490 0.412010910042
587 0.412010628781
625 0.412009008402
639 0.412008179877
637 0.412008174252
187 0.412006917197
671 0.412006120262
180 0.412005609499
172 0.412003828011
718 0.412002056662
737 0.41200135271
162 0.41200113446
161 0.412001038176
160 0.412000840166
156 0.41199975902
154 0.411999745817
743 0.411999549451
255 0.411999495339
761 0.411999151739
748 0.411998861082
145 0.411997722402
512 0.411997063446
770 0.411996489187
471 0.411995547588
355 0.411993826441
647 0.411993514374
641 0.411993420923
887 0.411992617535
126 0.411992413524
293 0.411990461435
902 0.41198874225
106 0.411988607756
685 0.411987297481
98 0.411987198301
82 0.411984131902
79 0.411983925567
728 0.411983676019
921 0.411982877155
931 0.411979996537
25 0.411978312358
939 0.411978101961
443 0.411978087565
789 0.411977927526
354 0.411977919148
470 0.411977867785
793 0.411977863294
22 0.411977834975
16 0.411977814718
941 0.411977793331
12 0.411977640935
4 0.411977345376
801 0.411975605475
207 0.411973831319
844 0.411973518212
225 0.41197142049
674 0.411971315732
885 0.411968904161
1003 0.411967856526
878 0.411966703547
734 0.411966675114
736 0.41196667094
740 0.411966618774
900 0.411966294675
221 0.411965569905
1036 0.411965098597
146 0.411964379938
1053 0.411964119288
144 0.411963703488
1065 0.411962921606
914 0.411962782596
139 0.411962573786
1078 0.411962529656
226 0.411962394665
1072 0.411962341715
1081 0.411962088907
208 0.411961469891
158 0.41196097351
151 0.411960571498
218 0.411959795212
927 0.411958360937
118 0.411957719187
193 0.411957709357
184 0.411955688741
181 0.41195540305
859 0.411954650699
963 0.411954012063
960 0.411953993909
964 0.411953933379
200 0.411953918783
863 0.411953823172
198 0.411953759934
413 0.411953435062
95 0.411953350332
428 0.411953120745
972 0.411952388781
986 0.411950939756
942 0.411950508943
304 0.411950497437
586 0.411950145985
950 0.411949699797
597 0.411949651685
71 0.411949551549
70 0.411949530208
873 0.411949514062
211 0.411949377695
952 0.411949174928
999 0.411948944815
177 0.411948645786
100 0.411948479885
877 0.411947298884
965 0.411947212154
214 0.411947130366
51 0.41194711756
90 0.41194706534
197 0.411946167017
246 0.411946054686
498 0.411945886142
44 0.411945544292
30 0.41194550142
1052 0.411945375137
33 0.411945266054
880 0.411945069617
1058 0.411944703673
192 0.411944235499
206 0.411944216356
1086 0.411944105023
130 0.411944001868
889 0.411943952842
201 0.411942855329
1000 0.411942159964
897 0.411940895391
46 0.411940320808
726 0.411940312346
108 0.411940041456
1030 0.41193995802
40 0.411939537607
24 0.411939123223
1033 0.411939106893
15 0.411939002863
1038 0.411938860709
165 0.411938753326
175 0.411937794481
1056 0.411937676657
1069 0.411937089516
910 0.411936940792
1075 0.411936917189
744 0.411936630382
1083 0.411936598923
157 0.411936532863
153 0.411936082524
76 0.411936049393
148 0.411935509209
147 0.411935257218
69 0.411935246096
57 0.411934208837
871 0.411934034085
142 0.411933622515
37 0.411932756506
928 0.411932533613
42 0.411932496898
929 0.411932403131
28 0.411932026592
137 0.411932001941
21 0.411931942383
131 0.411931727823
875 0.411931541491
937 0.411931301512
932 0.411931055945
128 0.411930803176
807 0.411930520455
948 0.411929853425
949 0.411929801443
881 0.411929525494
205 0.411928829828
884 0.411928597955
955 0.411928363728
957 0.411928356146
61 0.411927341346
109 0.411927254085
975 0.411925850595
967 0.411925471279
901 0.411924786034
32 0.411924724573
977 0.411924017121
183 0.411923780798
899 0.411923180948
860 0.411922168848
998 0.411922031718
73 0.411921744063
112 0.411921688447
171 0.411921643342
991 0.411921556666
993 0.411921549157
227 0.411921446291
1005 0.411921280821
168 0.411920728032
905 0.411920700924
59 0.41192057606
1021 0.411918907229
47 0.411918438168
43 0.411917813406
1034 0.411917754595
1044 0.411917338762
84 0.411917010411
1064 0.411916234588
1066 0.411915891049
1071 0.4119155283
1079 0.411915340708
72 0.411915281075
62 0.411914568218
935 0.411913752362
54 0.411913664941
940 0.411912647488
35 0.411911913364
891 0.41191190558
34 0.411911533625
27 0.411911324472
0 0.41191039023
117 0.411909642709
116 0.411909421923
219 0.411908739531
111 0.411908122331
105 0.411907971767
976 0.411907809249
104 0.411907737866
1001 0.411906838206
97 0.411906252918
1014 0.411905759472
994 0.411905064626
87 0.411904992636
918 0.411904878074
920 0.411904058642
1046 0.411903637879
1047 0.411901298822
55 0.411901264629
1082 0.4118994354
204 0.411896786286
966 0.411896265786
855 0.411896221223
971 0.411895955569
970 0.411895905674
150 0.411892517579
1007 0.411891793906
1012 0.411891524305
1018 0.411890802378
1023 0.411890727657
141 0.411890405251
1028 0.411889882157
1070 0.411888104076
879 0.41188793922
1088 0.411887828796
129 0.41188687786
127 0.411886742365
155 0.411886413856
882 0.411886387398
122 0.411884937773
121 0.411884878413
893 0.411884330892
892 0.411884321961
107 0.411882545119
906 0.411881121762
909 0.411880356806
908 0.411880356806
912 0.411879587385
916 0.411879368268
913 0.411879315855
113 0.411877764537
67 0.411877153303
58 0.411876464323
101 0.411875884284
946 0.411873763412
31 0.411873758791
81 0.411873399994
958 0.411872096171
959 0.411872053618
49 0.41187072021
50 0.411870621646
969 0.41187061725
13 0.411868928529
6 0.411868792465
980 0.411868392807
983 0.411868246443
997 0.411868132947
1042 0.411865952749
1059 0.411865115048
1077 0.411864742888
1076 0.41186116906
