35 1.0
0 0.389270146649
27 0.389269166861
34 0.389253033588
54 0.389148295415
62 0.389103823997
72 0.389086296855
84 0.389039224738
112 0.388910585912
175 0.388654053129
201 0.388609258572
206 0.388583100633
214 0.388571627487
226 0.388413889214
13 0.388388807556
6 0.388386414168
49 0.388299663141
50 0.388298437255
31 0.388251170131
55 0.388214444856
30 0.388204104678
33 0.388198079574
25 0.388197768542
4 0.388193932558
16 0.388191976362
44 0.388187199149
22 0.388180122999
12 0.388179890287
293 0.388141648968
81 0.388139979323
51 0.388126682474
58 0.388123306729
355 0.38808914909
15 0.388088846358
67 0.388084900255
87 0.388076838148
24 0.388074346623
40 0.38807223322
46 0.388060031492
101 0.388048128046
70 0.388031673034
71 0.3880315577
97 0.388031025753
471 0.388015341114
113 0.387997395552
104 0.387991403785
105 0.387988405104
111 0.387981416834
79 0.387977519296
82 0.387974727137
116 0.387947878199
117 0.387946402223
95 0.387904540453
107 0.387904210082
685 0.387900304001
98 0.387895475588
728 0.387874801951
106 0.387858066516
801 0.387857930543
121 0.387855555885
122 0.387854088936
90 0.387831307044
127 0.387817146028
129 0.387815703713
118 0.387813138392
100 0.38779431537
155 0.387794103379
126 0.387781082524
871 0.387749458344
168 0.38774674257
141 0.38774171751
171 0.387740680111
884 0.387731617125
881 0.387729861151
150 0.387728792659
901 0.387725090162
139 0.387722194599
183 0.387705548855
350 0.387699790354
145 0.387696373984
144 0.387690799304
146 0.387687854321
1001 0.387673809389
1014 0.387667741939
204 0.387665785556
1046 0.387665182659
154 0.387662514523
156 0.387662039137
160 0.387656139723
161 0.387655354468
162 0.387653370629
388 0.387638502097
205 0.387636505143
172 0.387615186555
151 0.387593041441
180 0.387585100645
187 0.387577598774
158 0.387568918201
491 0.387551970276
309 0.387528143635
219 0.387519826871
468 0.387500715633
216 0.387479788065
631 0.387459295689
630 0.387459046413
343 0.387455701851
207 0.387434214771
387 0.387414355816
723 0.387414009505
566 0.387409474198
262 0.387390662668
227 0.387388508163
794 0.387380743416
646 0.387374370337
819 0.387370261744
815 0.387369151468
231 0.387341143336
452 0.38733659256
462 0.387334034789
501 0.387332343465
777 0.387331917128
465 0.387326244624
604 0.387290456766
572 0.387290099519
583 0.387289640072
537 0.387279100837
545 0.387261336068
317 0.387248647012
570 0.387242904445
608 0.387237787966
694 0.387217526542
451 0.387209325018
699 0.387207191049
701 0.387199807817
442 0.387198512147
725 0.387190272475
796 0.387181644219
455 0.387176341789
467 0.387174464961
246 0.387164020992
835 0.387154551304
263 0.387152192922
275 0.387145353106
354 0.387128267508
592 0.387124342491
289 0.38712187745
304 0.387111185667
651 0.387094455287
680 0.387081096456
672 0.387079431068
344 0.387077483573
443 0.387074173715
523 0.387061754283
678 0.387061735291
529 0.387061550213
772 0.387057023371
470 0.387053727287
757 0.387049325939
739 0.387044062471
557 0.38704264992
327 0.387036151207
756 0.387035050065
284 0.38703391083
346 0.387031031371
593 0.387026186401
389 0.387020527698
498 0.387019916304
413 0.387018713907
428 0.387015716471
318 0.387007908749
415 0.38699934964
410 0.386991055243
753 0.386972875058
430 0.386971832037
764 0.38696068818
674 0.386932437678
492 0.386932391431
597 0.386929537248
586 0.386929202604
740 0.386908438349
734 0.386908210517
736 0.386908132909
445 0.386905657675
744 0.386899115641
555 0.386895453606
807 0.386883511148
726 0.386882347008
603 0.386876657184
525 0.386869487136
584 0.386864488167
657 0.386847792234
811 0.386840763449
599 0.386840656621
813 0.386825640275
689 0.386825232054
768 0.386803156366
860 0.386802665648
765 0.386802417481
855 0.386799464946
879 0.386792349056
891 0.38678320976
882 0.386783132683
760 0.386775723808
892 0.386775679948
758 0.386775193994
908 0.386773612123
909 0.386773612123
920 0.386765543446
918 0.386762450831
816 0.386760378309
969 0.38675451438
912 0.386749670142
893 0.386749419124
971 0.386747002712
970 0.386746702028
1077 0.386746366162
1059 0.386745582773
906 0.386745148865
997 0.386744232165
966 0.386743553435
1042 0.386742760864
1012 0.386741458171
1007 0.386739283469
916 0.386737473871
913 0.386737088604
1023 0.386736476829
853 0.38673500874
1070 0.386734377072
1018 0.386733656263
946 0.386733466209
1088 0.386732067578
1028 0.38672918191
959 0.386727146468
958 0.386726629515
983 0.386722324091
980 0.386720468375
1076 0.386704050932
885 0.386700657025
887 0.386695447222
900 0.386695136888
902 0.38669153629
878 0.38669072021
927 0.386682358037
914 0.386682166624
921 0.386679481666
960 0.386677698916
972 0.386675442829
986 0.386674837244
931 0.386674121399
964 0.386667822867
963 0.386667793769
941 0.386667339157
1052 0.386666706212
1086 0.386666024226
939 0.386666006295
999 0.386664621963
1058 0.386662877555
950 0.386662533447
942 0.386659446771
952 0.386652128169
1003 0.386650412355
1036 0.386649863821
1053 0.386649768268
965 0.386648418694
1078 0.386646088353
1000 0.38664065416
1081 0.38663935733
1033 0.386639209763
1065 0.386638732512
1072 0.386638482335
1069 0.386636292362
1030 0.386634669988
1056 0.386634068602
1038 0.386631441115
1075 0.386629674305
1083 0.386628436685
286 0.386060262929
349 0.386058858172
369 0.386038405936
325 0.386034212058
336 0.386030503789
439 0.385960318406
453 0.385943456082
458 0.385942001343
520 0.385902760967
573 0.385894317432
589 0.385893848946
542 0.385885522429
614 0.385877513772
283 0.385875493996
301 0.385855587301
259 0.3858519053
315 0.385851187206
299 0.385835191379
307 0.385831367207
264 0.385826735537
306 0.385823063355
279 0.385822290594
804 0.385797590649
767 0.385785243433
377 0.385771924739
378 0.385771636346
409 0.385762700076
392 0.385751956597
522 0.385747861257
556 0.385733944938
605 0.385717067893
621 0.38570769826
533 0.385699304502
662 0.385696065133
334 0.38569198158
502 0.385690758536
368 0.38567186892
540 0.385669353971
513 0.385658191781
782 0.385638762191
581 0.385636283805
435 0.385634947035
456 0.385618224717
615 0.385607918962
732 0.385590654251
524 0.385585688517
733 0.385581593699
722 0.385574036357
716 0.385565025914
721 0.385564540462
752 0.385560317725
585 0.385556551991
601 0.385556074397
695 0.385518734779
828 0.385515960023
698 0.38551571446
21 0.384848145513
28 0.384847674554
42 0.384845971706
37 0.384845650202
57 0.384841340885
69 0.384839566164
32 0.384837749037
76 0.38483729883
61 0.384829772063
108 0.38482860748
130 0.384817720713
181 0.384791078451
184 0.384789977
193 0.384785537666
208 0.384777432397
177 0.384773648222
221 0.384768370486
198 0.384761928623
200 0.384761044101
218 0.384748060193
1079 0.384743343647
1071 0.384742946325
1066 0.384742514548
1064 0.384741996109
1044 0.384740443766
1034 0.384739463654
1021 0.384738001625
993 0.384734817059
991 0.384734586992
977 0.384731986966
967 0.384730295546
932 0.384724579107
225 0.384722746891
910 0.384718071934
897 0.384714178487
880 0.384709755583
877 0.384707442946
1005 0.38470483059
998 0.384704538624
975 0.384699523161
955 0.384696632515
957 0.384696556261
948 0.384694964941
949 0.384694893605
937 0.384693741492
928 0.384692060983
929 0.38469200393
889 0.384679974575
873 0.384674509096
43 0.384673079393
47 0.384672371136
863 0.384669718252
859 0.384668955922
59 0.384666365116
73 0.384662715091
255 0.384662180518
770 0.384661420415
748 0.384660295977
743 0.384659816502
718 0.384658150619
587 0.384656173424
109 0.384647946757
128 0.384637399083
131 0.384634585183
137 0.384633313137
490 0.384628702333
142 0.384628069897
761 0.384625468897
147 0.384625439851
737 0.384624107296
148 0.38462410533
153 0.384621722731
671 0.38462161945
639 0.384621360783
637 0.384621295321
625 0.38462116668
157 0.384620970188
165 0.38461502697
192 0.384601327799
197 0.384598232816
211 0.384590721331
1082 0.384588513865
1047 0.384585493301
994 0.384580386706
976 0.384576893322
940 0.384570596881
935 0.38456939937
905 0.384561031157
899 0.384557726706
875 0.384547594307
844 0.384497122138
793 0.384492547434
789 0.384492420185
512 0.384481441341
641 0.384480301344
647 0.384480268786
238 0.384359881675
288 0.384351811189
700 0.384322751881
838 0.384281615044
786 0.384279242464
720 0.384274878686
469 0.384274869736
719 0.384274717864
692 0.384273895052
607 0.384271682359
328 0.38427039465
425 0.384259478287
681 0.384257560371
505 0.384255809247
528 0.384254694937
839 0.3842466507
830 0.384244614005
367 0.384243397894
795 0.384242365895
414 0.384240668504
403 0.384240307949
691 0.384235183736
636 0.384232689082
274 0.384223144389
312 0.384217221254
326 0.384214750917
842 0.38420874669
404 0.384204142161
749 0.384200323666
551 0.384194866923
610 0.384194340139
278 0.384139921986
281 0.384139487956
803 0.384133311252
459 0.384124129787
249 0.384087774652
282 0.384083330039
824 0.384077597595
785 0.384074610058
769 0.384074443158
277 0.384072290037
329 0.38406905437
311 0.384068882185
426 0.384067188164
434 0.384066802212
358 0.384066357701
688 0.384066061573
416 0.384062506902
521 0.384061943903
568 0.384061686866
464 0.384060591775
620 0.384060367708
444 0.384059115328
475 0.384058140715
499 0.384057771487
771 0.384028992704
308 0.384017577326
790 0.38401713297
322 0.384015958713
575 0.38401534003
840 0.384014062537
351 0.384011666053
242 0.384009146105
320 0.384006086498
431 0.384005037355
670 0.384003738231
478 0.384003442045
526 0.384002048003
706 0.384000953863
702 0.384000714489
654 0.383996737812
341 0.38399664931
436 0.383994860741
474 0.383992997607
535 0.3839919167
418 0.383988835089
622 0.383985768801
244 0.383975684882
268 0.383972910336
799 0.383971456346
779 0.383968740639
711 0.383961267475
423 0.383957863561
463 0.383956198903
797 0.38394610084
441 0.383934697849
648 0.383931845233
618 0.383931060837
558 0.383931054176
564 0.383931054007
236 0.383569657012
291 0.383565819333
594 0.38354580691
285 0.383440244305
780 0.383427105876
679 0.383426825915
677 0.383426516781
833 0.383425959801
643 0.383425927351
515 0.383424076891
486 0.38342363288
485 0.383423544354
477 0.383423331117
412 0.383422753456
407 0.383422709199
645 0.383418552117
370 0.383401253203
405 0.383399654151
429 0.383397614942
602 0.383387265913
666 0.383386071044
847 0.383381666695
829 0.383381299385
374 0.383373814544
402 0.383372255436
493 0.383368790602
489 0.383368752489
531 0.383366617664
578 0.383364693228
787 0.383360860157
724 0.383360558457
834 0.383360417266
257 0.383338196536
353 0.383333117357
337 0.383332863807
391 0.383330798967
640 0.383328400903
628 0.383327867004
762 0.383327644711
809 0.383297767329
806 0.383297465211
707 0.383297389658
595 0.383294014255
579 0.383293753958
239 0.383291334657
424 0.383288245278
251 0.383284335391
482 0.383278209035
697 0.383270873817
237 0.383265242957
826 0.383262562905
827 0.383262360709
814 0.383261871485
440 0.383260942431
600 0.383260744565
686 0.383258713479
266 0.383258147797
272 0.383257475306
303 0.38325576366
381 0.38324971973
547 0.383241753703
617 0.383239495619
802 0.383238463022
800 0.383238091847
668 0.383237286271
560 0.383236371676
438 0.383230650134
356 0.383226406267
745 0.383224398614
712 0.383223626584
653 0.383221135356
582 0.383219642907
518 0.383218235033
536 0.383218209943
481 0.383218178459
294 0.383216660259
362 0.383215336948
375 0.383215238554
376 0.383214919882
705 0.383214861524
333 0.383212991017
254 0.383212509475
316 0.383212311108
245 0.383212029722
634 0.383211777405
253 0.383211212906
461 0.383210829781
395 0.383210411079
261 0.38320613818
335 0.383201496233
394 0.383197886996
433 0.383196013568
831 0.383192469829
832 0.38319239148
818 0.383187240931
690 0.383186459739
650 0.383186247415
504 0.38318079511
234 0.383179594656
554 0.383177596047
460 0.383174462432
383 0.383173530063
569 0.383168098254
248 0.383167709486
319 0.383167131953
642 0.383167010973
665 0.383166636436
483 0.383165641302
233 0.383165478007
273 0.383165204748
437 0.383165169662
229 0.383165100085
295 0.383164930285
280 0.383164892658
241 0.383164553534
484 0.38316385112
366 0.383163077017
687 0.38315721677
822 0.383154324281
846 0.383153612936
759 0.383151441097
655 0.383148702909
590 0.383147187857
511 0.383147096839
848 0.383146869677
517 0.383146768732
791 0.383146080947
746 0.38314467311
347 0.38314461596
635 0.38314224449
624 0.383142042858
534 0.383139515826
232 0.38313912161
532 0.3831389828
500 0.383138189514
371 0.383135230829
313 0.383131065101
577 0.383127873899
663 0.383127683536
669 0.383127419902
751 0.383120952373
616 0.383115997517
565 0.383113759376
546 0.383112499007
503 0.383106329308
446 0.383106061505
613 0.383102495624
652 0.383101868352
709 0.383101589599
258 0.383094220177
302 0.38304722164
324 0.38304652587
738 0.383044318962
457 0.383043547676
357 0.382535234913
399 0.382534988551
331 0.382534772528
541 0.382532208232
675 0.382522558488
693 0.382520270412
449 0.382519760768
527 0.382519622414
714 0.38251871491
372 0.382518467663
649 0.382515283506
673 0.382512247496
683 0.382510599551
427 0.382509276457
729 0.382506803046
606 0.382506092577
629 0.382505734264
708 0.382501261024
788 0.382500570818
825 0.382488132304
384 0.382438506142
417 0.382437919505
271 0.382437146488
516 0.382434036916
508 0.382433473308
715 0.382432287044
731 0.382431855198
596 0.382431426413
287 0.382430321675
400 0.382430282788
661 0.382428244348
773 0.38242735191
682 0.382425452819
710 0.382423490406
292 0.382421000407
775 0.382415758084
472 0.38241361117
480 0.382413610053
406 0.382412055584
609 0.382410226176
359 0.382410022512
432 0.382407276907
538 0.38240619812
332 0.382405012805
623 0.382403932916
735 0.382402507826
267 0.382401458051
821 0.382390937069
450 0.382350951239
549 0.382350282755
562 0.382350245464
638 0.382349722479
466 0.38234849324
330 0.382347488985
305 0.382346179859
717 0.382345392543
390 0.382344342053
260 0.382344119519
340 0.38234366501
256 0.382343330959
298 0.38234307097
510 0.382342627477
507 0.38234242626
747 0.382340932581
339 0.382340689215
530 0.38234010727
398 0.38233950862
667 0.382339334677
660 0.382339098728
823 0.38233746885
567 0.382337230546
659 0.382331746798
240 0.382329089639
704 0.38232776062
810 0.382324630106
763 0.38232241012
841 0.382321418295
845 0.382320901739
488 0.382315052678
473 0.382314359208
543 0.38231315556
361 0.382311550492
571 0.382311506821
364 0.382311278164
580 0.382311157012
494 0.382310452134
514 0.382305136753
742 0.382302023052
393 0.382301490796
379 0.382293824503
314 0.38229005852
644 0.38228744841
422 0.382284524903
396 0.382284135313
550 0.382284075488
401 0.382283791716
385 0.382283782278
386 0.382283766314
382 0.382283463891
247 0.382275819579
476 0.382243003027
509 0.382242949629
419 0.382241186407
627 0.382239947255
656 0.382238925606
454 0.382238625884
843 0.382236048853
611 0.382233280797
619 0.382233152004
658 0.382232573283
754 0.382231129828
365 0.382229650695
774 0.3822285401
781 0.382227730467
808 0.382225462321
250 0.382224639946
778 0.382222955787
544 0.382220706831
447 0.382220145132
479 0.382220109699
755 0.382209235181
235 0.382205076577
321 0.382203886103
588 0.382182915084
552 0.382182602516
506 0.382181659978
703 0.382181040956
380 0.382175833528
338 0.382172190882
252 0.382164612244
548 0.382163183898
487 0.382160878847
713 0.382158683297
345 0.382148470095
837 0.382147311703
408 0.382047319488
421 0.382047302942
561 0.382043719152
626 0.382040097091
727 0.382031440676
730 0.382031102679
223 0.382005983704
96 0.381980161789
92 0.381979630484
83 0.381978334061
56 0.381976106841
868 0.38197305675
39 0.38197304002
29 0.381972774311
7 0.381971250763
1 0.381970526678
919 0.381956761168
933 0.381952349253
936 0.381952049926
947 0.38195031811
496 0.381950268915
984 0.381943130561
352 0.381943071185
495 0.381942835293
995 0.381941050994
553 0.381940298416
1004 0.381939785216
598 0.381937617247
1049 0.381936173428
1050 0.381936076058
1060 0.381935800698
664 0.38193298116
448 0.381915997509
559 0.381914684434
576 0.381914336572
539 0.381908629963
276 0.381907244385
270 0.38190689369
633 0.381905011241
420 0.381902732899
224 0.381902668441
373 0.381900653975
215 0.381899544011
741 0.381898255734
783 0.38189824088
766 0.381896040006
296 0.381895873902
812 0.381895533337
865 0.381894464598
213 0.381894299074
784 0.381893849634
836 0.381893245781
209 0.381892948271
792 0.381891721271
874 0.381890913901
202 0.381890882288
849 0.381889990684
169 0.381889320153
191 0.381888337814
188 0.38188797199
883 0.381886653627
152 0.381881041014
133 0.381880955463
132 0.381880944408
222 0.38187530092
119 0.381874177041
870 0.381873616504
115 0.381872661237
89 0.38187253916
954 0.381871882065
93 0.381869568042
852 0.381868839999
851 0.381866536575
64 0.381866164107
14 0.381865186913
203 0.381864883872
894 0.381864311548
41 0.381864088578
1002 0.381863755114
26 0.381863547488
163 0.381862980869
186 0.381862302299
185 0.38186213982
5 0.381862085938
1019 0.381861861257
1031 0.381860901514
174 0.381860029157
1051 0.381859414905
397 0.381859142959
1063 0.38185875754
348 0.381858352794
854 0.381858069054
862 0.381857520171
563 0.381857456548
159 0.381857197996
925 0.381857107629
591 0.381856576022
858 0.38185593767
861 0.381854976643
124 0.381854487305
210 0.381854254926
269 0.381854235374
867 0.381853084465
869 0.381852389665
945 0.381852347325
110 0.381852233471
136 0.381852154644
857 0.381851235728
194 0.381850761137
102 0.3818505031
189 0.38184970784
890 0.381848504969
896 0.381846870109
886 0.381846593648
750 0.381846318871
91 0.38184540357
166 0.38184527581
898 0.381843901282
36 0.381843034161
38 0.381842962087
149 0.381842492939
1010 0.381842289525
904 0.38184220865
11 0.381841896536
3 0.38184093122
798 0.381840806237
1024 0.381840775048
1025 0.381840712129
922 0.38184043096
1039 0.381839610519
19 0.381839571164
1041 0.381839387745
9 0.38183849227
1067 0.381838377865
903 0.381836589474
934 0.381834735402
911 0.381834217696
915 0.381833650709
961 0.381833102046
923 0.381832096242
94 0.381831326143
926 0.381830491823
88 0.381830149898
85 0.381830007833
982 0.381829212199
987 0.381828897946
944 0.381827844402
943 0.381827807957
979 0.381827439792
981 0.381827060554
1016 0.381825710662
992 0.381825217046
18 0.381824380299
1043 0.381824129301
1055 0.381823416928
1057 0.381823399726
220 0.381823274261
217 0.381823118862
974 0.381822679497
212 0.381821615321
1035 0.381821325628
1048 0.38182060212
1087 0.381818521354
1009 0.381818155602
1006 0.381818029125
1022 0.381816807166
1027 0.381816441968
1026 0.381816395028
1029 0.381816339402
1037 0.381815674837
182 0.381815642696
1045 0.381815299737
173 0.381815141262
1084 0.381814375848
497 0.381810109919
612 0.381809151058
632 0.381808446016
411 0.381807987729
103 0.381803070717
297 0.381802693408
265 0.3818003419
77 0.381800284163
872 0.381798190536
243 0.381798144826
776 0.381797742224
876 0.381796917696
45 0.38179671372
20 0.381796378986
17 0.381796128327
805 0.381794831612
820 0.381793494624
956 0.381779379785
978 0.381775661195
988 0.381773932089
519 0.381773099586
323 0.381772150319
1008 0.381771835906
1011 0.381771713757
574 0.38177124303
300 0.381770444794
290 0.381770178113
676 0.381769604631
1062 0.381769201155
684 0.38176874451
230 0.381765437762
696 0.381764898404
363 0.381763169675
360 0.381763054026
342 0.38176169353
199 0.381760851714
196 0.381760342709
310 0.381759314919
817 0.381758278309
176 0.38175686895
143 0.381751090439
120 0.381745854065
907 0.381744074761
228 0.381743324201
99 0.381742725646
850 0.381740964869
78 0.381740333383
80 0.381740282229
68 0.381739187029
66 0.38173910811
60 0.38173859574
53 0.381737906798
8 0.381735927993
2 0.381735212425
953 0.381734926988
195 0.381732293291
179 0.381729956878
856 0.381728521289
164 0.381727390077
1032 0.381725390597
1040 0.381724754856
1054 0.381724432456
1068 0.381723687212
1073 0.38172337363
140 0.381723160166
864 0.381720983066
866 0.381719926992
114 0.381718600869
190 0.38171655636
86 0.381715428119
178 0.3817152188
75 0.381714314946
74 0.381714216368
170 0.381713508168
888 0.381713464505
167 0.381713079479
52 0.381712232596
895 0.381711733268
23 0.381710802924
10 0.381710225084
951 0.38170902701
138 0.38170833281
135 0.381707392791
962 0.381707368393
917 0.381707309313
134 0.381706934068
924 0.381706297487
125 0.381705429537
123 0.381705249949
930 0.381704125291
989 0.381703856337
996 0.381703129266
938 0.381702683255
1013 0.381701887374
1015 0.381701593646
1080 0.381699056151
1074 0.381699015292
968 0.381698793934
63 0.381698679303
1085 0.381698588617
65 0.381698477639
973 0.381698177448
48 0.38169701783
985 0.381696434382
990 0.381695495753
1017 0.381692937539
1020 0.381692463715
1061 0.381690811752
