5 1.0
26 0.338358794202
41 0.338300459831
64 0.338131594486
93 0.337979394273
115 0.337887196078
119 0.337871855371
2 0.33774215375
152 0.337700149813
188 0.337576657565
191 0.337575707066
202 0.337560088969
9 0.337535903488
209 0.337527960654
213 0.337519499471
8 0.337513013483
1 0.337491201955
19 0.337404642097
14 0.337371285823
7 0.337321762626
48 0.337229006985
53 0.337166450163
18 0.337134655406
63 0.337115951239
60 0.337113994669
65 0.337111824777
66 0.33710113598
68 0.337098154632
29 0.337083362061
78 0.33704097217
80 0.337039668437
39 0.337035801961
91 0.336993039862
89 0.33699140447
352 0.336959354276
99 0.33694425886
56 0.336914874851
123 0.336860553738
496 0.336850524224
120 0.336847616143
125 0.336831137483
136 0.336798162165
134 0.336787101151
135 0.33678308056
83 0.336779052666
85 0.336775879332
88 0.33677360013
138 0.3367720225
132 0.336770903505
133 0.336770679947
94 0.336729401693
92 0.336726693914
96 0.336720496996
143 0.336720371119
159 0.336703356159
167 0.336651323468
170 0.336644615199
169 0.336631404082
174 0.336629954344
185 0.336617517197
186 0.336616441659
178 0.336607816914
176 0.336594879622
865 0.336590849282
874 0.336584112964
883 0.336580511869
203 0.336573754064
190 0.336573424995
196 0.336546126732
954 0.336541889372
199 0.336541705428
1002 0.336524391174
1019 0.336521862715
1051 0.336520379605
1031 0.336516312103
1063 0.336506926525
215 0.336477341889
149 0.336465245603
224 0.33643863631
166 0.336416600513
189 0.336338308146
194 0.336330959051
210 0.33628673465
292 0.336269091456
223 0.336228199887
228 0.336224921257
321 0.336209776993
372 0.336208267461
379 0.336155833
400 0.336137819865
449 0.336115687263
287 0.336071612337
270 0.33606608674
276 0.33606376446
447 0.336060296928
527 0.336058814145
243 0.336049895069
514 0.336034739331
310 0.336020926849
508 0.336020379729
265 0.336020185268
516 0.336018774684
342 0.335992581083
297 0.335989941132
365 0.335981522986
649 0.335974022756
360 0.335969303194
363 0.335967970705
683 0.335961897572
673 0.335959127993
661 0.335936475491
729 0.335932406508
788 0.335913307066
448 0.335911520344
454 0.335887879966
411 0.335876004243
559 0.335853259875
495 0.335841838321
576 0.335836574155
497 0.335821746454
393 0.335817190527
553 0.335800985678
427 0.335798218035
331 0.335781366613
684 0.33578008889
296 0.335779157725
676 0.33577773797
339 0.33577396343
598 0.335767917153
783 0.335759761225
836 0.335757146422
664 0.335753305245
357 0.335752090861
849 0.335751251054
812 0.335751180145
715 0.335745581792
612 0.335743302163
632 0.335743291465
817 0.33573234915
494 0.335730586706
731 0.335729856562
773 0.335729663656
373 0.33571677037
399 0.335714808195
390 0.335709597615
852 0.335703330556
850 0.335699220143
843 0.335690818057
862 0.33568725662
629 0.335672260911
606 0.335671694744
890 0.335669492198
420 0.335668965838
776 0.335664987489
408 0.335664609631
856 0.335664234341
421 0.335661574746
896 0.335660278072
820 0.335658176871
805 0.335655309218
466 0.335654088562
922 0.335653773569
961 0.3356416091
982 0.33563324868
708 0.335632491828
987 0.335622855424
1016 0.335622593876
1057 0.33562086185
1043 0.335619031674
1055 0.335618689825
951 0.335616179091
962 0.33561198161
825 0.335608746472
989 0.3356084674
1015 0.335603676618
996 0.335601934147
1013 0.335601113094
1074 0.335600822959
541 0.335599589262
1080 0.33559574669
1085 0.335594488811
870 0.335590998741
894 0.335567594412
561 0.335565026927
925 0.335556683067
626 0.335549822349
945 0.335545158829
675 0.335542099655
638 0.3355399402
714 0.335535639479
907 0.3355316119
693 0.335531223238
1010 0.335526153996
717 0.335524665397
1067 0.335515011089
1041 0.335513469091
1025 0.33551285367
1024 0.335512619525
1039 0.335511603609
953 0.33550736789
730 0.335498597449
727 0.335498363307
823 0.33549788519
766 0.335491016912
1032 0.335488818479
1068 0.335488318674
1040 0.335483720828
1073 0.335482650973
784 0.335481213755
1054 0.335479676883
861 0.335410420173
858 0.335408181622
869 0.335403712259
868 0.335403710314
867 0.335401739916
886 0.335393438997
898 0.335386946739
904 0.335378791412
919 0.335376386971
947 0.335371872265
936 0.335365490171
934 0.335364693581
933 0.335364105116
984 0.33536160771
981 0.33535986895
979 0.335357268014
992 0.335356830114
1004 0.335353287092
1050 0.335350670833
1060 0.335350596011
1049 0.335350546678
1035 0.335349388493
1048 0.3353482891
995 0.335347209431
1087 0.335346058053
232 0.334573298794
239 0.334542225413
371 0.334466250647
349 0.334410274201
369 0.334408759074
294 0.334387645074
500 0.334372658698
482 0.334362211921
532 0.334352557218
534 0.334351854546
362 0.334341905017
374 0.334338463765
376 0.334323800949
402 0.334318572745
624 0.334296067966
635 0.334295718137
589 0.334275911025
573 0.334275518591
286 0.334269707402
489 0.334265681423
493 0.334265641406
614 0.33425981257
531 0.334248906799
697 0.334248339449
605 0.334247371583
325 0.334246461396
336 0.334244225526
518 0.334242753614
746 0.334238720412
536 0.334227640969
578 0.334217640271
791 0.334214138826
582 0.334209455593
848 0.334191145257
236 0.334186486574
653 0.334178614319
804 0.334172031544
439 0.334168318294
453 0.334166697927
458 0.334166551243
724 0.334164758178
291 0.334140292553
520 0.334133159645
787 0.334127961258
522 0.334127509876
834 0.334119590598
542 0.334117139852
556 0.334109470486
621 0.334079570103
407 0.334075626466
412 0.334075047571
662 0.334065687288
477 0.334033605096
485 0.334032464279
486 0.334032032362
767 0.334030689891
515 0.334012381833
782 0.334008841378
594 0.333962623017
643 0.333938678744
677 0.33392285437
679 0.333922419256
780 0.333869009479
833 0.333861053744
10 0.333625311736
23 0.333623556401
52 0.333620004294
74 0.333615297694
75 0.333615098607
86 0.333612188462
114 0.33360298355
140 0.333590764241
164 0.33357843334
179 0.333570500795
195 0.333564249729
1061 0.333502239847
1020 0.33349866708
1017 0.333497805456
990 0.333494273025
985 0.333492559811
973 0.33349053781
968 0.333489932592
938 0.333485176632
930 0.333483150405
924 0.333480752279
917 0.333479954361
895 0.333475716648
888 0.333474224755
17 0.33347109353
20 0.333471066358
45 0.333468779302
230 0.333467921584
866 0.333467578766
864 0.333466459156
77 0.333459973903
290 0.333455099727
300 0.333453574322
103 0.333452435537
323 0.333448227979
519 0.333426460891
696 0.333425079006
574 0.333423921784
3 0.333422664662
173 0.333420048479
182 0.333417341026
11 0.333416704287
36 0.333413427257
38 0.333413400034
212 0.333401648573
217 0.333396876117
220 0.33339621676
102 0.33339193908
1062 0.33339132446
1011 0.333386732666
1008 0.333386647491
110 0.333386341197
988 0.333384164374
978 0.333381908978
124 0.333380134402
956 0.333377599365
876 0.333356995889
163 0.333356519453
872 0.333355355044
222 0.333322945042
269 0.333314729581
1084 0.333305807941
798 0.333305255139
1045 0.333303980053
1037 0.333303164017
348 0.333303163265
1027 0.333301704978
1029 0.333301657199
1026 0.33330156082
1022 0.333300845865
750 0.333299337704
1006 0.333299273063
1009 0.333299217419
397 0.333298017903
974 0.333293179269
591 0.333290407076
563 0.333290019474
944 0.333287301267
943 0.333287270232
926 0.33328445206
923 0.333282579084
915 0.333280980701
911 0.333280221376
903 0.333277582145
857 0.333261458334
854 0.333254100589
851 0.333244466832
792 0.333218227882
741 0.333212453225
539 0.333209324636
633 0.333208194189
808 0.332882479401
781 0.332879577962
774 0.332878608509
754 0.332875617799
656 0.332867535074
627 0.332866185766
345 0.332844859718
837 0.332836593724
487 0.332826733082
713 0.332824167998
548 0.332822344507
252 0.332786666052
338 0.332774161908
247 0.332774103251
380 0.33276808525
703 0.332761022963
506 0.332758425561
382 0.332756924367
552 0.332756905544
588 0.332756600907
385 0.332756581789
386 0.332756513906
396 0.332754776431
401 0.332754704876
422 0.332753130016
550 0.332748228787
314 0.332743700064
235 0.332731896587
644 0.332725480803
250 0.332720316764
419 0.33269624182
479 0.332693259276
476 0.332692018859
509 0.332691416935
544 0.33268817384
755 0.332686060729
298 0.332644072744
340 0.332638449319
763 0.332633393093
704 0.332628930484
778 0.332627373288
659 0.332626530756
530 0.332625072126
567 0.332624846554
611 0.332619700357
658 0.332619632014
619 0.332619496564
267 0.332607329097
332 0.332601313659
432 0.332597074375
623 0.332596018065
538 0.332595324339
240 0.332589860141
361 0.332583254531
364 0.332583152186
845 0.332580177909
841 0.332579835619
810 0.332576205235
742 0.332575646397
473 0.33257271763
488 0.3325716505
398 0.332571448528
571 0.332571029956
543 0.332570658284
580 0.332570500944
507 0.332564392476
510 0.332563566919
660 0.332563307979
667 0.332562843289
775 0.332522382872
256 0.332517833394
260 0.332516312369
271 0.33251535729
710 0.332513996492
305 0.332512025006
682 0.332511700555
747 0.332511018788
330 0.332508886175
384 0.332508030399
417 0.332506472957
596 0.332505902429
450 0.332501203769
562 0.332498832281
549 0.332498525504
821 0.332467522048
735 0.332455325619
359 0.332449328362
406 0.332445794932
609 0.332445643306
472 0.332443048284
480 0.332442653642
302 0.33202978402
324 0.332028206283
457 0.332020280831
738 0.332012262055
313 0.331999328736
577 0.331992197345
663 0.331990396854
669 0.33199038326
368 0.331946493609
334 0.33193909322
698 0.331935993394
435 0.331934926919
456 0.331934895457
524 0.331933450879
585 0.331931673639
601 0.331931420619
695 0.33193017365
503 0.331905351457
613 0.331901161259
652 0.33189975114
709 0.331897895379
261 0.331891434024
335 0.331889151231
394 0.331887634109
433 0.331886461817
650 0.33188175362
257 0.331868542632
337 0.331865446428
353 0.331863525343
391 0.331861591189
628 0.331848688445
640 0.331847249186
762 0.331843237231
283 0.33183695784
301 0.331836050967
234 0.331835506752
315 0.331835060432
846 0.331834759717
822 0.331833862127
437 0.331832596578
484 0.3318310017
687 0.331830870256
533 0.331826796191
299 0.331826633162
307 0.331826278495
409 0.331822899006
732 0.331821978657
540 0.331820444928
733 0.331816299412
668 0.331815473261
617 0.33181502204
547 0.331814733647
381 0.331814733564
272 0.331813437494
303 0.331813293883
266 0.331813194509
752 0.331762894395
722 0.331761478307
828 0.331760884787
259 0.331760548752
306 0.33176030736
392 0.331759789073
377 0.331759537172
378 0.331759518055
581 0.331759437745
502 0.33175828271
721 0.331757407825
716 0.33175676388
615 0.331754403723
513 0.331753910185
279 0.331753313005
370 0.331753037423
264 0.331752666374
405 0.331750687573
429 0.331749648417
602 0.331742063204
666 0.331738581601
829 0.331733061131
847 0.331732268496
285 0.331676504283
645 0.331669946965
686 0.331611681039
814 0.331609475882
827 0.331609027407
826 0.331608946067
600 0.331607876645
440 0.331604801711
237 0.331596583493
366 0.331554329556
280 0.331553374915
295 0.331553333352
483 0.331550994278
569 0.331546389321
642 0.331546014647
665 0.331545382302
438 0.331543802727
356 0.331543446534
560 0.331542031266
802 0.331534929875
800 0.331534922927
347 0.331503098099
759 0.331502995718
655 0.331502570521
517 0.331502223645
511 0.331502017484
590 0.331501794784
712 0.331501206613
745 0.33150117851
481 0.331497665259
375 0.331495786999
333 0.33149468423
316 0.331493727716
253 0.331491178422
634 0.331454965729
705 0.331454532238
395 0.331454499557
461 0.331454261147
245 0.331450369201
254 0.331449804768
809 0.331446644926
806 0.331446464531
707 0.331446281512
595 0.331445684632
579 0.33144532448
424 0.331441625741
258 0.331437615176
446 0.331433271354
251 0.331431802857
546 0.331429316793
565 0.331427842058
616 0.331426412849
751 0.331422479579
383 0.331377258363
248 0.331376796272
504 0.331375587103
831 0.331364367303
832 0.331364348121
273 0.331345035673
460 0.33134499796
554 0.331344854378
818 0.331344832872
241 0.331344736538
319 0.331344577593
690 0.331343977988
229 0.331343901892
233 0.331343610174
526 0.330975705535
478 0.33097552591
431 0.330975348364
351 0.330971600386
670 0.330970517074
322 0.330968405643
308 0.330967377412
441 0.330958564969
564 0.330957778041
558 0.330957737415
790 0.330957545013
618 0.330956721448
648 0.330955497213
797 0.330943429586
415 0.330920094467
389 0.330919883945
344 0.330916314648
289 0.330910904802
275 0.3309105238
459 0.330909425329
263 0.330908975114
811 0.330904895806
813 0.330904861609
521 0.330900739561
620 0.330900036158
568 0.330899956259
434 0.33089777794
426 0.330897592838
803 0.33089621848
281 0.330895211942
278 0.330894787847
282 0.330886674238
249 0.330883918074
464 0.330871961594
416 0.330870542351
358 0.330868206583
329 0.3308665285
583 0.330853635797
572 0.330853368444
604 0.330853223398
404 0.330850886341
523 0.330849944951
529 0.330849545327
785 0.330849461413
557 0.330849286866
551 0.330849277846
593 0.330848471959
418 0.330847478954
326 0.330847428245
575 0.330846994114
824 0.330846636374
610 0.330846535755
312 0.330846024277
341 0.33084411285
317 0.330843651716
274 0.330843362776
622 0.330842327193
309 0.330840187469
753 0.330839488891
463 0.330838595169
764 0.330838554906
242 0.330838260115
423 0.330837945624
749 0.330836317074
771 0.330835657031
231 0.330835239096
499 0.330835158853
475 0.330834624965
711 0.330834494276
444 0.330833727065
268 0.330831564892
244 0.33083043735
779 0.33082904853
842 0.330826922412
799 0.330826839047
688 0.330826819201
311 0.330825545088
277 0.330822800777
769 0.330819268892
535 0.330817218854
474 0.330816984151
436 0.330815959797
465 0.33081478847
537 0.33081436376
654 0.330813625732
545 0.33081336275
570 0.330811608795
702 0.330810680195
706 0.330810450862
320 0.330808816368
592 0.330804599508
451 0.330804484502
651 0.330802896965
672 0.33080220312
725 0.330801917741
680 0.330801811547
840 0.330799984398
757 0.330797304625
772 0.330795326556
262 0.330794366714
835 0.330792619743
630 0.330779896356
631 0.330779672328
455 0.330778981372
467 0.330778958733
442 0.330777972359
491 0.33077733934
723 0.330775404251
678 0.330774171421
388 0.330773427288
739 0.330770232784
700 0.330770080065
350 0.330769711225
794 0.330769587172
756 0.3307686288
815 0.330768371926
819 0.330768298409
288 0.330763909647
238 0.330760454598
469 0.330742800999
607 0.330736361287
403 0.330732383659
414 0.330732016718
367 0.330731550828
692 0.3307299636
636 0.330729380023
719 0.330727899039
720 0.330727574035
691 0.330726176212
786 0.33071998693
468 0.330719938895
566 0.330718208668
795 0.330717630307
838 0.330716799195
830 0.33071532285
646 0.330714957601
839 0.330714469255
505 0.330707132225
528 0.330706962201
425 0.330706895738
501 0.330705863195
387 0.330704756449
777 0.330703527292
699 0.330702370996
328 0.330701723709
681 0.330699150226
462 0.330692534037
608 0.330691957173
452 0.330691626107
343 0.330686873372
694 0.330686756005
701 0.330686281299
796 0.330679102553
512 0.330604411711
647 0.33060008497
641 0.330600014977
789 0.330587125907
793 0.33058692589
525 0.330585905802
445 0.330584343125
599 0.330583567336
844 0.330582880065
318 0.330578072261
284 0.33057522916
760 0.330572570696
758 0.330572492282
816 0.330567700987
584 0.330558025197
211 0.330555664991
346 0.330553562419
689 0.330553456305
197 0.330552698746
327 0.33055221955
192 0.330551032062
165 0.330545819363
157 0.330543660662
153 0.330543399186
148 0.3305427313
147 0.330542314095
875 0.330542139607
142 0.330541195911
137 0.330539295343
131 0.330539088664
587 0.330538338553
128 0.330537946895
109 0.330534619423
899 0.330534458018
905 0.330531985554
718 0.330530333209
73 0.330529504857
207 0.330528841241
59 0.33052836696
743 0.330527784086
748 0.330527604325
878 0.330527323979
47 0.330526140985
43 0.330525793545
770 0.330525485109
935 0.330524964413
940 0.330524280433
976 0.33051914242
158 0.330517270002
151 0.330516832753
994 0.330516507656
492 0.330516154245
430 0.330515538704
555 0.330514890231
410 0.33051460964
603 0.330513160235
1047 0.330513081863
942 0.330512584353
950 0.330511974612
952 0.330511726417
1082 0.330511399293
657 0.330510691759
490 0.330510101524
965 0.330509946024
625 0.330508000792
637 0.330507444074
639 0.330507435425
671 0.330505797131
100 0.330505770302
1000 0.330505292775
90 0.330504505062
885 0.330503303464
428 0.33050324716
1030 0.330503239935
586 0.330502929819
597 0.33050278054
413 0.330502640658
1033 0.330502471858
1038 0.330502341829
765 0.330501729307
768 0.330501495109
737 0.330501429218
900 0.330500925517
1056 0.330500914045
1075 0.330500514286
1069 0.330500460006
1083 0.33050025434
761 0.330499626992
255 0.330499530727
46 0.330498247728
914 0.330497665459
40 0.330497462939
304 0.330497340104
15 0.330497228214
24 0.330497123146
146 0.330496636571
221 0.330496341047
144 0.330496016375
139 0.330495333833
726 0.330494019264
927 0.330494016092
246 0.330492816259
208 0.330492488845
118 0.330490658769
964 0.3304899625
960 0.330489961423
963 0.330489941082
193 0.330489071888
972 0.330488501547
184 0.330487739571
986 0.330487276474
181 0.330487232325
95 0.330487052034
999 0.330485720189
71 0.330483654265
70 0.330483582572
1052 0.330482348673
1058 0.330482044678
877 0.330481979483
51 0.330481631613
1086 0.330481287849
880 0.33048022913
44 0.330480021289
33 0.330479943387
30 0.33047985413
130 0.330477107507
897 0.330476261383
225 0.330476251509
108 0.330473928892
853 0.330473400533
216 0.330473334605
910 0.330473034236
76 0.330470495647
69 0.330469310355
57 0.330468510299
932 0.330467699288
498 0.330467203823
37 0.330467180575
42 0.330467031299
28 0.330466687083
21 0.330466489246
218 0.330466467087
187 0.330466154827
180 0.33046532531
471 0.330463710973
172 0.330463677165
967 0.330462729176
859 0.330462074836
977 0.330461664033
162 0.33046151182
200 0.330461498225
161 0.330461470846
863 0.330461406951
160 0.330461387239
198 0.330461199487
744 0.330460762179
156 0.330460385908
154 0.330460241209
355 0.330460218651
219 0.330459705296
991 0.330459349531
993 0.330459328201
145 0.330459138562
685 0.330458152018
873 0.330457714261
177 0.330457147564
1021 0.330456999774
293 0.330456485282
887 0.330456206013
807 0.33045613247
1034 0.330456059292
1044 0.33045549729
728 0.330455290568
1064 0.330454663414
126 0.330454404692
1066 0.330454333511
1071 0.330454151989
1079 0.330453868599
889 0.330453236653
902 0.3304531566
106 0.330451562965
98 0.330450366274
801 0.330449376505
921 0.330448516262
82 0.330447744452
79 0.330447617144
931 0.330446249769
150 0.330445121718
893 0.330445016985
939 0.330444641966
941 0.33044415615
227 0.330443870782
141 0.330443288834
928 0.330443222171
929 0.330443204668
25 0.33044316864
16 0.330443138439
22 0.330442743459
12 0.330442583386
4 0.330442542843
937 0.330442142988
906 0.330442040978
948 0.330441041903
949 0.330441001786
912 0.330440563911
916 0.33044045875
913 0.330440453461
129 0.330440321987
127 0.330440157221
957 0.330439742109
955 0.330439581833
61 0.330439011173
122 0.330438526658
121 0.330438292724
975 0.330437627891
32 0.330436866148
1003 0.330436260194
107 0.330436160735
946 0.330435198711
1036 0.330434430598
998 0.330434029823
226 0.330433874315
959 0.330433774683
958 0.330433708802
1005 0.33043370877
1053 0.330433608724
1065 0.330432878298
1078 0.330432344733
1072 0.33043229356
1081 0.330431977377
67 0.330431515596
58 0.330430752493
980 0.330430522866
983 0.33043016589
31 0.330428491393
855 0.330426742903
1076 0.330424005381
204 0.33042323455
214 0.330421018763
470 0.330420536087
443 0.330420243086
879 0.330419588223
206 0.330418570424
882 0.330418411679
354 0.330418042628
201 0.330417810908
892 0.330416373007
674 0.330416362503
871 0.33041586547
155 0.330414331668
175 0.330413502799
908 0.330413438918
909 0.330413438918
734 0.330412475868
881 0.330412424
736 0.330412411296
740 0.330412079373
884 0.330411547326
901 0.33040848717
113 0.330406949487
101 0.3304050351
969 0.33040482568
81 0.330403211069
997 0.330402403019
1042 0.330400553855
112 0.330400541899
50 0.330400449071
49 0.330400381776
1059 0.330400004605
1077 0.3303994274
13 0.330399275029
6 0.330399191696
84 0.330396671247
72 0.33039552221
62 0.330394723567
1001 0.330394141403
54 0.330393986647
1014 0.330393265021
35 0.330392468444
34 0.330392352209
27 0.330392159693
1046 0.330391558341
0 0.330391186776
205 0.330379556914
860 0.330377776632
183 0.330375908131
171 0.330373979351
168 0.330373221897
891 0.330370010563
117 0.330364844783
918 0.330364472531
116 0.330364453617
920 0.330363878632
111 0.330363543506
105 0.330363541351
104 0.330363096385
97 0.330362203276
87 0.330361159293
55 0.330358361403
966 0.330357864562
970 0.33035770461
971 0.33035768026
1012 0.330354420105
1007 0.33035441879
1023 0.33035351314
1018 0.33035345357
1028 0.330352916928
1070 0.330351766771
1088 0.330351402049
