0 3
1 3
2 4
3 2
4 3
5 4
6 3
7 2
8 3
9 2
10 2
11 2
12 3
13 3
14 2
15 2
16 3
17 3
18 0
19 4
20 3
21 3
22 0
23 2
24 4
25 2
26 4
27 0
28 3
29 2
30 2
31 3
32 2
33 3
34 2
35 0
36 3
37 4
38 3
39 3
40 3
41 2
42 2
43 4
44 0
45 4
46 3
47 0
48 3
49 3
50 4
51 2
52 2
53 2
54 2
55 2
56 2
57 3
58 2
59 4
60 4
61 3
62 0
63 2
64 3
65 2
66 4
67 2
68 4
69 3
70 4
71 2
72 4
73 3
74 0
75 0
76 3
77 2
78 3
79 2
80 4
81 4
82 3
83 2
84 2
85 3
86 2
87 0
88 2
89 3
90 4
91 3
92 2
93 2
94 2
95 2
96 2
97 0
98 2
99 3
100 3
101 3
102 2
103 0
104 2
105 4
106 4
107 3
108 0
109 3
110 3
111 4
112 3
113 4
114 0
115 0
116 2
117 3
118 3
119 3
120 2
121 3
122 2
123 3
124 3
125 2
126 2
127 4
128 2
129 3
130 2
131 2
132 4
133 2
134 0
135 4
136 3
137 2
138 4
139 3
140 2
141 2
142 2
143 3
144 2
145 2
146 2
147 3
148 3
149 2
150 3
151 2
152 2
153 4
154 2
155 2
156 0
157 4
158 2
159 2
160 3
161 0
162 0
163 2
164 0
165 2
166 3
167 4
168 4
169 0
170 4
171 0
172 2
173 0
174 4
175 3
176 2
177 0
178 3
179 2
180 3
181 2
182 0
183 4
184 4
185 2
186 3
187 2
188 3
189 2
190 2
191 2
192 2
193 4
194 2
195 4
196 4
197 2
198 3
199 0
200 2
201 3
202 3
203 2
204 2
205 2
206 3
207 2
208 0
209 0
210 2
211 2
212 2
213 2
214 2
215 0
216 3
217 4
218 0
219 4
220 4
221 1
222 1
223 2
224 1
225 4
226 0
227 0
228 3
229 3
230 3
231 2
232 2
233 4
234 4
235 3
236 2
237 3
238 1
239 3
240 4
241 0
242 3
243 4
244 2
245 3
246 1
247 0
248 1
249 0
250 2
251 3
252 3
253 3
254 1
255 0
256 4
257 4
258 2
259 0
260 0
261 0
262 3
263 2
264 1
265 3
266 3
267 2
268 3
269 2
270 2
271 2
272 3
273 1
274 2
275 3
276 3
277 3
278 4
279 2
280 0
281 2
282 3
283 4
284 4
285 0
286 0
287 1
288 1
289 3
290 4
291 3
292 4
293 3
294 3
295 2
296 4
297 2
298 1
299 3
300 3
301 1
302 1
303 4
304 3
305 2
306 0
307 0
308 3
309 4
310 1
311 4
312 2
313 0
314 2
315 3
316 0
317 0
318 0
319 2
320 3
321 2
322 0
323 3
324 0
325 4
326 3
327 1
328 2
329 4
330 4
331 4
332 0
333 4
334 1
335 1
336 3
337 3
338 3
339 4
340 1
341 2
342 4
343 3
344 0
345 2
346 4
347 4
348 2
349 4
350 1
351 4
352 3
353 3
354 2
355 0
356 3
357 4
358 4
359 2
360 3
361 2
362 0
363 4
364 2
365 3
366 2
367 2
368 1
369 2
370 2
371 1
372 4
373 4
374 4
375 0
376 3
377 4
378 1
379 3
380 2
381 4
382 0
383 3
384 2
385 4
386 2
387 3
388 3
389 2
390 2
391 4
392 0
393 3
394 2
395 4
396 2
397 1
398 3
399 3
400 2
401 3
402 3
403 3
404 0
405 1
406 2
407 4
408 2
409 4
410 3
411 1
412 0
413 2
414 2
415 4
416 1
417 1
418 4
419 2
420 3
421 2
422 2
423 2
424 4
425 0
426 2
427 4
428 2
429 3
430 4
431 4
432 1
433 2
434 1
435 0
436 3
437 4
438 2
439 1
440 0
441 2
442 3
443 0
444 2
445 0
446 4
447 4
448 3
449 4
450 3
451 2
452 4
453 4
454 1
455 2
456 3
457 4
458 2
459 4
460 0
461 4
462 3
463 2
464 1
465 2
466 0
467 4
468 0
469 0
470 4
471 3
472 4
473 3
474 1
475 1
476 0
477 0
478 0
479 0
480 4
481 4
482 1
483 2
484 4
485 4
486 3
487 0
488 2
489 1
490 1
491 2
492 1
493 4
494 3
495 2
496 1
497 4
498 3
499 4
500 2
501 3
502 3
503 2
504 3
505 1
506 1
507 2
508 4
509 2
510 1
511 1
512 2
513 3
514 4
515 1
516 2
517 4
518 2
519 4
520 0
521 3
522 2
523 2
524 4
525 3
526 1
527 1
528 3
529 0
530 1
531 2
532 4
533 2
534 0
535 3
536 3
537 1
538 4
539 4
540 3
541 1
542 3
543 4
544 2
545 0
546 3
547 4
548 2
549 2
550 1
551 0
552 2
553 4
554 4
555 3
556 4
557 3
558 4
559 2
560 0
561 3
562 4
563 0
564 2
565 4
566 0
567 4
568 3
569 1
570 2
571 4
572 0
573 2
574 4
575 4
576 3
577 1
578 1
579 0
580 3
581 2
582 4
583 1
584 4
585 2
586 4
587 2
588 2
589 2
590 1
591 3
592 4
593 1
594 2
595 3
596 2
597 4
598 1
599 1
600 1
601 0
602 4
603 1
604 1
605 4
606 1
607 2
608 2
609 4
610 3
611 2
612 0
613 3
614 3
615 0
616 2
617 2
618 2
619 3
620 1
621 1
622 3
623 3
624 2
625 1
626 4
627 2
628 2
629 4
630 4
631 4
632 3
633 3
634 2
635 1
636 3
637 2
638 4
639 3
640 0
641 4
642 1
643 0
644 2
645 4
646 4
647 3
648 0
649 4
650 4
651 3
652 0
653 4
654 4
655 3
656 2
657 4
658 1
659 4
660 4
661 4
662 1
663 4
664 3
665 1
666 4
667 2
668 2
669 2
670 4
671 3
672 4
673 2
674 4
675 3
676 3
677 2
678 3
679 0
680 0
681 4
682 0
683 2
684 3
685 3
686 1
687 3
688 1
689 3
690 0
691 3
692 4
693 1
694 2
695 2
696 2
697 3
698 2
699 1
700 2
701 3
702 3
703 4
704 4
705 1
706 4
707 2
708 0
709 3
710 0
711 1
712 1
713 0
714 1
715 2
716 1
717 3
718 4
719 3
720 1
721 4
722 4
723 4
724 0
725 3
726 2
727 3
728 1
729 0
730 0
731 2
732 4
733 4
734 0
735 2
736 0
737 4
738 2
739 1
740 2
741 4
742 4
743 1
744 3
745 3
746 2
747 0
748 1
749 2
750 3
751 2
752 4
753 1
754 1
755 3
756 1
757 3
758 0
759 3
760 4
761 0
762 2
763 2
764 0
765 2
766 2
767 3
768 3
769 2
770 0
771 4
772 3
773 1
774 2
775 0
776 3
777 3
778 4
779 4
780 4
781 2
782 3
783 4
784 4
785 0
786 3
787 2
788 3
789 2
790 4
791 3
792 1
793 3
794 3
795 1
796 1
797 4
798 4
799 1
800 0
801 2
802 3
803 4
804 2
805 4
806 1
807 3
808 1
809 3
810 3
811 0
812 2
813 4
814 3
815 3
816 1
817 2
818 4
819 1
820 1
821 1
822 4
823 2
824 1
825 3
826 4
827 1
828 3
829 3
830 1
831 4
832 4
833 4
834 3
835 1
836 3
837 3
838 0
839 2
840 2
841 3
842 0
843 4
844 2
845 2
846 3
847 0
848 0
849 3
850 0
851 3
852 3
853 0
854 2
855 4
856 3
857 2
858 3
859 3
860 4
861 4
862 3
863 3
864 3
865 0
866 0
867 2
868 3
869 4
870 3
871 3
872 2
873 4
874 3
875 4
876 2
877 2
878 2
879 0
880 4
881 3
882 0
883 2
884 2
885 3
886 3
887 0
888 3
889 2
890 2
891 4
892 2
893 2
894 4
895 2
896 2
897 4
898 0
899 2
900 2
901 2
902 2
903 3
904 3
905 4
906 2
907 0
908 3
909 3
910 0
911 2
912 0
913 3
914 0
915 2
916 4
917 2
918 2
919 2
920 2
921 0
922 2
923 3
924 2
925 4
926 2
927 4
928 3
929 3
930 4
931 2
932 2
933 3
934 4
935 0
936 0
937 3
938 3
939 2
940 2
941 2
942 2
943 3
944 3
945 2
946 2
947 2
948 3
949 0
950 0
951 3
952 0
953 2
954 2
955 4
956 3
957 2
958 2
959 3
960 3
961 3
962 2
963 3
964 0
965 0
966 4
967 3
968 0
969 2
970 4
971 3
972 3
973 3
974 2
975 2
976 0
977 2
978 2
979 3
980 0
981 2
982 0
983 4
984 4
985 3
986 2
987 2
988 2
989 0
990 0
991 3
992 3
993 0
994 2
995 3
996 3
997 2
998 3
999 3
1000 3
1001 3
1002 3
1003 3
1004 4
1005 3
1006 0
1007 3
1008 4
1009 4
1010 2
1011 2
1012 2
1013 3
1014 4
1015 2
1016 2
1017 0
1018 0
1019 0
1020 4
1021 2
1022 2
1023 3
1024 2
1025 2
1026 0
1027 3
1028 4
1029 4
1030 0
1031 3
1032 0
1033 4
1034 2
1035 0
1036 2
1037 3
1038 3
1039 0
1040 0
1041 3
1042 3
1043 4
1044 2
1045 4
1046 2
1047 2
1048 4
