110 1.0
102 0.410283938029
11 0.410283844208
3 0.410283687512
36 0.41028357714
38 0.410283556614
124 0.410280588233
163 0.410266881463
222 0.41025277304
539 0.410194848175
633 0.410189722
741 0.410186128986
792 0.410184288338
851 0.410177323277
854 0.410176381595
857 0.410174796964
903 0.410170945515
915 0.410170481659
911 0.410170199829
926 0.410170197527
944 0.410170131867
943 0.410170115185
923 0.410169532725
1022 0.41016816936
974 0.41016788723
1084 0.410167310187
1045 0.410167308877
1029 0.410167094304
1027 0.410167003258
1026 0.410166947313
1009 0.410166719011
1006 0.410166672767
1037 0.410166505779
235 0.4096598051
479 0.409629786749
544 0.409624580782
755 0.409612780357
240 0.409588812599
398 0.409566520896
507 0.40955721118
510 0.409557062494
660 0.409548968254
667 0.409546627588
810 0.409541255793
845 0.409540785986
841 0.409540652917
314 0.409462134621
644 0.409433056246
619 0.409419662968
611 0.409419603142
658 0.409417965881
778 0.409411365733
267 0.409401588096
332 0.409393638469
256 0.409389467728
260 0.409389148288
361 0.409386982915
364 0.409386799103
305 0.409384796019
330 0.409381254904
432 0.409380889602
473 0.409374249094
488 0.409374074942
538 0.409372595568
543 0.409369646278
450 0.409368584679
623 0.409368039623
571 0.409367604133
580 0.40936758133
549 0.409360888271
742 0.409360851551
562 0.40935852788
747 0.40934902295
359 0.409316190608
406 0.409309619366
472 0.409303947776
480 0.409303877212
78 0.409299267847
80 0.409299186418
60 0.40929859791
53 0.40929835558
99 0.409297986325
66 0.409297638542
8 0.409297637483
2 0.409297607738
68 0.409297411545
120 0.4092964721
609 0.409295779642
735 0.409290657413
821 0.409288951831
143 0.409286149623
176 0.409275780845
196 0.409271935892
199 0.409271590511
94 0.409243674973
85 0.409243272991
88 0.40924313703
18 0.40924175981
243 0.409229737619
149 0.409228868456
265 0.409227009751
166 0.409225074834
297 0.409224099961
189 0.409218771826
194 0.409218260116
210 0.409214799334
411 0.409213271755
497 0.409208524086
52 0.409203087208
10 0.409202802657
86 0.409202737722
74 0.409202737204
75 0.409202701449
23 0.409202618103
114 0.409202028327
612 0.409201526495
632 0.409199824978
776 0.40919449443
820 0.409194123463
805 0.409193653128
140 0.409191047881
907 0.40918497524
164 0.409183685027
953 0.409183023543
1032 0.409181458564
1068 0.409181400415
1040 0.409180715094
1073 0.409180630275
1054 0.409180114649
179 0.409179718437
195 0.409176398327
296 0.409172073349
373 0.409164267688
420 0.409161606537
766 0.40914530751
784 0.409144315868
103 0.409142624777
20 0.409142014718
77 0.409141092589
45 0.40914090707
17 0.409140565359
861 0.40913802561
858 0.409137714148
869 0.409137314817
867 0.409137072563
886 0.409136528919
898 0.409135957834
904 0.409134945392
230 0.409134066072
934 0.409133659331
981 0.409133619005
992 0.409133305771
979 0.409133280175
1035 0.409132608342
1048 0.409132420736
1087 0.409132109392
290 0.409127912814
300 0.409127673159
323 0.409124925682
89 0.409121810014
14 0.409121136649
173 0.409120382049
182 0.409119809537
132 0.409114126906
133 0.409114115954
519 0.409111330781
212 0.409111198363
217 0.409110350657
220 0.409110212666
574 0.409107840505
169 0.409102657105
696 0.409102377001
866 0.409091852103
888 0.409091382466
864 0.409091382354
298 0.409090734398
895 0.409090444598
215 0.409089452357
917 0.409089288901
938 0.409088597838
924 0.409088341884
968 0.409087981167
930 0.409087915624
990 0.409087237314
1020 0.409087198247
973 0.409086887732
1017 0.409086887042
985 0.409086520546
340 0.409086507052
83 0.409086183469
92 0.409086181485
224 0.40908616364
96 0.409085687704
1061 0.409085487457
39 0.409085102994
1 0.409084826723
56 0.409084415491
29 0.409084389537
7 0.409084143425
269 0.409072999771
530 0.409070229025
567 0.409066367725
348 0.409065399219
659 0.409063648304
397 0.409062774984
704 0.409061308655
763 0.409060120722
563 0.409051660935
591 0.40905004663
223 0.409049939676
798 0.409044305281
750 0.409044290498
271 0.409039316012
876 0.409036102049
872 0.409035428562
956 0.409033056717
978 0.40903218722
988 0.409031802121
495 0.409031340168
1011 0.40903104094
1008 0.409030829186
1062 0.409030586947
553 0.409027528305
384 0.409026263133
598 0.409024187659
417 0.409023431055
664 0.409021287131
596 0.40901084388
870 0.409010622466
894 0.409009104299
682 0.40900894461
945 0.409008069121
710 0.40900785139
925 0.40900722506
1067 0.409005666286
1041 0.409005402216
1025 0.409005245164
1024 0.40900519226
775 0.409005182748
1039 0.409005128319
1010 0.409005113071
408 0.409000435489
421 0.409000140826
561 0.408990242801
626 0.408988851852
730 0.408983713398
727 0.40898360165
868 0.408975459567
919 0.408973410724
936 0.408972280795
933 0.408972090223
1004 0.408971635772
947 0.408971509268
984 0.408970732578
995 0.408970693658
1050 0.408969664146
1060 0.408969660514
1049 0.408969657218
259 0.407376759415
306 0.407374358345
392 0.407368052121
377 0.407368042746
378 0.40736804202
283 0.407361157875
301 0.407360927317
502 0.407360345398
315 0.407358771792
581 0.407357094627
722 0.407349710634
752 0.407348612723
533 0.407344656126
732 0.40733567251
234 0.407270304636
437 0.407255425858
484 0.40725326537
687 0.407243653279
503 0.407238016171
822 0.407237817446
846 0.407236729139
613 0.407232648473
652 0.407231096222
709 0.407228302259
266 0.407106876559
272 0.407106709071
303 0.407104638247
381 0.407098895381
547 0.40709041329
261 0.407089784901
617 0.407087489179
335 0.407085244485
668 0.407084789612
394 0.40708124584
433 0.407077523322
650 0.407068237909
264 0.407010594945
279 0.407008706972
513 0.406996050358
615 0.406991908758
299 0.406988853998
716 0.406988721013
307 0.406988639015
721 0.406987255229
828 0.40698521581
409 0.406980941236
540 0.406974321791
733 0.406966878628
285 0.406822747614
370 0.40680506276
645 0.406802727991
405 0.406801050241
429 0.406799192434
602 0.40679016351
666 0.406786990278
829 0.406781214181
847 0.406779796776
48 0.406316618552
65 0.406316298931
63 0.406316263265
1085 0.406315386352
1074 0.406315335157
1080 0.406315274376
1015 0.4063149874
1013 0.406314917828
123 0.40631481225
996 0.406314764762
125 0.406314757621
989 0.406314688647
134 0.406314437059
135 0.406314323021
962 0.406314159321
138 0.406314154648
951 0.406313899287
167 0.406313180823
170 0.406313163276
178 0.406312763847
190 0.406312557825
856 0.406310581806
850 0.406308169857
228 0.406307508883
817 0.406304938239
310 0.406304312925
342 0.406303860766
360 0.406303602177
363 0.406303551843
684 0.406303063313
676 0.406302935901
1055 0.406131501803
1057 0.406131496833
1043 0.406131443811
1016 0.406131220939
987 0.406130767348
982 0.40613073167
961 0.406130182004
922 0.40612897941
9 0.40612882954
19 0.40612867358
1063 0.406128642986
1051 0.406128605366
5 0.406128508324
1031 0.406128408374
1019 0.406128186432
26 0.406128145606
41 0.406128034401
1002 0.40612791876
896 0.406127873047
64 0.406127645236
890 0.406127553851
91 0.406127505019
93 0.406126994026
954 0.40612673449
115 0.406126412581
136 0.406126141448
119 0.406126087731
862 0.40612595613
159 0.4061253413
174 0.406124837295
152 0.406124834203
185 0.40612452883
186 0.40612451854
883 0.406124320335
203 0.406124104354
852 0.406123957377
188 0.406123631398
191 0.406123604914
874 0.406123597539
202 0.406123175454
865 0.406123031855
209 0.406122865526
213 0.406122663954
849 0.406120184921
836 0.406119542774
812 0.406119127282
783 0.406118735625
270 0.406117512707
276 0.406117458299
576 0.406116389278
559 0.406116288564
448 0.406116128671
352 0.406114657918
496 0.406113448637
837 0.405703727406
345 0.405702428935
713 0.405702027356
487 0.405701334399
548 0.405701216359
321 0.405689744099
447 0.405687836322
252 0.405618823956
338 0.405617568593
380 0.405617118478
703 0.40561672497
506 0.405616444239
588 0.405616418645
552 0.405616376429
250 0.405609732646
419 0.405607891051
509 0.405607749115
476 0.405607746022
843 0.405599002893
365 0.405598528445
454 0.40559737091
393 0.405593798152
494 0.405592874205
808 0.405543656062
781 0.405543240443
774 0.405543151143
754 0.405542791596
656 0.405541788704
627 0.40554168369
379 0.405520107068
514 0.405518653189
247 0.405504277358
382 0.405502755571
385 0.405502728637
386 0.405502721767
401 0.405502637842
396 0.405502593374
422 0.405502467141
550 0.405502433413
823 0.405486976805
339 0.405485572044
717 0.405485484779
390 0.405484892079
638 0.405484578358
466 0.405484311694
292 0.40542778088
661 0.405427366549
400 0.405426691686
516 0.405426673555
508 0.405426574396
825 0.405345631743
708 0.405343917005
606 0.405343300129
629 0.405343253723
427 0.405342595998
773 0.405339785962
731 0.40533920031
287 0.405339061458
715 0.405339030215
788 0.405266493522
729 0.405265667809
683 0.405265186278
673 0.405265083488
649 0.405264864189
372 0.405264498915
449 0.405264301071
527 0.405264267203
714 0.405243083332
693 0.405242879313
675 0.405242562621
541 0.40524133203
331 0.405241188869
357 0.405241137397
399 0.405240996109
368 0.404493225314
698 0.404492367932
605 0.404448373071
302 0.404432809942
324 0.404432680787
457 0.404432256202
738 0.404431915364
232 0.404400684212
371 0.404400036496
500 0.404399167758
532 0.404399024004
534 0.404398950175
848 0.404398779934
791 0.404398682184
746 0.404398649968
635 0.40439863574
624 0.4043986295
383 0.404395501112
504 0.40439548881
248 0.404395274896
832 0.404394930645
831 0.404394896016
258 0.404371650676
446 0.404371105918
546 0.404371015875
565 0.40437095295
616 0.40437078803
313 0.40437033277
751 0.404370159282
577 0.40436971842
669 0.404369588413
663 0.404369561859
294 0.404332457849
362 0.404332123475
376 0.404332041002
518 0.404331111058
536 0.404331103524
582 0.404330898764
653 0.4043306677
334 0.4043295437
695 0.404329499896
601 0.404329427044
456 0.404329365239
524 0.404329364434
435 0.404329342707
585 0.404329330164
241 0.404329088666
273 0.404329067121
319 0.40432899599
229 0.40432883866
233 0.404328836112
460 0.404328769645
554 0.404328619538
690 0.404327668949
818 0.404327295626
642 0.404316369056
665 0.404316356577
569 0.404316111941
483 0.404316075136
366 0.40431590919
295 0.404315878876
280 0.40431578495
782 0.404282331476
522 0.40428213959
556 0.404282046807
662 0.404282018473
621 0.404281990252
634 0.404268703196
461 0.404268642114
705 0.404268610449
395 0.404268559643
245 0.404268118094
254 0.404268045501
804 0.404254000611
614 0.404253553485
589 0.404253509385
573 0.404253500677
369 0.404253212491
349 0.404253208231
590 0.404241554951
347 0.404241524093
655 0.404241486964
511 0.404241454214
517 0.404241453701
759 0.404241253832
257 0.404205076941
337 0.404204844198
353 0.404204737596
391 0.404204560755
628 0.40420360827
640 0.404203486992
762 0.404203228518
356 0.404199582855
560 0.404199271523
438 0.404199252775
800 0.404198997694
802 0.404198946683
697 0.404185836118
482 0.404185327248
239 0.404185011483
407 0.404164674469
412 0.404164667888
477 0.404164172687
485 0.404164108864
486 0.404164076138
515 0.404163874605
424 0.404163780768
595 0.404163545645
579 0.404163510339
251 0.404163293712
643 0.404163202954
677 0.404163037451
679 0.404162997118
833 0.404162993774
707 0.404162960803
780 0.404162885517
806 0.404162733705
809 0.404162685563
834 0.404140377525
724 0.404140321055
787 0.404140286102
578 0.404140162964
531 0.404139980573
493 0.404139916066
489 0.404139912638
402 0.404139793002
374 0.404139728599
316 0.404130487818
253 0.404130456698
333 0.404130395923
375 0.404130151907
481 0.404129932034
712 0.404128979747
745 0.404128753717
767 0.404098643728
542 0.404097822179
520 0.404097727151
458 0.404097438609
439 0.40409743818
453 0.404097429936
325 0.404097101732
336 0.404097099791
286 0.404097042058
686 0.404095679921
600 0.404095560882
440 0.40409532133
814 0.404095301997
827 0.404095209633
826 0.404095201189
237 0.404095048215
594 0.40396340957
236 0.40396325953
291 0.403963254763
529 0.403258495003
523 0.403258487426
557 0.403258381899
593 0.403258229906
317 0.403257987517
462 0.403257127931
753 0.4032570542
452 0.403257014047
231 0.403256975556
764 0.403256889073
343 0.403256528345
608 0.403256443491
694 0.403255542092
701 0.403255522144
796 0.403254264668
468 0.403235264691
566 0.403235192738
646 0.403234847633
777 0.403233578663
387 0.403211209166
501 0.403211139654
699 0.403209943021
474 0.403198241779
535 0.403198209685
436 0.403198087219
654 0.403197499492
702 0.403197155283
706 0.403197106192
320 0.403197023988
558 0.403196125777
564 0.403196120374
618 0.403196055372
441 0.403196043677
648 0.403195944958
840 0.403195602424
797 0.403194483551
431 0.403177789353
478 0.403177783778
526 0.403177766806
351 0.403177527273
322 0.403177276155
308 0.403177215687
670 0.403177156144
790 0.403175428612
475 0.403172570176
499 0.403172545995
444 0.403172534073
622 0.403171784699
311 0.403171720329
418 0.403171703026
277 0.403171407676
688 0.403171057931
341 0.403170983076
242 0.403170161114
769 0.403169858483
463 0.403159066728
423 0.4031589876
711 0.403158242218
268 0.403158161752
244 0.403158005187
779 0.403157367971
799 0.403157043478
464 0.40315311342
416 0.403153063892
358 0.403152764304
329 0.403152546789
785 0.403151038562
824 0.403150699649
415 0.403149638923
389 0.403149625032
344 0.403149212708
289 0.403148701977
275 0.403148664611
263 0.403148545878
811 0.403148260669
813 0.403148252543
467 0.403141306783
455 0.403141298941
442 0.403141168675
678 0.403140626096
739 0.403140070036
756 0.403139896008
575 0.40312610197
771 0.403123936258
537 0.403123438509
545 0.403123391917
570 0.403123309291
465 0.403123208797
725 0.403122725082
835 0.403121830364
592 0.4031105332
451 0.403110413181
651 0.403110214723
672 0.403110157919
680 0.403110033292
262 0.403109457271
757 0.403109335824
772 0.403109039189
491 0.403091198271
388 0.403091146266
350 0.403090984989
630 0.403090876486
631 0.403090869582
723 0.403090126141
794 0.403089296916
819 0.40308909943
815 0.403089071837
521 0.403026459437
620 0.403026372373
568 0.403026368609
434 0.403026252577
426 0.403026216503
404 0.403025365622
551 0.403025349978
282 0.403025258505
610 0.403025067551
249 0.403024951273
326 0.403024922634
312 0.403024800289
274 0.403024522041
749 0.403023943411
842 0.403022812475
425 0.403009448076
505 0.403009429433
528 0.403009403524
328 0.403008782497
681 0.403008165885
459 0.403003759322
281 0.403003038786
278 0.403003025215
803 0.403001450332
469 0.402990683148
607 0.402990490552
692 0.402989896897
719 0.402989745136
720 0.402989691904
786 0.402989061133
838 0.40298871437
403 0.402979550904
414 0.402979514508
367 0.402979510641
636 0.402979155003
691 0.402978568514
583 0.402977987
572 0.402977963954
604 0.402977946784
795 0.402977319598
309 0.402977030868
830 0.40297699851
839 0.402976831724
700 0.402845039072
288 0.402845020274
238 0.402844612361
413 0.402686333306
428 0.402686286537
304 0.402686092369
586 0.402685790753
597 0.402685738963
246 0.40268567921
726 0.402684640302
219 0.402681910759
150 0.402680370871
141 0.402680169881
129 0.402679850099
127 0.402679845174
122 0.402679687007
121 0.402679669116
107 0.402679455168
67 0.402678977643
893 0.402678956067
58 0.402678902936
31 0.402678681475
906 0.402678638245
912 0.402678475103
916 0.40267846994
913 0.402678466838
946 0.402677923107
959 0.402677776807
958 0.402677773747
980 0.402677426509
983 0.402677397976
498 0.402677031725
1076 0.402676763224
744 0.402676096665
807 0.402675487287
227 0.40267443188
204 0.402672054165
855 0.402672043491
879 0.402671263514
882 0.402671096451
155 0.402671094011
892 0.402670900422
908 0.402670561447
909 0.402670561447
113 0.402670306919
101 0.402670129759
81 0.402669917123
471 0.40266978654
49 0.402669683146
50 0.402669668462
969 0.402669645142
355 0.402669630713
13 0.402669552387
6 0.402669545874
997 0.402669405506
293 0.402669346037
1042 0.402669223729
1059 0.402669169852
1077 0.402669124091
685 0.402669070064
728 0.402668773753
801 0.40266799933
226 0.402666647126
214 0.402665233628
206 0.402664946925
201 0.40266482799
175 0.402664370854
871 0.402664096244
881 0.402663685888
884 0.402663609034
901 0.402663268298
112 0.402662972031
84 0.402662582684
72 0.402662440671
62 0.402662364035
54 0.402662294803
35 0.402662155369
34 0.402662139567
27 0.402662102513
0 0.402662021562
1001 0.402661677828
1014 0.402661594192
1046 0.402661403889
512 0.402654659245
641 0.402654272853
647 0.402654272743
789 0.402652849068
793 0.402652845516
844 0.402652454498
211 0.402650405772
197 0.402650119437
192 0.402649954829
165 0.402649496015
157 0.402649304833
153 0.402649270713
148 0.402649241547
147 0.402649208947
142 0.402649064679
137 0.402648943319
131 0.402648906756
128 0.402648849674
875 0.402648559956
109 0.402648556284
73 0.402648098579
59 0.402648016111
47 0.402647865431
899 0.402647813787
43 0.402647800358
905 0.402647603025
935 0.402646993893
940 0.402646887621
976 0.402646484891
994 0.402646242418
1047 0.40264593519
1082 0.402645781683
525 0.402641226117
445 0.40264118029
599 0.402640981945
318 0.402640869086
284 0.402640680625
758 0.402639879473
760 0.402639870085
816 0.402639350555
207 0.402636220654
584 0.402635905059
689 0.402635629396
878 0.402635485929
346 0.402635284267
327 0.402635208539
158 0.402635148484
151 0.402635112687
942 0.402634166053
100 0.402634151556
950 0.402634114561
952 0.402634080897
90 0.402634029951
965 0.402633923775
46 0.402633509247
1000 0.402633500742
40 0.40263342288
15 0.402633420393
24 0.402633393254
1030 0.402633347245
1038 0.402633269533
1033 0.402633257685
1056 0.402633136138
1075 0.402633108012
1069 0.402633104503
1083 0.402633090687
885 0.402630746615
900 0.402630514104
914 0.402630237806
927 0.402629881185
146 0.40262976093
144 0.4026297286
139 0.402629623831
963 0.40262953837
964 0.402629532635
960 0.402629522184
972 0.402629401989
986 0.402629304869
118 0.402629243306
999 0.402629124233
95 0.402628902321
1052 0.402628870508
1058 0.402628832042
1086 0.402628786678
71 0.402628616406
70 0.402628614847
51 0.402628435809
44 0.402628321855
30 0.402628310493
33 0.402628301115
443 0.402587661751
470 0.40258763955
354 0.402587578416
674 0.40258696228
734 0.402586553139
736 0.402586551813
740 0.402586529707
205 0.402583309834
183 0.402582887853
171 0.402582706381
168 0.402582645416
860 0.402582600164
117 0.4025817736
116 0.402581755934
891 0.402581740903
105 0.402581645158
111 0.402581642618
104 0.402581628408
97 0.40258150582
87 0.402581416981
918 0.402581145023
55 0.402581129934
920 0.402581087395
966 0.402580448271
971 0.402580435812
970 0.402580429783
1007 0.402580098834
1012 0.402580056611
1023 0.402580020965
1018 0.402580012816
1028 0.402579927403
1070 0.402579800076
1088 0.402579785726
492 0.402562416778
555 0.402562376438
430 0.402562360222
410 0.402562294509
603 0.402562239468
657 0.402562091181
587 0.402561685388
765 0.402561310092
768 0.402561308086
718 0.402560869644
743 0.402560644851
748 0.402560582907
770 0.402560377719
853 0.402558586198
216 0.402558472604
221 0.402558247923
208 0.402557899011
187 0.402557843746
180 0.402557759352
193 0.402557630222
172 0.402557613676
184 0.402557494928
181 0.402557452266
162 0.402557425331
161 0.402557422905
160 0.402557414201
156 0.402557342992
154 0.402557332165
145 0.402557203825
887 0.402556978423
126 0.402556817489
902 0.402556693099
130 0.402556612805
106 0.402556582136
98 0.402556480523
877 0.402556383838
108 0.40255634791
921 0.402556276522
82 0.402556274771
79 0.402556250032
880 0.402556225319
931 0.402556072913
76 0.402556057169
69 0.402555980433
939 0.402555923729
25 0.402555911087
57 0.402555906366
897 0.4025558985
941 0.402555895498
16 0.402555882318
22 0.402555869612
12 0.402555856906
4 0.402555850981
37 0.402555804925
42 0.402555779861
28 0.402555747931
21 0.402555737639
910 0.402555608077
1003 0.402555212751
932 0.402555157232
1036 0.402555044306
1053 0.402554968773
1065 0.402554888539
1078 0.402554863443
1072 0.402554853115
1081 0.402554824446
967 0.402554756711
977 0.402554642611
991 0.402554459017
993 0.402554453093
1021 0.402554266804
1034 0.402554182486
1044 0.402554153636
1064 0.402554073349
1066 0.402554038793
1071 0.402554026738
1079 0.402554011987
490 0.402548120367
625 0.402548112569
637 0.402548054627
639 0.402548053868
671 0.402547919964
737 0.402547576675
761 0.402547417481
255 0.402546956256
225 0.40254471074
859 0.402543965338
863 0.40254390882
218 0.402543838654
873 0.402543570671
200 0.402543376858
198 0.402543356518
889 0.40254317624
177 0.402543003332
928 0.40254231009
929 0.402542297966
937 0.402542199769
948 0.402542107192
949 0.402542103135
957 0.402541982972
955 0.402541979982
975 0.402541818031
998 0.402541528515
1005 0.402541494915
61 0.402541472383
32 0.402541276095
