300 1.0
290 0.408655120489
323 0.40865412487
230 0.408653417393
179 0.408645171945
195 0.40864393105
164 0.408643169122
140 0.40864244529
114 0.408641183367
52 0.408639694963
86 0.408639643859
74 0.408639541003
75 0.408639511877
10 0.408639136841
23 0.40863902973
519 0.408637963211
574 0.408634160976
696 0.40863001314
866 0.408615785674
864 0.408615419436
888 0.408612935018
917 0.408612146246
895 0.408611812112
938 0.408611090319
924 0.408611062529
930 0.408610469812
973 0.408609078583
985 0.408608550576
968 0.408608358791
990 0.408607374896
1061 0.408607138267
1020 0.408607046589
1017 0.408606746717
345 0.407913927849
487 0.407899493327
548 0.407891702473
235 0.407888020756
713 0.407882855089
837 0.407879606188
479 0.407866778984
544 0.407861322322
755 0.407848792432
627 0.407821733523
656 0.407819950632
754 0.407816871294
781 0.407816385209
774 0.407815967387
808 0.407815350948
314 0.407810123234
252 0.407789418162
338 0.407785145764
380 0.407781182028
644 0.407780934322
506 0.407769434368
552 0.407764588859
588 0.407762500608
703 0.407757507885
611 0.407724194159
619 0.40772183078
658 0.407720081673
778 0.407715514505
250 0.407668725276
419 0.407656195515
476 0.407650555676
509 0.407648154088
361 0.407639794072
310 0.407639121792
364 0.407637185235
228 0.407636721098
342 0.407636258855
360 0.407635801861
363 0.407633712682
170 0.407629775759
190 0.407629663166
178 0.407628651933
138 0.40762841309
167 0.40762829946
134 0.407627624411
123 0.407627514124
135 0.407627264235
125 0.407627241024
65 0.407627043902
473 0.407626479169
488 0.407626250872
48 0.40762555468
63 0.407625342792
543 0.407621600448
571 0.407619366388
580 0.407616899816
676 0.407615365896
265 0.407615265852
297 0.407614203542
243 0.407614052331
684 0.407613716674
817 0.407610109906
742 0.407609622371
196 0.407605585609
199 0.407605138775
411 0.407604645405
850 0.407604589083
176 0.407603497559
856 0.407602746102
120 0.407602324464
143 0.407602036053
99 0.407601786019
66 0.407601552194
68 0.407601281619
78 0.407601048973
80 0.407600973914
60 0.407600422444
53 0.407600207042
8 0.407599417569
2 0.407599334575
951 0.40759801693
962 0.407597571514
497 0.407597506286
989 0.407597424506
1015 0.407596784483
996 0.407596506129
1074 0.407596416261
1013 0.407596352259
1080 0.407595635957
1085 0.407595424375
612 0.407591924803
632 0.407590029546
776 0.407583942115
820 0.407583448861
805 0.407582965464
907 0.407570498835
953 0.407570439384
1040 0.407568052918
1073 0.407568021698
1054 0.407567504989
1068 0.407566898359
1032 0.407566824758
270 0.407489893263
276 0.407489690738
203 0.40748079448
185 0.407480575735
186 0.407480523015
159 0.407479807056
174 0.407479617135
136 0.407477467138
448 0.407477447166
91 0.407476588747
9 0.407476119641
19 0.407475687899
247 0.40746973785
559 0.40746916707
576 0.407467348416
382 0.407461294369
385 0.407461243058
386 0.407461144512
783 0.407460945897
812 0.407459940684
836 0.407458949267
396 0.407458538554
401 0.407458492083
849 0.40745845615
422 0.407455666832
852 0.407453878834
862 0.407452645569
890 0.407451124736
896 0.407450116041
922 0.407449770987
961 0.407448712747
987 0.407448277628
1043 0.407447916787
982 0.407447889739
1016 0.407446514584
1057 0.407446243166
1055 0.407445967459
550 0.407445847652
224 0.407438317928
215 0.40743772053
169 0.407437228692
132 0.407434656901
133 0.407434646205
89 0.407434023946
298 0.407433126904
14 0.407431019327
495 0.407429366665
340 0.407428765321
553 0.407425410363
598 0.407423871899
664 0.40742084989
530 0.407411416203
567 0.407409478573
870 0.407407679555
894 0.407405938402
925 0.407405654382
945 0.407404576309
659 0.407404010573
704 0.407403719698
1041 0.40740347964
1025 0.407403307493
1024 0.407403232651
1010 0.407403167137
1039 0.407403153795
763 0.407402295225
1067 0.407401779189
269 0.407313358226
348 0.40730907422
217 0.407308221825
220 0.407308104026
212 0.407307259205
182 0.40730702747
173 0.407305749022
397 0.407304439627
77 0.407303994285
103 0.407303746475
45 0.407303645118
17 0.407303255998
20 0.407302839158
563 0.407294304015
222 0.407293118134
591 0.407292581774
163 0.40729082016
124 0.407289694473
110 0.407289646985
102 0.407289370388
11 0.407287803145
3 0.407287598915
36 0.40728747466
38 0.407287454875
750 0.407286268682
798 0.407284447153
539 0.40728081085
872 0.407276743313
876 0.407275762903
633 0.407275636434
956 0.407274515116
978 0.407273651613
988 0.407273262153
1011 0.407272448104
1008 0.407272311589
1062 0.407272192137
741 0.40727214705
792 0.407268616036
851 0.407264614077
854 0.407262244424
857 0.407260954559
903 0.407259727214
915 0.407259414561
926 0.407259310516
911 0.407259095696
923 0.407258522349
944 0.407257553339
943 0.407257548687
974 0.407257348387
1029 0.407256921501
1027 0.40725682907
1026 0.407256753488
1009 0.407256412527
1006 0.407256381995
1037 0.407256306089
1022 0.407256135209
1084 0.407255278152
1045 0.407255270915
368 0.405563466228
698 0.405544976709
302 0.405541850979
324 0.405541293293
457 0.405530210264
283 0.405521435418
301 0.405521173826
315 0.405520781033
738 0.405516310429
533 0.405506120936
732 0.405496873059
503 0.405476747731
613 0.40547107672
652 0.405467628993
709 0.405466459268
313 0.40535876484
577 0.405341954649
669 0.405339165362
663 0.405339097931
261 0.405309224468
334 0.405308873418
335 0.405306287594
435 0.405302682032
394 0.405302171224
456 0.405300975382
433 0.405300096032
524 0.405297483388
601 0.405294337892
585 0.405294198002
695 0.405290273182
650 0.405288824288
299 0.405256265123
307 0.405256048915
409 0.405249839099
540 0.405242872721
733 0.405234806764
257 0.405187499688
337 0.405186191092
353 0.405185683058
391 0.405181782727
628 0.405167920187
640 0.405167695052
762 0.405161864892
370 0.405132077274
405 0.405129586272
429 0.405127636763
602 0.405118129528
666 0.405114759294
847 0.405107029841
829 0.405106865553
5 0.404518733772
26 0.404518577045
41 0.404518513162
64 0.404518287235
1087 0.404518161033
18 0.404518002697
1063 0.404517892732
1048 0.40451777984
93 0.404517778933
1051 0.404517766809
1035 0.404517665161
1031 0.404517534923
115 0.40451741277
1019 0.404517382506
119 0.404517215745
85 0.404517091987
88 0.404517079678
1002 0.404517043028
992 0.404516950167
94 0.404516872642
981 0.404516628257
979 0.404516597989
152 0.404516159046
954 0.404515756631
934 0.404515279424
149 0.404515014508
188 0.404514982609
191 0.404514923499
166 0.404514483198
202 0.404514456834
209 0.404514182137
904 0.404514004793
213 0.404513870941
898 0.404513752664
189 0.404513704063
194 0.40451348664
883 0.404513377853
886 0.404513314095
210 0.404512888837
874 0.404512642012
869 0.404512336668
867 0.404512207905
865 0.404512095386
861 0.404511853391
858 0.404511770008
784 0.404505432339
352 0.404505170701
766 0.40450506597
296 0.404505059214
373 0.404503946721
496 0.40450368118
420 0.404503531176
1060 0.404346022324
1050 0.404345991235
1049 0.404345983626
1004 0.404345437704
995 0.404345110193
984 0.404344782405
947 0.404343589361
936 0.404343314643
933 0.404343237778
919 0.404342614154
868 0.404339805155
1 0.404337850018
7 0.404337717937
39 0.404337535152
29 0.404337521067
56 0.404337100918
83 0.404336886395
92 0.404336731947
96 0.404336625345
223 0.40433329374
730 0.404329632041
727 0.404329572662
626 0.404328149534
561 0.404327611909
421 0.404326965415
408 0.404326959358
321 0.403912524656
447 0.403909981499
365 0.403890807922
843 0.403890186398
454 0.403889431511
379 0.403855709242
514 0.403854263371
393 0.40383243886
494 0.403831158734
339 0.403818859399
390 0.403817913199
823 0.403817911252
466 0.403816866933
717 0.40381677505
638 0.403816188991
845 0.403727510835
841 0.403727475123
810 0.403726893982
240 0.403724915161
667 0.403724368483
660 0.403724351742
398 0.403723433155
507 0.403723370136
510 0.40372336708
747 0.403707045261
256 0.403705767726
260 0.403705692622
305 0.403705324615
562 0.403705291071
549 0.403705255387
330 0.403705170506
450 0.403704812766
623 0.403664687199
267 0.403664077561
538 0.403663925085
332 0.403663584251
432 0.403663293966
292 0.403663075669
661 0.403662557426
400 0.403661877651
516 0.403661759486
508 0.403661741042
821 0.403657006781
735 0.403655332051
609 0.403653969974
359 0.403653628406
406 0.403653354769
480 0.403653323889
472 0.403653268867
773 0.403645937226
731 0.403645141128
715 0.403645063647
287 0.403644326684
775 0.403642813065
710 0.403641634149
682 0.403641278345
271 0.403640532116
596 0.403640389881
384 0.403639955983
417 0.403639904512
788 0.403618332927
729 0.403617009049
683 0.403616268435
673 0.403616037329
649 0.403615648771
527 0.403614405623
449 0.403614070836
372 0.403614050972
825 0.403597033432
708 0.403594921521
606 0.403594219181
629 0.403594181727
427 0.403593557815
714 0.403588263838
693 0.403587997717
675 0.403587707227
331 0.403587102719
357 0.403586962685
399 0.403586810547
541 0.403586750547
232 0.4026295106
371 0.402628508264
500 0.402627221809
532 0.402626967518
534 0.402626882168
624 0.402626412687
635 0.402626310142
746 0.402625982214
791 0.402625884303
848 0.402625855825
605 0.402597609705
294 0.402544653786
362 0.402544274934
376 0.402544134073
518 0.40254305103
536 0.402542987371
582 0.402542762079
653 0.402542514097
522 0.402541252085
556 0.402541016118
621 0.402540881662
662 0.402540667722
782 0.402540601519
846 0.402534758747
822 0.402534602439
687 0.40253369526
484 0.402532879073
437 0.40253284199
234 0.402532417605
752 0.402525301114
722 0.402525051502
581 0.402524317713
502 0.402523804335
392 0.402523647364
377 0.402523543827
378 0.402523541722
306 0.402523446902
259 0.402523361884
407 0.402484774928
412 0.402484765964
477 0.402484084944
486 0.402484029532
485 0.402484021944
515 0.402483710299
643 0.402482737902
677 0.402482488478
679 0.402482456577
780 0.40248193628
833 0.402481897634
828 0.402467361789
721 0.402466468157
716 0.402466411706
615 0.402465792631
513 0.402465259242
279 0.402464230369
264 0.402464197298
668 0.402463180296
617 0.40246292962
547 0.402462628945
381 0.402461907726
303 0.40246161492
266 0.402461552384
272 0.402461527526
347 0.402436483561
517 0.402436183669
511 0.402436156491
590 0.402436011822
655 0.402435769132
759 0.402435083444
697 0.402423372813
482 0.402422852474
239 0.402422651158
804 0.402412937794
366 0.402412639336
280 0.402412588214
295 0.40241251726
483 0.402412166
614 0.402411960687
589 0.402411886179
573 0.402411875549
569 0.402411662845
642 0.402411465614
369 0.402411365765
665 0.402411324492
349 0.402411279646
645 0.402395251243
285 0.40239481524
395 0.402394379846
245 0.402394175571
254 0.40239408995
461 0.402394084172
634 0.402393058688
705 0.402392538384
258 0.402379025992
546 0.402378816729
565 0.402378762276
446 0.402378761369
616 0.402378593594
751 0.402377808281
241 0.402374666665
273 0.402374643115
319 0.402374546967
229 0.402374533629
233 0.402374484842
460 0.402374415153
554 0.402374322027
690 0.402373128792
818 0.402372521917
767 0.402366973548
542 0.4023660661
520 0.402365999323
458 0.402365704673
439 0.402365643417
453 0.402365643058
336 0.402365251815
325 0.402365223929
286 0.402365149711
834 0.402361933914
787 0.402361768453
724 0.402361556228
578 0.402361191213
531 0.402360896606
493 0.402360741142
489 0.402360737903
402 0.402360496339
374 0.402360410051
686 0.402346410287
814 0.402346377828
827 0.402346338064
826 0.402346328416
600 0.402346102013
440 0.402345769158
237 0.402345180838
248 0.40232831552
383 0.402328257105
504 0.402328145599
832 0.402326281163
831 0.402326253368
712 0.402310102152
745 0.402310061662
481 0.402309188434
375 0.402308732894
333 0.40230871488
316 0.402308672115
253 0.402308468318
594 0.402292716836
291 0.402292575719
236 0.402292571553
800 0.402265492421
802 0.402265436353
560 0.402264619032
806 0.402264399291
595 0.40226436004
809 0.402264322414
707 0.402264303904
579 0.402264203668
438 0.402263921915
356 0.402263874274
424 0.402263854211
251 0.402263134715
441 0.401344281448
558 0.401343904941
564 0.401343856293
618 0.401343615289
648 0.401343383026
797 0.401341476441
389 0.401341029524
415 0.401341012562
344 0.401340573351
289 0.401339958353
275 0.401339926643
263 0.401339759885
811 0.401338315696
813 0.401338296215
431 0.401309856687
478 0.401309739572
526 0.401309659632
351 0.40130955452
322 0.401309255054
308 0.401309189195
670 0.401308733529
523 0.401307763342
529 0.401307730246
557 0.401307540425
317 0.401307478464
593 0.40130727328
790 0.401306853855
231 0.401306502835
753 0.401305800114
764 0.401305633332
404 0.401292043058
326 0.401291620497
551 0.401291547777
312 0.401291514403
274 0.401291198897
610 0.401291048345
749 0.401289511891
842 0.401288259856
592 0.40125654504
451 0.401256398664
651 0.401256250907
672 0.401256071337
680 0.401256027151
463 0.401255533377
423 0.401255450064
757 0.40125511842
262 0.40125506663
772 0.401254843872
711 0.401254738622
268 0.401254495704
244 0.401254299327
779 0.401253752029
799 0.40125340048
474 0.401246025667
436 0.401245926207
535 0.401245909994
320 0.401245092349
654 0.401244942066
702 0.401244490783
706 0.40124447162
840 0.401242770893
455 0.401241383276
467 0.401241380459
442 0.40124125026
678 0.401240264261
739 0.401239594097
756 0.401239324012
475 0.401208183131
499 0.401208179805
444 0.401208169363
575 0.401208138172
311 0.401207342949
277 0.401207036068
688 0.401206681707
403 0.401206669044
414 0.401206611942
367 0.401206563425
636 0.401206294664
771 0.401206191927
691 0.401205679306
769 0.401205456184
795 0.401204381522
830 0.401204058078
839 0.401203850491
537 0.401203167488
545 0.401203137967
465 0.401203062781
570 0.401203010645
725 0.401202096315
501 0.401201097353
835 0.401200980615
387 0.401200950105
699 0.40120022594
462 0.401199044881
452 0.401198979308
343 0.401198546791
608 0.401198351662
694 0.401197389668
701 0.40119737644
796 0.401196134366
418 0.401195286832
622 0.401195135523
341 0.401194817682
242 0.401193983334
425 0.401190790052
505 0.401190676941
528 0.401190624258
328 0.401190245585
681 0.40118915827
464 0.401165210693
416 0.401165051889
358 0.401164741943
329 0.40116454401
785 0.401163181979
824 0.401162847555
620 0.401160566462
568 0.401160413678
521 0.401160277734
604 0.40115997583
583 0.401159962292
572 0.401159924815
434 0.401159824552
426 0.401159799375
282 0.401158588138
249 0.401158226737
309 0.401158125724
469 0.401155645988
607 0.40115523007
692 0.401154571055
719 0.401154369528
720 0.401154332084
786 0.401153576719
838 0.401153154225
468 0.401147644122
566 0.40114757602
646 0.401147228925
777 0.401146064734
459 0.401120533813
803 0.401119820157
281 0.401119172349
278 0.401119135185
630 0.401116894532
631 0.40111688623
723 0.401116637559
491 0.401116395307
794 0.401116133195
388 0.401115981128
819 0.401115946465
815 0.401115923695
350 0.401115658641
700 0.401109220895
288 0.401108130499
238 0.401107638454
492 0.400777782106
430 0.400777749575
410 0.400777718968
555 0.400777675249
603 0.400777509227
657 0.400777286091
765 0.400776294029
768 0.400776244905
216 0.400773270748
853 0.40077314929
187 0.400772564398
180 0.400772463439
172 0.400772315868
162 0.400772102241
161 0.40077210148
160 0.400772085225
156 0.400771994374
154 0.400771991917
145 0.400771826955
126 0.400771406732
887 0.400771345391
106 0.400771115929
902 0.400771035362
98 0.400771013636
82 0.400770767554
79 0.400770753332
921 0.400770553711
25 0.400770350777
931 0.400770326246
16 0.400770310026
22 0.400770304706
12 0.400770290635
4 0.400770275784
939 0.400770168153
941 0.400770151312
1003 0.400769374984
1036 0.40076916342
1053 0.400769092229
1065 0.400768994997
1078 0.400768972428
1072 0.400768948798
1081 0.400768932901
584 0.40075869075
346 0.400758237571
689 0.400758219927
327 0.400758148166
885 0.400753080325
900 0.400752867658
525 0.400752784737
445 0.400752711225
914 0.400752596143
146 0.40075256954
599 0.400752551649
144 0.400752507689
139 0.400752418679
927 0.400752230027
318 0.400752225231
118 0.400752027164
284 0.400751961841
963 0.400751902301
964 0.400751895809
960 0.400751885324
972 0.400751764852
95 0.400751673413
986 0.400751658826
999 0.400751506143
71 0.400751386887
70 0.400751385067
758 0.400751377533
760 0.400751376135
1052 0.400751231175
51 0.400751202176
1058 0.400751174886
1086 0.400751150072
30 0.400751083652
44 0.400751078023
33 0.400751061392
816 0.400750827927
207 0.400747520498
878 0.400747027947
158 0.400746450389
151 0.400746424746
942 0.400745728758
950 0.400745669305
952 0.400745633214
965 0.400745480497
100 0.400745447271
90 0.400745331619
1000 0.400745092021
1030 0.400744929136
1033 0.400744850026
1038 0.400744841073
46 0.400744814805
1056 0.400744751397
40 0.400744746034
24 0.40074472472
15 0.40074471599
1069 0.400744713983
1075 0.400744708038
1083 0.400744684493
587 0.400733646905
490 0.400733233358
625 0.400733100291
639 0.40073302787
637 0.400733027458
718 0.400732871513
671 0.400732846977
743 0.400732642593
748 0.400732581909
737 0.400732420913
770 0.400732365022
761 0.400732225628
255 0.400732126555
225 0.400729663766
221 0.400729661574
208 0.400729315937
193 0.40072900963
512 0.400728860062
184 0.400728847939
181 0.400728822207
218 0.400728689449
647 0.400728539318
641 0.400728529439
859 0.400728345709
863 0.40072827485
200 0.400728198265
198 0.40072818829
877 0.400728083953
873 0.400727919013
880 0.400727899963
130 0.400727896459
177 0.400727761108
108 0.40072759997
897 0.400727560527
889 0.400727461468
76 0.400727290675
910 0.40072723593
69 0.400727230322
57 0.400727142034
789 0.40072710921
793 0.400727103973
37 0.400727049916
42 0.400727022093
28 0.400726988725
21 0.400726983281
932 0.400726765327
844 0.400726705637
928 0.400726534458
929 0.400726521887
937 0.400726432662
948 0.400726326251
949 0.400726323042
967 0.400726319524
977 0.400726203028
957 0.400726197131
955 0.400726191652
61 0.40072606724
993 0.400726015813
991 0.400726011231
975 0.40072601072
32 0.400725875824
1021 0.400725808756
1034 0.400725719936
998 0.400725704872
1044 0.400725693299
1005 0.400725647554
1064 0.400725610532
1066 0.400725577302
1071 0.40072555503
1079 0.400725545439
211 0.400724606462
197 0.400724343217
192 0.400724177897
165 0.400723729143
157 0.400723548545
153 0.400723510082
148 0.400723473873
147 0.400723454309
142 0.400723309807
137 0.400723188195
131 0.400723173076
128 0.400723101578
875 0.400723023198
109 0.400722820909
73 0.400722391862
899 0.400722312002
59 0.400722309359
47 0.400722148221
905 0.400722111638
43 0.400722089435
935 0.400721546015
940 0.40072144776
976 0.400721062843
994 0.400720841228
1047 0.40072054739
1082 0.400720402119
471 0.400718742015
355 0.400718542275
293 0.400718217862
685 0.400718023635
728 0.400717694883
801 0.400716960983
226 0.400715726063
214 0.40071443308
206 0.400714190293
201 0.40071407424
175 0.400713664762
871 0.400713354789
881 0.400712977248
884 0.40071290822
901 0.400712589036
112 0.400712364932
84 0.400712003938
72 0.400711869704
62 0.400711818022
54 0.400711753736
35 0.400711627281
34 0.400711590097
27 0.400711578255
0 0.400711515169
1001 0.40071117061
1014 0.400711081968
1046 0.400710928304
443 0.400701239353
470 0.400701229582
354 0.400701181852
674 0.400700684381
736 0.400700268534
734 0.400700268398
740 0.400700261992
205 0.400696903985
183 0.40069648755
860 0.400696383204
171 0.400696315919
168 0.400696240834
891 0.400695540702
117 0.400695358398
116 0.400695338429
111 0.400695229727
105 0.400695229333
104 0.400695210435
97 0.400695090517
87 0.400694999953
918 0.400694963792
920 0.400694901228
55 0.400694712173
966 0.40069427743
971 0.400694258873
970 0.400694252361
1007 0.400693940452
1012 0.400693922008
1018 0.400693860833
1023 0.400693857897
1028 0.400693782044
1070 0.400693667333
1088 0.400693649424
413 0.4006843388
428 0.400684317204
586 0.400684072684
304 0.40068403426
597 0.400684029698
246 0.40068361979
726 0.400683169739
498 0.400683012222
744 0.400682196983
807 0.400681641202
227 0.400680716466
219 0.400680368489
150 0.400679025447
141 0.400678851291
855 0.400678632574
204 0.400678600347
129 0.400678573594
127 0.400678562692
122 0.400678411896
121 0.400678407378
893 0.400678287811
107 0.400678224694
906 0.400678017871
879 0.400677936736
912 0.400677887681
916 0.400677874941
913 0.400677866567
67 0.400677811581
882 0.400677808422
58 0.400677754975
155 0.400677737649
892 0.400677640182
31 0.40067754369
946 0.400677428395
908 0.400677311463
909 0.400677311463
958 0.400677289691
959 0.400677288716
113 0.400677046022
980 0.400677001916
983 0.400676990838
101 0.400676896133
81 0.400676702935
969 0.400676529758
49 0.400676509718
50 0.400676498993
1076 0.400676450067
13 0.40067635912
6 0.400676351848
997 0.400676350286
1042 0.400676179713
1059 0.400676106664
1077 0.400676083214
