35 1.0
0 0.424718741527
27 0.424718696619
34 0.424717586916
54 0.424710309967
62 0.424707137238
72 0.424705894229
84 0.42470249489
112 0.424692961273
175 0.424672947756
201 0.424669424948
206 0.424667223727
214 0.424666388943
226 0.424653236885
293 0.424629269381
355 0.42462445476
471 0.424617771695
685 0.424606700908
728 0.424604058305
801 0.424602653449
871 0.424592347467
884 0.424590586334
881 0.424590214895
901 0.424590101454
1001 0.424585471293
1014 0.42458476467
1046 0.424584750252
350 0.424352435949
388 0.424346089237
491 0.424337017009
631 0.424327264015
630 0.424327236744
723 0.424322411912
794 0.424318773668
819 0.424317521385
815 0.424317356076
468 0.424267782744
566 0.424257973264
646 0.42425416783
777 0.424249781345
387 0.424122479651
343 0.424117741193
501 0.424113998073
452 0.424105323165
462 0.424105114956
699 0.424100465289
608 0.424094746734
309 0.424093374986
694 0.424092746893
701 0.424090594588
796 0.424088766279
604 0.42406912352
572 0.424068920899
583 0.424068920183
465 0.424027527021
537 0.424022671577
545 0.424020655535
570 0.424018722943
725 0.42401332499
835 0.424009452473
262 0.4239212166
451 0.42390286087
592 0.423894104074
651 0.423890866284
680 0.423889434309
672 0.423889185127
772 0.42388699553
757 0.423886006538
442 0.423885223052
455 0.423882830326
467 0.423882691088
231 0.423880782392
317 0.423871622321
678 0.423870691779
739 0.423868831638
756 0.42386781982
523 0.423852058091
529 0.423852057045
557 0.423850057368
593 0.423848329329
753 0.423842619042
764 0.423841170511
13 0.423750149956
6 0.423749970886
49 0.423743925216
50 0.423743839611
81 0.423732426497
101 0.423725559391
113 0.423721683264
55 0.423712093744
155 0.423705590096
87 0.423702065354
97 0.423698633504
104 0.423695613107
105 0.423695393481
204 0.42369498469
111 0.423694875323
116 0.423692282158
117 0.423692160731
263 0.42368556718
275 0.423684941501
289 0.423682510857
344 0.423678150675
31 0.423676868742
168 0.423676277711
171 0.423675812749
183 0.423672907816
389 0.42367230578
227 0.423670809868
415 0.423670057683
58 0.423667835625
205 0.42366711439
67 0.423665059213
811 0.42365358488
813 0.423651708101
107 0.423651534672
121 0.423647746764
122 0.423647636112
127 0.42364473766
129 0.423644621536
141 0.423638711065
150 0.423637692379
498 0.423635889995
744 0.423623540991
807 0.423621976858
354 0.42362141806
219 0.42362024558
443 0.423616322799
470 0.423614275368
855 0.423612990719
879 0.423612547204
30 0.423612194907
33 0.423611778215
882 0.423611438857
44 0.423611030847
892 0.423610610647
908 0.423610602767
909 0.423610602767
969 0.423608810757
1077 0.423608157092
1059 0.423607993136
997 0.423607640589
1042 0.423607573818
51 0.42360679602
25 0.42360319499
4 0.423602941633
16 0.42360281491
22 0.423601999455
12 0.423601985441
674 0.423601908804
70 0.423600011714
71 0.423600003416
740 0.423599457521
736 0.423599414271
734 0.423599408203
95 0.42359060498
860 0.423588521785
246 0.423588485125
79 0.423587654788
82 0.423587443512
891 0.423586682258
920 0.42358493735
918 0.423584445906
118 0.423583629623
304 0.423583450801
971 0.423583158288
970 0.423583114987
1012 0.423582802047
966 0.423582637233
1007 0.423582478884
1023 0.42358219264
1070 0.4235821657
1088 0.42358188173
1018 0.423581786684
98 0.423581574663
1028 0.423581218244
106 0.423578732756
139 0.423576517543
413 0.423574406202
428 0.423574249588
144 0.423574006572
146 0.42357376511
126 0.423572804687
145 0.423566172908
597 0.423565683345
586 0.423565585947
154 0.42356343761
156 0.423563399062
160 0.423562955434
161 0.423562893655
162 0.423562733185
726 0.423560869227
172 0.423559641649
180 0.423557161925
187 0.423556571466
216 0.423548378299
912 0.42354737455
893 0.423547061479
906 0.423546687406
916 0.423545809843
913 0.423545742703
946 0.423545737091
959 0.42354502476
958 0.423544943672
15 0.423544857544
983 0.423544724639
980 0.423544470139
24 0.423543848681
40 0.423543716097
1076 0.423542972137
46 0.423542848255
90 0.423526244475
100 0.423523449234
327 0.423516570762
346 0.423516169077
151 0.423507643605
158 0.423505681495
410 0.423504219165
430 0.423502300616
584 0.423499696875
492 0.423498319155
689 0.423495758056
555 0.42349466188
207 0.423494455651
603 0.423492836459
657 0.423489815741
768 0.423485197905
765 0.423485089477
885 0.423483026475
900 0.423482480626
927 0.423481339065
914 0.423481058181
960 0.423481016469
986 0.423480857213
972 0.423480839434
1086 0.423480097332
1052 0.423480075257
964 0.423479742856
963 0.423479733683
999 0.423479593879
1058 0.423479568566
853 0.423478085014
887 0.423474115217
902 0.423473871703
921 0.423472638342
931 0.42347214021
941 0.423471394357
939 0.423471153234
1053 0.423469963798
1036 0.423469897928
1003 0.42346979152
1078 0.423469582248
1081 0.423468669551
1072 0.423468514697
1065 0.423468514435
284 0.423458947804
318 0.423456502981
445 0.423446486466
525 0.423442996777
599 0.423440216182
760 0.423433479019
758 0.423433413895
816 0.423431892677
878 0.423425160064
950 0.423422665154
942 0.42342216776
952 0.423421340109
965 0.423421000873
1033 0.423420397615
1000 0.423420372561
1069 0.423420229213
1056 0.423419864958
1030 0.423419761386
1038 0.423419394319
1075 0.423419386386
1083 0.423419245432
349 0.422375850126
369 0.422373772678
589 0.422359123295
573 0.422359118959
614 0.42235735037
804 0.422348926467
286 0.422332007991
325 0.422329527346
336 0.422329216912
439 0.422322344876
453 0.42232058723
458 0.422320463098
520 0.422316482287
542 0.422314686777
767 0.422304255826
605 0.422163527118
522 0.422137532995
556 0.422136150936
621 0.422133441763
662 0.422132299675
782 0.422126264991
283 0.422107088219
301 0.42210511053
315 0.422104754289
259 0.422093812598
306 0.422091042332
533 0.422089560641
377 0.42208601923
378 0.42208599963
392 0.422083987373
732 0.422078031439
502 0.422077757064
299 0.422073331124
307 0.422072996711
581 0.422072065404
409 0.42206635112
722 0.422065469737
752 0.422064024017
264 0.422060296064
279 0.422059896941
540 0.422056840769
733 0.42204766627
513 0.422043472563
615 0.422038266371
716 0.422033776715
721 0.422033747508
828 0.422028551576
368 0.422005493909
334 0.42199090037
698 0.421989451503
435 0.421985260506
456 0.421983512731
524 0.421980207245
601 0.42197722741
585 0.421977211014
695 0.421973360034
1079 0.421051714881
1071 0.421051670984
1066 0.421051627063
1064 0.421051574295
21 0.42105151766
28 0.421051500757
42 0.421051407845
1044 0.421051406476
37 0.421051371
1034 0.42105130253
57 0.421051186867
1021 0.421051142798
69 0.421051084451
76 0.421050963755
993 0.421050790084
991 0.421050764275
108 0.421050498377
977 0.421050462816
967 0.421050270007
130 0.421049909319
932 0.421049598896
910 0.421048829205
897 0.421048364905
181 0.421048309481
184 0.421048231421
193 0.421047962946
880 0.421047829314
877 0.421047554401
208 0.421047472597
221 0.42104688494
770 0.421041550394
748 0.421041329729
743 0.421041246829
718 0.421040962336
587 0.421040190416
32 0.421024025527
61 0.42102360025
1005 0.421022021793
998 0.421021984219
975 0.421021424354
955 0.421021086152
957 0.421021078818
948 0.421020899747
949 0.421020892396
937 0.421020746773
928 0.421020554631
929 0.421020551373
177 0.421020365974
198 0.421019628036
200 0.421019576032
889 0.42101911634
218 0.421018748279
873 0.421018457839
863 0.421017881583
859 0.421017785421
225 0.421017144211
255 0.421013105676
761 0.421012108876
737 0.421011847285
671 0.421011296613
490 0.421011118865
639 0.421011117538
637 0.421011105728
625 0.42101102187
1082 0.420885735547
1047 0.420885425892
994 0.420884886146
976 0.420884502234
43 0.420883846515
47 0.420883804376
940 0.420883803697
935 0.420883667765
59 0.420883488494
73 0.420883299814
905 0.420882720531
109 0.420882486318
899 0.420882343861
128 0.420881861378
131 0.420881697945
137 0.42088164618
142 0.42088133938
875 0.420881189581
147 0.420881172604
148 0.420881083325
153 0.420880952426
157 0.420880911373
165 0.420880528563
192 0.420879681829
197 0.420879501112
211 0.420879031283
844 0.420875136772
793 0.420874521489
789 0.420874498984
647 0.420872616809
641 0.420872599874
512 0.420872172435
238 0.420704627809
288 0.420704037648
700 0.420702612761
838 0.420647499074
786 0.420647121767
720 0.420646425142
719 0.420646394096
692 0.420646239135
607 0.420645713311
469 0.420645535402
328 0.420633425542
681 0.420633356972
425 0.420632695191
505 0.420632571717
528 0.420632539321
839 0.420608963611
830 0.420608720658
795 0.420608410121
691 0.420607317777
367 0.420606963714
414 0.420606879241
636 0.420606847943
403 0.420606822157
842 0.420569672233
274 0.420569183008
312 0.420568723056
749 0.420568533463
326 0.42056852666
404 0.420567757159
610 0.420567464382
551 0.420567322456
803 0.420493636415
278 0.420492609383
281 0.420492572949
459 0.420491607134
249 0.420441714318
282 0.420441381726
426 0.420440262756
434 0.420440240232
568 0.420440172771
620 0.42044015453
521 0.42044000811
769 0.420430492929
688 0.420429379067
824 0.420428897313
277 0.420428712123
785 0.420428503242
311 0.420428470233
499 0.42042793355
444 0.420427897997
475 0.420427892852
329 0.420426463365
358 0.420426268779
416 0.420426079839
464 0.42042605067
771 0.420382184271
575 0.420380193079
840 0.420373911991
706 0.420372152477
702 0.420372113674
654 0.420371540792
320 0.420371431233
535 0.420370695503
436 0.420370687991
474 0.420370603876
790 0.420367105249
308 0.420365628724
322 0.420365506529
670 0.420365339387
351 0.420365172698
431 0.420364762001
526 0.420364731491
478 0.420364724217
242 0.420360654445
341 0.420359732002
622 0.420359516158
418 0.420359207649
799 0.420331069212
779 0.420330724645
711 0.420329710193
244 0.420329653673
268 0.420329440336
423 0.420328463579
463 0.420328416967
797 0.420303101156
648 0.420301141197
618 0.420300974373
564 0.420300842048
558 0.420300817327
441 0.420300814665
236 0.41975582315
291 0.419755628082
594 0.419754607626
833 0.41962002739
780 0.419620022691
679 0.419619663484
677 0.419619627767
643 0.419619464292
515 0.41961890733
486 0.419618763572
485 0.419618751143
477 0.419618707751
412 0.419618434376
407 0.419618430413
285 0.419617891916
645 0.419616684518
370 0.419576346334
405 0.419576326522
429 0.419576198304
666 0.419575696983
847 0.419575679182
602 0.419575665619
829 0.419575598565
809 0.419567146058
806 0.419567108715
707 0.419567066334
595 0.419566634143
579 0.419566600309
424 0.419565907078
251 0.419565472502
374 0.419562640198
402 0.419562565439
493 0.419562425042
489 0.419562415418
834 0.419562338323
531 0.419562313165
787 0.419562311034
578 0.419562239075
724 0.41956212191
237 0.419525432194
826 0.419525406882
827 0.419525384474
814 0.419525328738
600 0.419525120142
440 0.419525049884
686 0.419524939268
762 0.419524847496
640 0.419524589643
628 0.419524482675
257 0.419524447362
353 0.419524246041
337 0.419524167545
391 0.419524151229
802 0.419496991853
800 0.41949694952
560 0.419496652469
438 0.419495973065
356 0.419495479117
745 0.419482733667
712 0.419482633191
481 0.419481917992
375 0.419481551998
333 0.419481289316
316 0.419481211252
253 0.419481089836
705 0.419473215911
634 0.419472838961
254 0.419472739271
245 0.419472688076
461 0.419472629264
395 0.41947254657
239 0.419472327915
482 0.419471699709
697 0.419471461699
831 0.419442863604
832 0.419442853248
504 0.419441436252
383 0.419440603349
248 0.419439974636
818 0.419438606454
690 0.419438491259
554 0.419437444678
460 0.419437042549
319 0.419436197593
233 0.419436034062
229 0.419435990404
273 0.419435988117
241 0.41943591638
266 0.419428093457
272 0.419428056007
303 0.41942793998
381 0.419427530603
547 0.419427086473
617 0.419426976102
668 0.419426842455
569 0.419416435737
642 0.419416340496
665 0.419416312981
483 0.419416108783
295 0.419415936725
280 0.419415930405
366 0.419415764592
653 0.419405789022
582 0.41940549346
536 0.419405220459
518 0.419405191716
376 0.419404484536
362 0.419404476936
294 0.419404398315
759 0.419397750311
655 0.419397412427
590 0.419397218759
511 0.419397165135
517 0.419397129747
347 0.419396791599
261 0.419368097307
335 0.419367820773
394 0.419367619931
433 0.419367529724
650 0.41936700685
751 0.419358619755
616 0.419358022492
565 0.419357757445
546 0.419357603648
446 0.419356850036
258 0.419355528404
234 0.419345827484
437 0.419344926274
484 0.419344891569
687 0.419344635137
822 0.41934458474
846 0.419344547211
848 0.419326583729
791 0.419326411071
746 0.419326138551
635 0.419325604911
624 0.419325555574
534 0.419325088048
532 0.419325020315
500 0.419324856478
371 0.419324196621
232 0.419324131831
663 0.419314651946
669 0.419314635989
577 0.419314504845
313 0.419314222694
503 0.419280173963
709 0.419280147063
652 0.419280056253
613 0.419280050158
738 0.419228661952
457 0.419227955449
324 0.419227927602
302 0.419227919787
399 0.418591306531
357 0.418591288547
331 0.418591219841
541 0.418591092116
675 0.418590077718
693 0.41858982781
714 0.418589662752
527 0.418569152766
449 0.418569121858
372 0.418568924042
649 0.418568738926
673 0.418568417005
683 0.418568248191
729 0.418567844248
788 0.418567181693
427 0.418564056545
606 0.418563767757
629 0.418563735892
708 0.418563251801
825 0.418561823222
715 0.418488460757
731 0.418488414364
287 0.418488109935
773 0.418487918336
384 0.418485400027
417 0.41848536161
271 0.418485169745
596 0.418484728714
682 0.41848408409
710 0.418483864063
775 0.418483013911
516 0.418476355186
508 0.41847628919
400 0.418475893102
661 0.418475784213
292 0.418474846656
480 0.418459285438
472 0.418459280058
406 0.418459090131
609 0.418458944404
359 0.418458843715
735 0.418458096337
821 0.418456847276
432 0.418448237098
538 0.418448168563
623 0.418447951492
332 0.418447930551
267 0.418447517208
638 0.4183960334
466 0.418395878922
717 0.418395563276
390 0.418395407562
339 0.418394974743
823 0.418394692403
450 0.41839262462
549 0.418392589136
562 0.418392588585
330 0.418392201901
305 0.41839204799
260 0.418391808181
256 0.418391718557
747 0.418391582967
510 0.418378009969
507 0.418377982839
667 0.418377681
660 0.418377655171
398 0.418377629973
240 0.418376451666
810 0.418376112697
841 0.418375769483
845 0.418375715552
340 0.418375317723
298 0.41837521797
530 0.418375074873
567 0.418374789478
659 0.418374208329
704 0.418373772282
763 0.418373180532
494 0.418354195824
393 0.418353217884
488 0.418344906152
473 0.418344821279
543 0.418344724528
571 0.418344560897
580 0.418344523777
361 0.418344458905
364 0.418344427703
742 0.418343530743
514 0.418343048003
379 0.418341801221
422 0.41832562563
550 0.418325615957
396 0.418325574809
401 0.418325538232
385 0.418325529514
386 0.418325529005
382 0.418325493939
247 0.418324612121
314 0.418318521795
644 0.418318435256
509 0.418281850288
476 0.418281848184
419 0.418281647361
454 0.418281113477
843 0.418280826764
365 0.418280134903
250 0.418279851427
627 0.418272992758
656 0.418272886649
754 0.418272059152
774 0.418271782457
781 0.418271697366
808 0.418271453997
611 0.418261748512
619 0.418261734494
658 0.41826166629
778 0.418260629495
447 0.41825712204
321 0.418255361819
544 0.418240521064
479 0.41824043348
755 0.418239330358
235 0.418238724559
588 0.418215705478
552 0.418215671247
506 0.418215564567
703 0.418215497597
380 0.41821491826
338 0.418214526452
252 0.418213698708
548 0.418188671067
487 0.418188417324
713 0.418188196932
345 0.418187076491
837 0.418186993574
421 0.418031266588
408 0.418031264419
561 0.418030957586
626 0.41803060391
727 0.418029747454
730 0.41802971315
223 0.418027285254
96 0.418025038851
92 0.41802499735
83 0.418024892827
56 0.418024714973
39 0.41802445961
29 0.418024449545
7 0.418024328018
1 0.418024269808
868 0.4180241114
919 0.41802263221
933 0.418022244712
936 0.418022217154
947 0.418022062416
984 0.418021437256
995 0.418021268469
1004 0.418021152631
1049 0.4180208545
1050 0.418020843427
1060 0.418020824493
496 0.417934028461
352 0.41793326477
865 0.417928716171
213 0.417928572827
209 0.417928448885
874 0.417928392171
202 0.417928261082
191 0.417928031341
883 0.417928010432
188 0.417928000594
152 0.417927377157
119 0.417926780412
954 0.417926732453
115 0.417926648567
93 0.417926378633
64 0.417926094339
1002 0.417926053612
41 0.417925928139
1019 0.417925889066
26 0.417925884655
1031 0.41792581615
5 0.417925767778
1051 0.417925695011
1063 0.417925644281
495 0.417918198457
553 0.41791797092
598 0.417917716121
664 0.417917267108
224 0.41791431376
215 0.417914035781
169 0.417913139862
133 0.417912413474
132 0.417912412258
89 0.417911709654
870 0.417911632726
14 0.417911116651
894 0.417910803801
925 0.417910172078
945 0.417909754533
1010 0.417908910232
1024 0.41790879386
1025 0.417908787295
1039 0.417908696373
1041 0.417908678423
1067 0.417908596216
448 0.417897496255
559 0.417897390057
576 0.417897358826
276 0.417896594758
270 0.417896560372
783 0.41789576953
812 0.417895503748
836 0.417895274534
849 0.417894955228
852 0.417892951924
203 0.417892585544
186 0.417892362666
185 0.417892346729
174 0.417892149491
862 0.417891906625
159 0.417891906236
136 0.417891452265
890 0.41789109841
896 0.417890965887
91 0.417890882631
19 0.417890417511
420 0.417890415906
922 0.41789039172
9 0.417890318864
373 0.417890191002
766 0.417889817103
961 0.417889766004
296 0.417889687118
784 0.417889603274
539 0.417889596636
982 0.417889438822
987 0.417889421885
633 0.417889258269
1016 0.417889164093
1043 0.417889035951
1055 0.417888977871
1057 0.417888974443
741 0.417888601226
792 0.417887960323
222 0.417886342855
858 0.417886031464
861 0.417885942309
867 0.417885776337
869 0.417885710362
210 0.41788570265
851 0.417885539645
194 0.417885387497
189 0.417885296994
163 0.417885253814
886 0.417885195341
898 0.417884954548
166 0.417884892273
904 0.417884807259
854 0.417884758888
149 0.417884647808
124 0.417884521958
110 0.417884332041
102 0.417884192437
934 0.417884163891
857 0.41788413411
94 0.417883673152
36 0.417883587246
38 0.41788357886
88 0.417883572639
85 0.417883563209
979 0.417883542779
981 0.417883514426
11 0.417883499616
3 0.417883433457
992 0.417883359356
18 0.417883099605
1035 0.417883045033
1048 0.417882986687
1087 0.41788282034
903 0.417882818981
911 0.417882614064
915 0.417882566266
923 0.417882431098
926 0.417882291768
944 0.417882067533
943 0.417882063004
974 0.417881619716
1009 0.417881247199
1006 0.417881234281
1022 0.417881133066
1027 0.417881102983
1026 0.417881097453
1029 0.417881095419
1037 0.417881038042
1045 0.417881009181
1084 0.417880944043
397 0.417842328763
348 0.417842239971
563 0.41784219196
591 0.417842106221
269 0.417841818315
750 0.417841094848
798 0.417840550243
220 0.417838893573
217 0.417838880662
212 0.41783875194
182 0.417838218227
173 0.417838182251
103 0.417837148533
77 0.417836922544
45 0.417836628477
20 0.41783661443
17 0.417836593382
872 0.417836510426
876 0.417836402408
956 0.417834848869
978 0.417834525385
988 0.41783437309
1008 0.417834200025
1011 0.417834186312
1062 0.417833985305
497 0.417788379093
612 0.417788304157
632 0.417788233669
411 0.417788148439
297 0.41778759758
265 0.417787362166
776 0.417787191853
243 0.417787146438
805 0.417786908624
820 0.417786780882
199 0.417783680424
196 0.417783635421
176 0.4177833285
143 0.41778283241
120 0.417782372475
907 0.417782228458
99 0.417782106951
78 0.417781912135
80 0.417781905401
68 0.417781819198
66 0.417781813449
60 0.417781769382
53 0.417781710655
8 0.417781561258
2 0.4177815017
953 0.417781430902
1032 0.417780639481
1040 0.417780582796
1054 0.417780558993
1068 0.417780499622
1073 0.417780472887
676 0.417753721771
684 0.417753636746
363 0.417753053805
360 0.417753043316
342 0.417752903359
310 0.417752663863
817 0.417752615638
228 0.417751077088
850 0.417750966423
519 0.417750125537
323 0.417749986312
574 0.417749953944
856 0.417749838905
300 0.417749814621
290 0.417749784875
696 0.417749336135
230 0.417749321443
190 0.417748567574
178 0.417748450061
170 0.417748294958
167 0.417748260558
951 0.417748144649
962 0.417748009127
138 0.417747832877
135 0.417747752304
989 0.4177477182
134 0.41774770454
996 0.417747661352
125 0.4177475723
123 0.417747562924
1013 0.417747561302
1015 0.417747532755
1080 0.417747337432
1074 0.417747333872
1085 0.417747294928
63 0.417747005476
65 0.417746980232
48 0.41774685534
195 0.417746259607
179 0.417746050533
164 0.417745826438
140 0.417745461419
864 0.41774518725
866 0.417745092249
114 0.41774507235
86 0.417744817712
75 0.417744727727
74 0.417744717334
52 0.417744551864
888 0.417744510817
23 0.417744441171
10 0.417744396199
895 0.417744366535
917 0.417743979184
924 0.417743895967
930 0.417743709179
938 0.417743582252
968 0.417743257375
973 0.417743205382
985 0.417743055792
990 0.417742978808
1017 0.417742773958
1020 0.417742726232
1061 0.417742604565
