5 1.0
26 0.390711861911
41 0.390707759974
64 0.390695512426
93 0.390683992992
115 0.390676776414
119 0.390675618416
152 0.390661664349
188 0.390651287619
191 0.390651221024
202 0.390649986318
209 0.390647198994
213 0.390646508523
352 0.390595051727
496 0.390584350725
865 0.390557699437
874 0.390557098872
883 0.390557018297
954 0.390553316542
1002 0.390551832638
1051 0.390551768654
1019 0.390551668022
1031 0.390551016016
1063 0.390549956346
372 0.38996696591
449 0.389956733618
527 0.389950464843
649 0.389940822878
683 0.38993951334
673 0.389939083641
292 0.389937137666
729 0.389936031031
788 0.389933934444
400 0.38992315856
508 0.389909960232
516 0.38990987665
661 0.389900654933
379 0.389845247404
514 0.389832144756
321 0.389820963503
447 0.389804985873
287 0.389745718936
715 0.389709701739
773 0.389707931803
731 0.389707789579
9 0.389705740719
19 0.389696819338
91 0.389666522573
136 0.389650877022
159 0.389642964687
174 0.389636649225
185 0.389635622023
365 0.389635599025
186 0.389635531757
203 0.389631827968
454 0.389625459783
48 0.389615061477
63 0.389606658295
65 0.389606367523
843 0.38960360044
427 0.389600250722
14 0.389594430392
123 0.389586662004
629 0.389586047367
606 0.389585859145
270 0.389584518902
276 0.389584313496
125 0.389584217617
708 0.389581445553
134 0.389580591167
135 0.389580258013
138 0.389579368532
825 0.389578732647
167 0.389569127981
448 0.389568650836
170 0.389568577332
89 0.389566809424
178 0.389565378777
2 0.389564050901
559 0.389562596584
190 0.389562340267
576 0.389560748469
783 0.389552312186
836 0.389552120095
849 0.389551464468
812 0.389551310565
132 0.389549357564
133 0.38954933774
8 0.389549286799
852 0.389546121233
862 0.389544546678
890 0.389542716288
896 0.389541626229
922 0.389541141449
961 0.389539999726
982 0.389539138196
1016 0.389537925859
1057 0.389537827776
169 0.389537779985
987 0.389537718397
1055 0.389537526518
1043 0.389537516469
228 0.389530619814
53 0.389525065652
215 0.389524446171
60 0.38952117717
224 0.389521023304
66 0.389520213595
68 0.389519993776
78 0.389515670166
80 0.389515560116
310 0.389510808838
99 0.389508162348
342 0.389507942436
360 0.389505488761
363 0.389505395453
393 0.389501000542
120 0.389500468607
494 0.389491552688
143 0.389489981976
684 0.389485776674
676 0.38948542214
331 0.389482778026
817 0.38948053145
357 0.389479535915
176 0.389479291521
850 0.389477103341
399 0.38947552597
196 0.389475066108
199 0.389474704297
856 0.389473357546
951 0.389468474615
962 0.389468063225
989 0.389467903435
1015 0.389467408289
1074 0.389467242708
996 0.389467056699
1013 0.389467048911
1080 0.389466508733
1085 0.389466348409
495 0.38946386883
541 0.389462526117
553 0.389459564459
675 0.389455988761
598 0.389455875487
714 0.389455349815
693 0.389454697297
664 0.389454490106
870 0.389436555924
894 0.38943405279
1 0.389433736892
925 0.389433131615
945 0.389431874043
1010 0.389430056783
243 0.389429246577
1067 0.38942878839
1041 0.389428501746
1025 0.38942832505
1024 0.389428287595
1039 0.389428220555
265 0.389426292093
297 0.389423258833
7 0.38942301214
411 0.389411634409
29 0.389407021795
497 0.38940609253
39 0.389403700168
632 0.389397782575
612 0.389397712076
56 0.389395017524
339 0.389390689481
776 0.38938902251
820 0.389388379836
805 0.389387948255
83 0.389384891907
390 0.389383749571
92 0.389380871049
96 0.389380399843
466 0.389377720088
907 0.389374826058
953 0.389372277451
1068 0.389370608452
1032 0.389370560276
1040 0.389369866405
1073 0.389369829619
1054 0.389369312525
638 0.389364913355
717 0.389363442186
823 0.389360433391
18 0.389346972438
223 0.389339567445
85 0.389320657582
88 0.389320477624
94 0.389317038829
149 0.38929557575
166 0.389291466905
408 0.389285330703
421 0.38928510366
189 0.389284721185
194 0.389284110485
210 0.389280257861
561 0.389274633198
626 0.389273088411
730 0.389267316688
727 0.389267272869
868 0.389256605235
919 0.389253620495
947 0.38925332216
936 0.389252337113
984 0.389252278517
933 0.389252133724
1004 0.389251304035
1060 0.389251156413
1050 0.389251151143
1049 0.389251135098
995 0.389250378669
296 0.389232821152
373 0.389226612005
420 0.389221628039
766 0.389202748904
784 0.389201626625
861 0.38919405242
858 0.389193719863
869 0.389193297808
867 0.389193016495
886 0.389192259157
898 0.389191549256
904 0.389190537102
934 0.389189108793
981 0.389188987598
992 0.389188686895
979 0.389188594551
1035 0.389187956002
1048 0.389187837933
1087 0.389187660496
239 0.387731566224
482 0.387712985621
697 0.387700555264
232 0.387689237773
349 0.387686389036
369 0.387686333343
371 0.387678534749
589 0.387672364526
573 0.387672273832
614 0.387670567727
500 0.38766878779
532 0.387666671924
534 0.387666599338
804 0.387660800326
635 0.387660606473
624 0.387660595646
746 0.387654407224
791 0.387651670871
848 0.387649041969
605 0.387605401875
374 0.387585592434
402 0.387583539836
493 0.38757791855
489 0.387577913267
531 0.387576176199
578 0.387572775172
724 0.387567074235
787 0.387562924588
834 0.387562032704
294 0.38753499875
362 0.387530391978
376 0.387528452694
518 0.387520027415
536 0.387518337928
582 0.387516494484
653 0.387513157388
286 0.387464364024
325 0.38746204972
336 0.387461876421
439 0.387453984229
458 0.387453913424
453 0.387453886148
520 0.387450386637
542 0.387448643628
767 0.387439328358
522 0.387393555579
556 0.387391686191
621 0.38738847894
662 0.38738705422
782 0.387380795833
236 0.387311120351
291 0.387306440698
594 0.387287871792
407 0.387262377672
412 0.387262317077
477 0.387257946849
485 0.387257865337
486 0.387257825926
515 0.387255732488
643 0.387247787903
677 0.387246080486
679 0.387246045292
780 0.38724014926
833 0.387239397963
10 0.386717854042
23 0.386717764746
52 0.38671763074
74 0.386717387467
75 0.386717377004
86 0.386717239643
114 0.386716752639
1061 0.386716468082
1020 0.386716073114
140 0.386716065592
1017 0.386715977737
990 0.386715557146
985 0.386715355327
164 0.386715316149
973 0.386715111703
968 0.386715031196
179 0.38671484029
195 0.386714439839
938 0.38671443751
930 0.386714189123
924 0.386713881998
917 0.386713768968
895 0.38671320974
888 0.386713000377
866 0.386712119304
864 0.386711974281
230 0.386707826687
290 0.386706906451
300 0.386706799094
323 0.386706404694
696 0.386705974688
574 0.386705323093
519 0.386705277375
1062 0.386603729684
1011 0.386603219531
1008 0.386603210879
988 0.386602918033
978 0.386602656975
956 0.386602143419
20 0.386601227701
17 0.386601194929
45 0.386601092111
77 0.386600661515
103 0.386600279217
876 0.386599614532
872 0.386599405413
173 0.386598402668
182 0.386598239703
212 0.386597245064
217 0.386596925137
220 0.386596875738
798 0.386592934534
750 0.386592085315
269 0.386591254294
348 0.386590513147
591 0.386590442843
563 0.386590284118
397 0.386590258847
3 0.386495392743
1084 0.386495253361
11 0.38649511945
1045 0.386495055871
1037 0.386494970103
36 0.386494962819
38 0.386494957851
1027 0.386494807908
1029 0.386494803495
1026 0.386494793075
1022 0.386494715419
1006 0.386494538662
1009 0.386494531068
974 0.386493831045
102 0.38649379836
110 0.386493483056
124 0.386493127694
944 0.386493120504
943 0.386493118649
926 0.386492775204
923 0.386492551681
915 0.386492348344
911 0.38649225912
903 0.386491931246
163 0.386491693715
857 0.386489922317
222 0.386489518853
854 0.386488999387
851 0.386487772879
792 0.386484249318
741 0.386483363159
633 0.386482426181
539 0.386482132925
808 0.386127786586
781 0.386127397513
774 0.386127259941
754 0.386126842598
656 0.386125605674
627 0.386125348181
837 0.386078476858
345 0.38607761983
713 0.386076726392
487 0.386076216761
548 0.386075988767
252 0.386011196634
338 0.386010176558
703 0.386010104588
380 0.386009711745
588 0.386009238892
552 0.386009148087
506 0.38600910894
247 0.385997012378
382 0.385995664789
385 0.385995628166
386 0.385995626734
401 0.385995505853
396 0.385995495152
422 0.38599542101
550 0.385995349121
314 0.385939084651
250 0.385938515689
644 0.385938313165
419 0.385936567258
509 0.385936346937
476 0.385936303629
235 0.385897753503
755 0.385894679266
479 0.38589457789
544 0.385894255638
267 0.385833911495
623 0.38583391002
538 0.385833576047
332 0.385833505023
432 0.385833412208
763 0.385830275362
298 0.385829865065
704 0.385829604728
340 0.385829425118
659 0.385829194829
567 0.385828774296
530 0.385828644656
778 0.385828383526
658 0.385827147592
611 0.385827029255
619 0.385827019464
845 0.385798316454
841 0.385798272659
810 0.38579780216
240 0.385797335354
398 0.385795935009
660 0.385795885587
667 0.385795866768
507 0.385795509213
510 0.385795434318
742 0.385772394174
364 0.385771950014
361 0.385771927184
571 0.385771375705
580 0.385771340838
543 0.385771220716
473 0.385771203731
488 0.385771131315
775 0.385733673021
747 0.38573322824
710 0.385732514619
256 0.385732304987
682 0.385732188566
260 0.385732153999
305 0.385731832405
330 0.385731597881
562 0.38573130742
596 0.385731296479
271 0.385731241318
549 0.385731214914
450 0.385731163534
384 0.385730809884
417 0.385730748323
821 0.385672215006
735 0.385670607255
609 0.385669140631
359 0.385668703839
406 0.385668505668
472 0.385668408629
480 0.38566838992
302 0.385028887876
324 0.385028800454
457 0.385028396583
738 0.385028238537
577 0.384985438093
669 0.384985435281
663 0.384985420821
313 0.384985413826
368 0.384946734986
698 0.384946583323
695 0.384918801896
524 0.384918699596
601 0.384918698353
334 0.384918697178
585 0.384918687736
456 0.384918661783
435 0.384918590154
503 0.384886350903
613 0.38488621357
652 0.384886154507
709 0.384886094579
650 0.384849630866
394 0.384849590465
261 0.384849577368
433 0.384849568813
335 0.384849562007
846 0.384840192079
822 0.384840047751
687 0.384839404123
437 0.38483892983
484 0.38483887268
234 0.384838576006
257 0.384829080486
337 0.38482898744
353 0.384828822695
391 0.384828759789
628 0.384827938486
640 0.384827801131
762 0.384827637806
283 0.384806503768
301 0.384806455462
315 0.38480640448
732 0.384806269715
533 0.384806239303
668 0.384805505047
617 0.384805313093
547 0.384805115502
381 0.384804641564
303 0.384804237303
272 0.38480418696
266 0.384804129577
733 0.384780159006
540 0.38478009632
299 0.384779975859
307 0.384779975837
409 0.384779974207
752 0.38476493513
722 0.384764703926
581 0.384764107623
502 0.384763726931
392 0.384763565175
377 0.384763483672
378 0.38476348132
306 0.384763312503
259 0.384763191759
828 0.384739751726
721 0.384739135387
716 0.384739033611
615 0.384738519563
513 0.384738186283
279 0.3847374032
264 0.384737274848
370 0.384695046769
405 0.384694889952
429 0.384694857493
602 0.384694463242
666 0.384694240666
829 0.384693998184
847 0.384693931362
645 0.3846457113
285 0.384645521835
686 0.384637992652
814 0.384637778745
827 0.38463772156
826 0.384637712316
600 0.384637508375
440 0.384637041216
237 0.384636051553
366 0.384563589562
280 0.384563466689
295 0.384563465041
483 0.384563249118
569 0.384562748126
642 0.384562722966
665 0.384562653911
438 0.384556743854
356 0.384556683568
560 0.384556596855
802 0.384555848864
800 0.384555848017
759 0.38451888331
655 0.384518808799
347 0.38451874954
517 0.384518715228
590 0.384518698233
511 0.384518691727
745 0.384517013982
712 0.38451700586
481 0.384516492547
375 0.384516228217
333 0.384516096107
316 0.384515982638
253 0.38451569424
634 0.384459385157
705 0.384459355947
395 0.384459239354
461 0.384459231151
245 0.38445875165
254 0.384458684701
809 0.384449201216
806 0.384449181334
707 0.384449121614
595 0.384449007781
579 0.384448960023
424 0.384448458879
251 0.384447306799
258 0.384430765802
446 0.384430278232
546 0.384429836788
565 0.384429668179
616 0.384429506006
751 0.384429064611
383 0.384360773082
248 0.384360724906
504 0.384360593226
831 0.384359338409
832 0.384359336221
818 0.384337488632
554 0.3843374429
460 0.384337430401
273 0.384337425468
241 0.384337398057
690 0.384337371843
319 0.384337364057
229 0.384337297541
233 0.384337261968
526 0.383775718014
478 0.383775682203
431 0.383775649362
351 0.383775190754
670 0.383775157706
322 0.383774830169
308 0.383774716486
790 0.383773699158
441 0.383768701195
564 0.383768655825
558 0.38376865081
618 0.383768545623
648 0.38376840777
797 0.383767026672
415 0.383715375321
389 0.383715346479
344 0.383714915173
289 0.383714292116
275 0.383714245149
263 0.383714073535
811 0.383713751829
813 0.383713746337
459 0.38369730585
521 0.383697126758
620 0.383697097729
568 0.383697071315
434 0.38369675592
426 0.38369673346
803 0.383695943803
281 0.383695674766
278 0.383695630501
282 0.383695453853
249 0.383695135405
523 0.383649156818
529 0.383649113476
557 0.383649088197
593 0.383648998251
317 0.383648350298
464 0.38364814433
753 0.383647989197
416 0.383647970777
764 0.383647885274
358 0.38364768671
329 0.38364749134
231 0.38364738579
785 0.383645724016
824 0.383645409703
463 0.383636273617
423 0.383636186872
711 0.383635854253
268 0.383635412519
575 0.383635398703
244 0.383635277751
779 0.383635234327
404 0.383635142931
551 0.383635019462
799 0.383634983089
326 0.383634729064
610 0.383634719479
312 0.383634570079
274 0.383634271619
583 0.383634262467
572 0.383634230613
604 0.383634221342
771 0.383634146197
418 0.383633743951
749 0.383633571275
341 0.383633324039
622 0.383633251653
242 0.383632638589
309 0.383632633812
842 0.383632500488
499 0.38361822856
475 0.38361816693
444 0.383618060596
688 0.383617330771
311 0.383617118737
277 0.383616811952
769 0.383616487957
535 0.383609549959
474 0.383609510446
436 0.383609388526
654 0.383609162302
702 0.383608832628
706 0.383608805879
320 0.383608545174
840 0.383607628852
592 0.383587324655
451 0.383587262753
651 0.383587141498
672 0.383587069589
680 0.383587024681
757 0.383586522907
772 0.383586300929
262 0.383586072475
465 0.383585845459
537 0.383585832313
545 0.383585725754
570 0.383585546702
725 0.383584507315
835 0.383583482398
630 0.383564706032
631 0.38356468085
491 0.383564375485
723 0.383564226946
388 0.383563892366
794 0.38356358294
350 0.383563451783
815 0.383563443421
819 0.383563437049
467 0.383557109698
455 0.383557107819
442 0.383556989294
678 0.383556618631
739 0.383556181547
756 0.38355600431
700 0.383546738268
288 0.38354591656
238 0.383545537839
403 0.383505590652
414 0.383505548457
367 0.383505488073
636 0.383505314537
691 0.383504961819
469 0.383504197786
795 0.383503994473
830 0.383503732964
839 0.383503635304
607 0.3835035378
692 0.383502842776
719 0.383502620097
720 0.383502582642
786 0.383501737028
838 0.383501386979
468 0.383494776406
566 0.383494622133
646 0.383494269921
777 0.383493008029
501 0.383492314412
387 0.383492148072
699 0.38349194434
505 0.383475538269
528 0.383475529916
425 0.383475502569
328 0.383474906236
681 0.383474682651
462 0.383473917573
608 0.383473863022
452 0.383473809912
694 0.3834732888
701 0.383473237213
343 0.383473234897
796 0.383472428297
512 0.38333001679
647 0.38332959547
641 0.383329586063
789 0.38332826081
793 0.383328240998
844 0.383327822609
211 0.383325128775
197 0.38332485582
192 0.383324698481
165 0.383324219015
157 0.383324018477
153 0.383323997939
148 0.38332394658
147 0.383323904966
875 0.383323811551
142 0.383323797423
137 0.383323626831
131 0.383323621555
128 0.383323513745
109 0.383323220918
899 0.383323083719
905 0.383322857571
73 0.383322780041
59 0.383322689461
47 0.383322496324
43 0.383322460202
935 0.383322210954
940 0.383322147351
976 0.383321678268
994 0.383321439877
1047 0.383321144651
1082 0.383321000156
525 0.383305950904
445 0.38330577005
599 0.383305726039
318 0.383305093999
284 0.383304798534
760 0.383304615333
758 0.383304606765
816 0.383304117599
878 0.383300209042
207 0.383300196377
158 0.383299109113
151 0.38329907684
942 0.383298873748
950 0.38329882633
952 0.383298813409
965 0.383298657278
1000 0.38329825347
1030 0.383298080979
100 0.383298066843
1038 0.383298002513
1033 0.383298002041
90 0.383297952723
1056 0.383297872694
1075 0.383297859505
1069 0.383297843265
1083 0.383297838555
46 0.383297407903
40 0.383297327195
15 0.383297325597
24 0.38329731199
584 0.383283940748
689 0.383283487728
346 0.383283399339
327 0.383283257881
885 0.383278563044
900 0.383278343027
914 0.383278054378
146 0.383277782199
927 0.383277717278
144 0.38327771568
139 0.383277663771
964 0.383277367107
963 0.383277363654
960 0.383277351561
118 0.383277229943
972 0.383277226238
986 0.383277125801
999 0.383276996139
95 0.383276906566
1052 0.383276697873
1058 0.383276673538
1086 0.383276623022
71 0.383276618492
70 0.383276610022
51 0.383276448475
33 0.383276304213
44 0.383276299484
30 0.383276292846
587 0.38325855212
718 0.383257745709
743 0.383257484432
748 0.383257466827
770 0.383257249006
221 0.38325436779
208 0.383254001801
193 0.383253684548
184 0.383253571352
181 0.383253518807
877 0.383252968025
880 0.383252807328
130 0.383252591597
897 0.383252437813
108 0.383252329193
910 0.383252142581
76 0.38325202879
69 0.383251918551
57 0.383251844604
37 0.383251744442
42 0.383251726357
28 0.383251700919
21 0.383251685362
932 0.383251657325
967 0.383251207356
977 0.383251115406
993 0.383250912225
991 0.383250909089
1021 0.383250706217
1034 0.383250626129
1044 0.38325057706
1064 0.383250510125
1066 0.383250473926
1071 0.383250467185
1079 0.383250444637
492 0.383233105369
430 0.383233029619
555 0.383232993154
410 0.383232927043
603 0.38323282283
657 0.38323257828
765 0.383231660169
768 0.383231635562
490 0.383230021967
625 0.383229846658
637 0.383229792031
639 0.383229791109
671 0.383229628413
737 0.383229188359
761 0.383229006615
255 0.383228877399
216 0.383228834419
853 0.383228813601
187 0.383228163824
180 0.38322809332
172 0.38322793868
161 0.383227746077
162 0.383227744559
160 0.383227738536
156 0.383227643352
154 0.383227626332
145 0.38322753138
887 0.383227181766
126 0.38322709985
902 0.383226906505
106 0.383226860022
98 0.38322675953
225 0.383226573065
82 0.3832265213
79 0.38322651243
921 0.383226474709
931 0.383226272231
16 0.38322615293
25 0.383226150394
939 0.383226117978
22 0.383226105188
4 0.383226098929
12 0.383226092099
941 0.383226076051
218 0.383225648549
1003 0.383225376724
859 0.383225300394
863 0.383225236417
1036 0.383225226615
200 0.383225181387
1053 0.383225157608
198 0.383225152801
1065 0.383225094148
1078 0.383225049566
1072 0.383225038496
1081 0.383225011643
873 0.383224890338
428 0.383224794892
586 0.383224786712
177 0.383224776729
597 0.383224773019
413 0.383224729
889 0.383224476746
304 0.383224166006
726 0.383223882919
246 0.383223694882
928 0.383223552859
929 0.38322355115
937 0.383223451409
948 0.383223363239
949 0.383223360598
957 0.383223236833
955 0.38322321242
61 0.383223148961
975 0.38322305882
32 0.383222974823
998 0.383222727047
1005 0.383222706885
219 0.383220436541
893 0.383219085854
150 0.383219071805
141 0.38321889839
906 0.383218803258
912 0.383218662271
916 0.383218658448
913 0.383218654587
129 0.383218638845
127 0.383218622852
122 0.383218471005
121 0.383218445862
107 0.383218255803
946 0.383218183433
959 0.383218054958
958 0.383218044301
67 0.383217858797
58 0.383217786711
980 0.383217770183
983 0.383217733851
31 0.383217590207
1076 0.383217210613
498 0.383193294438
744 0.383192665999
807 0.383192189444
227 0.383190838096
855 0.38318928646
204 0.383188845134
879 0.383188609297
882 0.383188502261
892 0.383188311455
908 0.383188044381
909 0.383188044381
155 0.383188009083
113 0.383187343951
969 0.383187264121
101 0.383187166512
997 0.383187060723
81 0.383187013862
1042 0.383186898469
1059 0.383186846669
1077 0.383186795031
50 0.383186776757
49 0.383186769901
13 0.383186672123
6 0.383186668442
471 0.383183473181
355 0.383183086889
685 0.383182926655
293 0.383182694304
728 0.383182633394
801 0.383182023866
226 0.38318042248
214 0.383179186368
206 0.383178951854
201 0.383178883921
871 0.383178737782
175 0.383178485602
881 0.383178414627
884 0.383178337258
901 0.38317804804
112 0.383177302677
84 0.383176963731
72 0.383176867322
62 0.383176793445
1001 0.383176770722
54 0.383176732134
1014 0.38317668967
35 0.38317660652
34 0.383176595744
27 0.383176579107
1046 0.383176550119
0 0.383176497647
470 0.383138192344
443 0.383138157635
354 0.383137913087
674 0.383137803414
734 0.383137410748
736 0.383137404785
740 0.383137370338
205 0.383134110395
860 0.383133981559
183 0.383133773546
171 0.38313359297
168 0.383133523716
891 0.383133262884
117 0.383132772077
918 0.383132746599
116 0.383132731184
920 0.383132696117
105 0.383132659333
111 0.383132646312
104 0.383132612767
97 0.383132536871
87 0.383132449608
55 0.383132206993
966 0.383132152269
970 0.383132143491
971 0.383132142274
1012 0.383131868826
1007 0.383131860472
1023 0.383131779195
1018 0.383131768863
1028 0.383131719686
1070 0.383131645439
1088 0.383131612998
