0 3
1 3
2 2
3 1
4 3
5 1
6 0
7 1
8 3
9 2
10 2
11 1
12 0
13 3
14 1
15 2
16 0
17 0
18 3
19 2
20 0
21 0
22 3
23 1
24 1
25 2
26 2
27 0
28 3
29 1
30 1
31 0
32 1
33 3
34 1
35 3
36 3
37 2
38 0
39 0
40 0
41 1
42 1
43 2
44 3
45 2
46 3
47 3
48 3
49 3
50 1
51 1
52 1
53 1
54 1
55 2
56 2
57 0
58 1
59 2
60 2
61 3
62 3
63 1
64 3
65 1
66 2
67 1
68 1
69 0
70 1
71 2
72 1
73 3
74 3
75 3
76 3
77 2
78 3
79 2
80 1
81 1
82 0
83 1
84 2
85 3
86 1
87 3
88 1
89 0
90 1
91 0
92 1
93 2
94 2
95 1
96 2
97 3
98 1
99 3
100 3
101 3
102 1
103 3
104 1
105 2
106 2
107 0
108 0
109 0
110 3
111 2
112 3
113 1
114 3
115 3
116 2
117 3
118 0
119 0
120 2
121 3
122 2
123 0
124 3
125 1
126 1
127 1
128 1
129 3
130 1
131 2
132 1
133 1
134 3
135 1
136 0
137 2
138 2
139 3
140 2
141 1
142 1
143 3
144 1
145 1
146 1
147 3
148 3
149 1
150 3
151 1
152 1
153 1
154 1
155 1
156 3
157 2
158 2
159 1
160 3
161 3
162 3
163 2
164 3
165 1
166 0
167 1
168 1
169 0
170 2
171 3
172 2
173 3
174 2
175 3
176 1
177 3
178 0
179 1
180 0
181 2
182 3
183 2
184 2
185 1
186 0
187 1
188 0
189 1
190 1
191 2
192 1
193 2
194 1
195 1
196 1
197 1
198 0
199 0
200 2
201 3
202 3
203 1
204 1
205 2
206 0
207 1
208 3
209 3
210 1
211 1
212 2
213 2
214 1
215 3
216 0
217 1
218 3
219 3
220 2
221 1
222 1
223 1
224 1
225 1
226 3
227 3
228 0
229 0
230 0
231 1
232 0
233 1
234 2
235 0
236 1
237 3
238 1
239 0
240 1
241 3
242 3
243 2
244 1
245 3
246 1
247 3
248 1
249 3
250 1
251 0
252 0
253 3
254 1
255 3
256 1
257 2
258 0
259 1
260 3
261 3
262 3
263 1
264 1
265 3
266 3
267 1
268 3
269 3
270 1
271 1
272 3
273 1
274 3
275 0
276 3
277 3
278 1
279 1
280 3
281 1
282 3
283 2
284 2
285 3
286 3
287 1
288 1
289 3
290 2
291 3
292 1
293 3
294 3
295 1
296 3
297 2
298 3
299 3
300 3
301 3
302 3
303 2
304 3
305 1
306 3
307 3
308 0
309 2
310 1
311 1
312 1
313 3
314 1
315 3
316 3
317 3
318 3
319 1
320 3
321 1
322 3
323 3
324 3
325 3
326 3
327 3
328 1
329 1
330 2
331 2
332 3
333 1
334 3
335 3
336 3
337 3
338 3
339 1
340 3
341 0
342 3
343 3
344 3
345 0
346 1
347 3
348 1
349 2
350 1
351 1
352 0
353 3
354 1
355 3
356 3
357 2
358 3
359 2
360 3
361 1
362 3
363 1
364 1
365 0
366 1
367 3
368 1
369 1
370 1
371 1
372 0
373 2
374 2
375 3
376 3
377 2
378 1
379 1
380 0
381 2
382 3
383 3
384 1
385 2
386 3
387 3
388 3
389 2
390 1
391 2
392 3
393 1
394 1
395 2
396 1
397 1
398 0
399 3
400 1
401 0
402 3
403 0
404 3
405 3
406 1
407 3
408 1
409 2
410 3
411 0
412 3
413 1
414 1
415 2
416 1
417 1
418 1
419 1
420 0
421 1
422 1
423 1
424 3
425 3
426 0
427 1
428 0
429 3
430 1
431 3
432 1
433 1
434 1
435 3
436 0
437 1
438 1
439 1
440 3
441 0
442 3
443 3
444 1
445 1
446 1
447 2
448 3
449 2
450 3
451 1
452 1
453 1
454 1
455 1
456 3
457 3
458 1
459 1
460 3
461 1
462 0
463 1
464 1
465 1
466 3
467 2
468 3
469 3
470 3
471 3
472 3
473 0
474 1
475 1
476 3
477 3
478 1
479 0
480 3
481 3
482 1
483 2
484 0
485 3
486 0
487 0
488 1
489 1
490 3
491 3
492 3
493 2
494 0
495 1
496 1
497 2
498 0
499 2
500 1
501 3
502 3
503 1
504 0
505 3
506 1
507 1
508 2
509 1
510 1
511 1
512 1
513 3
514 1
515 1
516 1
517 2
518 1
519 1
520 3
521 0
522 1
523 3
524 2
525 3
526 1
527 1
528 0
529 3
530 1
531 0
532 2
533 1
534 3
535 3
536 3
537 1
538 2
539 0
540 3
541 3
542 3
543 1
544 3
545 3
546 3
547 2
548 1
549 1
550 3
551 3
552 3
553 3
554 2
555 3
556 2
557 3
558 1
559 1
560 3
561 0
562 2
563 3
564 1
565 1
566 3
567 2
568 0
569 1
570 0
571 1
572 3
573 3
574 1
575 0
576 3
577 3
578 1
579 3
580 3
581 0
582 2
583 1
584 1
585 1
586 2
587 3
588 1
589 1
590 0
591 3
592 1
593 3
594 2
595 3
596 3
597 2
598 1
599 1
600 3
601 2
602 2
603 1
604 3
605 1
606 3
607 1
608 1
609 2
610 0
611 1
612 3
613 3
614 3
615 3
616 1
617 1
618 1
619 0
620 1
621 1
622 3
623 3
624 2
625 1
626 0
627 1
628 1
629 3
630 3
631 1
632 3
633 1
634 1
635 1
636 3
637 1
638 3
639 3
640 3
641 2
642 1
643 3
644 1
645 2
646 2
647 3
648 3
649 3
650 2
651 0
652 3
653 2
654 2
655 3
656 0
657 2
658 1
659 1
660 1
661 3
662 1
663 2
664 3
665 1
666 3
667 1
668 1
669 1
670 2
671 3
672 1
673 1
674 2
675 0
676 3
677 1
678 3
679 3
680 3
681 1
682 3
683 1
684 0
685 3
686 1
687 3
688 1
689 0
690 3
691 3
692 0
693 1
694 3
695 1
696 2
697 0
698 1
699 1
700 3
701 0
702 3
703 2
704 3
705 1
706 1
707 1
708 3
709 3
710 0
711 3
712 3
713 0
714 1
715 1
716 1
717 3
718 1
719 3
720 1
721 0
722 2
723 1
724 2
725 3
726 1
727 3
728 0
729 3
730 3
731 1
732 2
733 1
734 3
735 2
736 3
737 0
738 3
739 1
740 1
741 2
742 3
743 3
744 3
745 0
746 3
747 2
748 0
749 1
750 3
751 1
752 2
753 0
754 3
755 3
756 1
757 3
758 3
759 3
760 1
761 3
762 2
763 1
764 3
765 1
766 1
767 3
768 3
769 1
770 2
771 2
772 0
773 3
774 1
775 2
776 3
777 0
778 1
779 2
780 1
781 1
782 3
783 0
784 1
785 0
786 3
787 1
788 3
789 0
790 2
791 0
792 3
793 3
794 0
795 1
796 3
797 1
798 1
799 1
800 3
801 1
802 0
803 1
804 1
805 1
806 1
807 3
808 1
809 3
810 3
811 1
812 0
813 2
814 3
815 0
816 1
817 2
818 1
819 3
820 3
821 1
822 1
823 3
824 1
825 1
826 3
827 1
828 3
829 3
830 1
831 1
832 3
833 2
834 0
835 3
836 3
837 0
838 3
839 2
840 1
841 0
842 3
843 2
844 2
845 1
846 3
847 3
848 0
849 0
850 3
851 0
852 0
853 3
854 1
855 2
856 0
857 1
858 3
859 0
860 2
861 2
862 3
863 0
864 3
865 3
866 0
867 1
868 0
869 2
870 3
871 3
872 1
873 1
874 0
875 2
876 2
877 2
878 2
879 0
880 2
881 0
882 0
883 1
884 2
885 3
886 3
887 3
888 0
889 2
890 1
891 2
892 1
893 1
894 2
895 2
896 1
897 2
898 0
899 2
900 1
901 1
902 1
903 3
904 3
905 1
906 1
907 3
908 3
909 3
910 0
911 1
912 3
913 3
914 3
915 1
916 1
917 1
918 2
919 2
920 1
921 3
922 1
923 0
924 1
925 1
926 1
927 1
928 0
929 3
930 2
931 1
932 1
933 0
934 1
935 3
936 3
937 3
938 3
939 2
940 1
941 2
942 1
943 3
944 0
945 2
946 1
947 2
948 0
949 3
950 3
951 3
952 0
953 1
954 2
955 1
956 0
957 1
958 2
959 0
960 3
961 0
962 1
963 3
964 3
965 3
966 2
967 3
968 3
969 1
970 1
971 0
972 0
973 0
974 1
975 2
976 3
977 2
978 2
979 0
980 3
981 1
982 3
983 2
984 2
985 3
986 2
987 1
988 2
989 3
990 3
991 3
992 3
993 3
994 1
995 0
996 3
997 1
998 3
999 3
1000 3
1001 3
1002 0
1003 0
1004 2
1005 3
1006 0
1007 0
1008 2
1009 2
1010 1
1011 2
1012 2
1013 0
1014 2
1015 1
1016 1
1017 0
1018 0
1019 0
1020 2
1021 2
1022 1
1023 3
1024 1
1025 1
1026 3
1027 0
1028 2
1029 1
1030 3
1031 0
1032 0
1033 2
1034 1
1035 3
1036 1
1037 3
1038 0
1039 3
1040 3
1041 0
1042 3
1043 2
1044 1
1045 2
1046 1
1047 1
1048 2
