300 1.0
265 0.754616174133
283 0.74629918136
290 0.74599315622
297 0.74353040005
270 0.742695293594
301 0.741996898467
276 0.741594140659
261 0.741227330707
243 0.736107545331
302 0.735002901952
269 0.732643129383
299 0.732098619002
298 0.730996441449
315 0.730090318935
235 0.729510323615
314 0.727880135206
228 0.727739528135
230 0.726581129054
307 0.724647067254
257 0.724004716655
250 0.722120882942
252 0.721568149607
247 0.721458472721
310 0.71970415635
239 0.71968460561
232 0.719571506869
236 0.71872182503
259 0.717750220584
242 0.717683993176
246 0.717672936307
240 0.717569823307
234 0.716882997936
231 0.716506989192
255 0.716493680059
244 0.716352984233
229 0.716292073555
233 0.716291234582
268 0.716240524467
238 0.71620994316
248 0.716114547875
241 0.715933847696
266 0.715876887456
256 0.715622545666
286 0.715544587219
264 0.715530997662
260 0.715517725063
245 0.715511496862
296 0.715378915256
237 0.715362760081
249 0.71535257362
258 0.71507824914
262 0.71483136195
253 0.714784974597
254 0.714777642072
267 0.714775934374
291 0.714737485813
293 0.714666774364
263 0.714655354106
251 0.714645672795
282 0.714306963929
292 0.714266219236
271 0.713808278761
279 0.713569917452
323 0.713488943302
273 0.713400585562
272 0.713133913532
275 0.713120994903
277 0.712999269994
274 0.71269295083
285 0.712330540858
284 0.712177041703
294 0.71185477909
287 0.71183414687
278 0.711170427489
281 0.710814009744
280 0.710655146584
313 0.710205976578
288 0.709175316506
289 0.708949479245
304 0.707944952227
306 0.707749328817
303 0.705995111217
295 0.705722527146
309 0.702096474996
305 0.698896473829
308 0.698750172953
324 0.698367107299
318 0.696557789234
317 0.694557609373
311 0.693907460986
321 0.692949220882
312 0.690795986225
316 0.690537310814
322 0.68880202389
327 0.68808975443
335 0.686920552622
320 0.68463601185
329 0.679402939465
319 0.679149388181
325 0.678396436555
334 0.677609638805
340 0.677265465762
332 0.675894657486
346 0.674539847973
333 0.671779800689
336 0.671674371329
341 0.671121883248
344 0.670323627991
337 0.670239150419
338 0.6697494948
326 0.669070844052
330 0.667685189516
331 0.667549658872
342 0.667502467461
328 0.66670477386
345 0.666246654486
339 0.664761928911
343 0.661410970404
347 0.657697694194
353 0.656291048237
348 0.654887885871
355 0.653234397043
351 0.652012149669
361 0.650982413136
356 0.646907125129
364 0.646252661286
349 0.643855000855
354 0.643371051743
358 0.642522961995
350 0.642498496793
367 0.642330451192
357 0.642141428794
352 0.640494540257
360 0.639788693389
362 0.638740976954
365 0.637735903393
368 0.637681156424
366 0.637040839083
363 0.635991324084
369 0.635687863284
359 0.633868765072
372 0.630039100759
375 0.62654425438
370 0.625317439049
371 0.623262771622
374 0.621774985975
379 0.620389856175
377 0.615242766219
376 0.614543940875
378 0.612128249372
373 0.611451650887
380 0.607495544915
383 0.604417567029
387 0.603910810973
388 0.6012561622
381 0.599184775849
382 0.596398886227
385 0.594370155604
386 0.590248204488
384 0.587783570676
392 0.579905203168
390 0.577797045332
397 0.57755249378
394 0.575741770747
393 0.574594338308
396 0.573358534116
398 0.572394533845
401 0.570757239578
391 0.570674624858
389 0.569022859846
395 0.566756038056
399 0.566498149999
404 0.560622367861
408 0.557300823088
411 0.557137331788
417 0.556744264101
402 0.555748398956
406 0.555498102168
400 0.554398871493
403 0.554261243645
413 0.553211286199
407 0.552484937373
412 0.552484930625
415 0.551618170201
420 0.551605766203
405 0.549933158275
414 0.547560543243
422 0.547383473798
421 0.543099225873
410 0.542386635556
409 0.541519237301
429 0.540824268299
419 0.540739806682
416 0.538362992858
431 0.533321604716
432 0.530844052558
433 0.530810384232
425 0.529845376912
430 0.528236488191
437 0.525458130886
440 0.525061216678
418 0.524275720558
427 0.523898674002
424 0.523300439663
428 0.522852914839
443 0.522551537679
441 0.522260519521
435 0.520279181132
439 0.518872719195
426 0.517802804231
423 0.517712133066
434 0.516649002037
442 0.515861235698
448 0.515836646019
436 0.515023692062
449 0.514125155703
444 0.512089578682
438 0.512016028559
445 0.511164984327
453 0.510677983208
450 0.508653309412
459 0.50765541384
456 0.507491003311
451 0.506563358469
457 0.505536274435
452 0.505190527266
458 0.50464862803
455 0.503815567675
461 0.503039014131
446 0.501810798173
447 0.501758861749
460 0.501709250007
463 0.500845010446
465 0.500788455101
462 0.500373683906
467 0.498427121059
464 0.497623127675
454 0.496666495245
471 0.496620661026
472 0.49300486788
466 0.49145662588
475 0.491302569281
476 0.491238765377
469 0.490983674621
478 0.490416478724
468 0.49008260924
481 0.489145918585
473 0.487976093532
474 0.4879664891
470 0.486840397913
480 0.486774800978
492 0.484628701272
488 0.484071183108
482 0.482728161474
477 0.482724115719
491 0.482507482232
494 0.482292660658
483 0.480237511982
479 0.480036642795
490 0.479792466894
487 0.479356483676
505 0.479281403869
489 0.478233896756
493 0.47821439652
486 0.477708042217
485 0.477708042217
484 0.477433466515
504 0.47742837575
499 0.474965720299
498 0.470172072089
502 0.469291333461
507 0.468708034
500 0.468618431352
509 0.467713562286
497 0.466808859071
496 0.465754486955
501 0.465468556751
495 0.465214951184
503 0.464596964597
508 0.462271795753
515 0.460407794121
510 0.459068367121
506 0.458034042977
512 0.455255139393
514 0.454049020179
511 0.447158774107
516 0.446768832775
521 0.446324319547
518 0.446064160903
528 0.445133612012
532 0.442029139922
513 0.439371627785
522 0.438405734876
534 0.436311656978
517 0.435430108755
523 0.434620501542
536 0.434185226091
519 0.432917341521
535 0.43257541186
520 0.432016483332
529 0.431274198687
525 0.430301507499
526 0.429160680457
527 0.428512819878
531 0.428396910224
524 0.424245704637
530 0.418062125439
537 0.41492006913
538 0.41445434675
533 0.41402383124
540 0.413459283247
542 0.413052981548
543 0.411439972658
541 0.410358451345
539 0.405575762778
545 0.404106128748
547 0.403360222896
544 0.403216600297
551 0.4004177779
556 0.395720313815
553 0.393928431298
550 0.393657948073
558 0.390183365287
554 0.390061548831
549 0.388779050966
546 0.388674157947
555 0.388324200737
548 0.386999697417
557 0.386527124383
560 0.384289624005
561 0.382389483902
552 0.381046702604
565 0.380300645724
562 0.379914909761
559 0.37980560323
564 0.378215955135
563 0.377567252381
567 0.37709047027
569 0.375367918158
566 0.374703208708
570 0.372130519766
576 0.37162988424
577 0.371496589401
575 0.370126830583
574 0.369573037917
572 0.368960806442
568 0.368636650454
573 0.368443027442
578 0.367455700011
585 0.367297261936
571 0.36607435227
581 0.365541711231
590 0.365341064818
588 0.365301752826
586 0.364858266235
583 0.364733847676
579 0.364234934611
591 0.364193280214
589 0.364116644597
580 0.36392488474
592 0.363523795564
601 0.3633017071
584 0.363085211385
599 0.362992795127
582 0.36276329965
596 0.361997417401
597 0.36194205663
593 0.361468864671
606 0.36064506688
604 0.359833225577
598 0.359439809354
600 0.359400841877
594 0.358549198279
595 0.358511236268
587 0.358397067247
608 0.358197567371
615 0.358128588346
614 0.357926335677
617 0.357426237025
609 0.357153333428
605 0.35623910957
611 0.356104640491
603 0.355675852758
626 0.355427549519
623 0.354926939048
627 0.353935036893
602 0.353790588175
629 0.353650733674
616 0.353356892826
619 0.35270134862
631 0.352196041565
630 0.352196041565
621 0.351915246663
612 0.351790233984
607 0.351296707381
610 0.349913578774
620 0.348935899172
613 0.348889154319
633 0.348772347247
634 0.348362124853
628 0.348361289391
618 0.348192067326
625 0.345727723975
624 0.344973618403
632 0.344910189342
622 0.344503181822
644 0.34414958556
636 0.343291365275
649 0.343187214045
637 0.342995642953
635 0.342984584671
638 0.342664935254
639 0.342360321007
645 0.341827869804
640 0.341584608733
641 0.340768840681
643 0.339965458189
646 0.339934471725
642 0.338691341912
648 0.338415633451
652 0.338271327081
647 0.3382302162
656 0.337258540256
654 0.336117300127
650 0.335496422922
659 0.334195097297
653 0.332529581954
658 0.332468189759
660 0.332341350374
655 0.330778494207
664 0.330079723292
666 0.32847988958
661 0.328466492641
665 0.328457289737
651 0.327974548614
657 0.327636506159
663 0.327572586179
668 0.326316344866
667 0.325971765159
670 0.324961190392
675 0.322184400715
671 0.322065774426
669 0.321940867534
662 0.320915133545
673 0.319397904342
676 0.317409611033
677 0.317333436755
679 0.31721884078
672 0.315478360718
682 0.315041405822
674 0.31281149571
684 0.312721156849
680 0.312099294354
678 0.311393138997
681 0.310184388306
683 0.310028676571
686 0.309438013037
688 0.307948035218
687 0.307850931616
692 0.30705252261
689 0.306850289609
696 0.306510413332
693 0.306238128261
691 0.305863846468
685 0.305543669394
697 0.305228420756
695 0.304745853409
703 0.303845353144
700 0.30354145989
705 0.303526373965
690 0.303359322723
702 0.303089901311
706 0.302428786982
704 0.302293986104
717 0.302009325469
694 0.301352578173
698 0.301117136863
707 0.300784798789
712 0.299857367885
701 0.299714542316
711 0.299594200103
714 0.299356220045
713 0.299014947148
699 0.298879534146
708 0.298281786029
715 0.297610238538
709 0.297603298032
710 0.297395203822
729 0.292301111336
718 0.292022634822
716 0.291968370575
724 0.291839883509
719 0.291532690317
720 0.291408724063
723 0.290958614525
727 0.289382713998
730 0.28929098095
722 0.288988975179
731 0.288969658579
725 0.288230446983
721 0.288216552241
735 0.286899375174
726 0.286438915281
728 0.285373027219
741 0.284700477991
732 0.284659743068
737 0.284461157044
738 0.284447886393
734 0.283910254553
736 0.283355047585
740 0.282765678373
739 0.282447304608
733 0.28222136781
744 0.282209987421
750 0.280812352141
752 0.28074225045
742 0.280588346754
745 0.280294457481
747 0.280198951009
743 0.27996488843
753 0.278571790417
746 0.278555338393
754 0.277814499566
749 0.275534861303
748 0.275212225009
751 0.275193610066
761 0.274635127516
756 0.274022920489
755 0.273706527286
764 0.272182227457
757 0.272021321722
763 0.271321876135
762 0.271223378901
759 0.271114929919
758 0.270928406974
766 0.270217407632
760 0.269661500249
765 0.269660114365
768 0.268538699041
772 0.266959961692
775 0.266332527348
767 0.266260085633
771 0.265746848032
770 0.265568838416
778 0.265172566237
780 0.264534679632
769 0.264518853212
776 0.264477259001
773 0.26445924211
779 0.263408908822
795 0.262059213463
782 0.261860371546
786 0.260854811555
774 0.260635374311
784 0.260593300427
777 0.260160573042
799 0.259398549318
783 0.259118837572
789 0.258938723055
793 0.258938721454
787 0.258898938287
785 0.258747366869
791 0.258683009235
792 0.258473039432
805 0.25841937479
790 0.258306927498
797 0.257589654721
798 0.257381026314
781 0.256960888357
816 0.256554848003
807 0.256544525574
801 0.25638281165
817 0.256273019734
811 0.256231774559
788 0.256193319142
813 0.256171550715
829 0.256031057505
820 0.255956677824
804 0.255880390316
830 0.255862566155
822 0.255696578821
823 0.255681554118
812 0.255667567876
803 0.255578134602
794 0.255572096465
810 0.255386197348
828 0.255238854127
800 0.255222783231
818 0.255095883884
833 0.255092750581
824 0.255053528835
796 0.255034393538
843 0.255032561401
814 0.255016922293
802 0.255000065483
834 0.254955269336
826 0.254939097867
808 0.25490599977
827 0.254898218456
847 0.254778914165
842 0.254751635232
839 0.254730540193
836 0.254723326509
815 0.254723031371
819 0.254715303713
848 0.254683793739
849 0.254589931073
844 0.254579353042
825 0.254557821499
835 0.254473315626
821 0.254439023855
806 0.254381994774
809 0.254381738137
838 0.254207456611
837 0.254197902057
840 0.254137712309
846 0.254124756244
841 0.2539737281
831 0.25394860086
832 0.253948600777
845 0.253914114598
227 0.058856829449
226 0.0583645421721
225 0.0507169121226
850 0.000633591322601
852 0.000596006945096
851 0.000108229541104
216 2.32683533331e-05
218 2.324529226e-05
221 2.26975070756e-05
219 2.03022414791e-05
211 1.94804242549e-05
214 1.94476625534e-05
207 1.81514060465e-05
206 1.79802336863e-05
208 1.77879234765e-05
205 1.75830445211e-05
204 1.75220091546e-05
201 1.74019103307e-05
197 1.71837468807e-05
200 1.71772531244e-05
198 1.69357407598e-05
192 1.62733651882e-05
193 1.61305349666e-05
187 1.57776860912e-05
184 1.52409361563e-05
181 1.52380376706e-05
183 1.51184062559e-05
180 1.5114861022e-05
177 1.49169156088e-05
172 1.46676128191e-05
175 1.46217543428e-05
171 1.42811029622e-05
168 1.36346407664e-05
162 1.24435836786e-05
161 1.24424212361e-05
160 1.22413833388e-05
156 1.17881807312e-05
154 1.17881087595e-05
158 1.15204101389e-05
151 1.14335698325e-05
165 1.14325821718e-05
145 1.13741958121e-05
146 1.12332813474e-05
157 1.12269304613e-05
144 1.12230928264e-05
153 1.11965393339e-05
155 1.11888046497e-05
150 1.1141026187e-05
148 1.10712672064e-05
147 1.10705096302e-05
142 1.0863301432e-05
141 1.07289445178e-05
139 1.06506168313e-05
137 9.38623193771e-06
131 8.96241464656e-06
130 8.50290006027e-06
128 8.37182727067e-06
129 8.31511335911e-06
127 8.31510090657e-06
122 7.48344302143e-06
121 7.47856069436e-06
126 7.38955135454e-06
118 7.06897843688e-06
116 7.02723314483e-06
117 7.02723314483e-06
113 7.00379105467e-06
112 6.98501552912e-06
111 6.96920637548e-06
109 6.79185094814e-06
105 6.79109752628e-06
107 6.78956779107e-06
108 6.75963413898e-06
106 6.74872067084e-06
104 6.745581244e-06
101 6.60233991625e-06
97 6.57662965855e-06
98 6.44138365577e-06
100 6.43618270777e-06
95 6.21428728688e-06
90 5.68384228591e-06
84 4.7535990887e-06
82 4.72752379314e-06
854 4.58949167505e-06
87 4.53933934609e-06
79 4.45910618689e-06
81 4.26758697335e-06
76 4.24867104965e-06
72 3.89114081005e-06
73 3.83287854313e-06
69 3.7113491101e-06
71 3.69947579947e-06
70 3.69897201109e-06
67 3.64532614424e-06
61 3.6093779562e-06
59 3.6017032797e-06
57 3.54723658586e-06
62 3.53534038775e-06
58 3.47394382024e-06
55 3.25846216205e-06
54 3.09847580202e-06
51 2.82136306429e-06
50 2.78649460433e-06
49 2.78649460433e-06
856 2.48841554217e-06
858 2.29287277279e-06
864 2.2723639253e-06
866 2.27224611004e-06
862 2.26949164539e-06
857 2.2624724535e-06
865 2.24619507146e-06
861 2.24257448467e-06
870 2.20085776908e-06
867 2.19360239494e-06
868 2.16241889709e-06
869 2.1499974224e-06
47 2.14554918302e-06
872 2.14554434009e-06
874 2.12653177567e-06
876 2.0516608329e-06
44 2.02532041543e-06
46 2.02308446713e-06
43 2.02098508377e-06
42 2.01514561574e-06
32 2.01083174577e-06
37 2.01076634449e-06
33 2.00847870969e-06
31 2.00718026569e-06
40 2.00678699688e-06
35 2.0052416043e-06
34 2.00180292695e-06
30 1.99546436555e-06
13 1.99297858833e-06
6 1.98229153101e-06
27 1.98183177532e-06
28 1.98106843307e-06
25 1.97863535445e-06
24 1.97493425797e-06
22 1.97110163625e-06
21 1.97002752186e-06
15 1.96398465673e-06
16 1.96373183173e-06
12 1.958496555e-06
4 1.67791416469e-06
0 1.66873805081e-06
890 8.35272695491e-07
886 8.32852834565e-07
883 8.29910775209e-07
888 8.19429018316e-07
896 8.07266071901e-07
895 7.69634308034e-07
894 7.68921881928e-07
898 6.78198625759e-07
903 6.29662921362e-07
904 5.83944893105e-07
907 5.51001079833e-07
911 4.86346987345e-07
917 4.58884855209e-07
915 4.57412085646e-07
919 4.3291920051e-07
923 4.28741545151e-07
922 4.23804079755e-07
924 4.20250981012e-07
925 4.19612753529e-07
926 3.66647350883e-07
930 3.47398970045e-07
933 3.17683364773e-07
934 3.17518097341e-07
936 3.17517110173e-07
938 3.10251074596e-07
943 3.06216122275e-07
944 3.06216122275e-07
945 3.05532544202e-07
947 2.99461990914e-07
953 2.80282112966e-07
956 2.68776615968e-07
954 2.67750164194e-07
951 2.62552553581e-07
961 2.35850062753e-07
962 2.28441316618e-07
968 1.72455604637e-07
973 1.4595622497e-07
974 1.25391851228e-07
978 1.19227448913e-07
985 1.12490422416e-07
982 1.10611232097e-07
979 1.0922115031e-07
981 1.06415657866e-07
984 1.06126460594e-07
989 1.00747385405e-07
988 1.0038527387e-07
987 1.00312138882e-07
990 1.00282071301e-07
992 8.87782802579e-08
996 8.66488872075e-08
995 7.65835725506e-08
1002 7.40946421083e-08
1004 6.95798704115e-08
1008 6.78982515564e-08
1011 6.74656121575e-08
1006 6.640242398e-08
1009 6.64022884087e-08
1010 6.57980665901e-08
1013 6.56694691972e-08
1015 6.52493296566e-08
1016 6.27924606281e-08
1017 6.18510055516e-08
1019 6.16322310119e-08
1020 6.15103678679e-08
1022 6.05989739696e-08
1024 5.81693196387e-08
1025 5.81622245081e-08
1026 5.75591820107e-08
1027 5.71777732278e-08
1029 5.71772073086e-08
1031 5.64182226737e-08
1032 5.62257302926e-08
1035 5.54702658928e-08
1037 5.42165652183e-08
1040 5.32696116567e-08
1039 5.31120533632e-08
1045 5.27451488215e-08
1041 5.2589495535e-08
1048 5.21366292763e-08
1054 5.20170951769e-08
1043 5.15158233585e-08
1050 5.10633911142e-08
1049 5.10633911142e-08
1051 5.05773744347e-08
1055 4.83621455625e-08
1057 4.81343844054e-08
1060 4.78487584521e-08
1062 4.7567764195e-08
1063 4.71723840216e-08
1061 4.70470523614e-08
1067 4.64982848773e-08
1068 4.57195383871e-08
1084 4.50143403541e-08
1073 4.49428697462e-08
1074 4.47758511185e-08
1080 4.44296251324e-08
1085 4.39860518679e-08
1087 4.35717185135e-08
224 0.0
909 0.0
893 0.0
80 0.0
1044 0.0
78 0.0
77 0.0
892 0.0
75 0.0
74 0.0
1046 0.0
1047 0.0
891 0.0
889 0.0
887 0.0
68 0.0
885 0.0
66 0.0
65 0.0
64 0.0
63 0.0
1052 0.0
1053 0.0
60 0.0
884 0.0
882 0.0
1056 0.0
1042 0.0
83 0.0
897 0.0
1036 0.0
1028 0.0
908 0.0
1030 0.0
906 0.0
905 0.0
1033 0.0
103 0.0
102 0.0
1034 0.0
902 0.0
99 0.0
901 0.0
85 0.0
96 0.0
1038 0.0
94 0.0
93 0.0
92 0.0
91 0.0
900 0.0
89 0.0
88 0.0
899 0.0
86 0.0
56 0.0
881 0.0
1058 0.0
1083 0.0
1078 0.0
23 0.0
1079 0.0
860 0.0
20 0.0
19 0.0
18 0.0
17 0.0
1081 0.0
1082 0.0
14 0.0
859 0.0
26 0.0
11 0.0
10 0.0
9 0.0
8 0.0
7 0.0
855 0.0
5 0.0
1086 0.0
3 0.0
2 0.0
1 0.0
1077 0.0
1076 0.0
53 0.0
41 0.0
52 0.0
1059 0.0
880 0.0
879 0.0
48 0.0
878 0.0
877 0.0
45 0.0
1064 0.0
1065 0.0
1066 0.0
875 0.0
1075 0.0
39 0.0
38 0.0
873 0.0
36 0.0
1069 0.0
1070 0.0
1071 0.0
1072 0.0
871 0.0
863 0.0
29 0.0
110 0.0
910 0.0
223 0.0
912 0.0
194 0.0
958 0.0
957 0.0
191 0.0
190 0.0
189 0.0
188 0.0
983 0.0
186 0.0
185 0.0
955 0.0
952 0.0
182 0.0
986 0.0
950 0.0
179 0.0
178 0.0
949 0.0
176 0.0
948 0.0
174 0.0
173 0.0
946 0.0
991 0.0
170 0.0
195 0.0
196 0.0
980 0.0
971 0.0
222 0.0
966 0.0
220 0.0
967 0.0
965 0.0
217 0.0
969 0.0
215 0.0
970 0.0
213 0.0
212 0.0
210 0.0
959 0.0
209 0.0
972 0.0
964 0.0
963 0.0
975 0.0
976 0.0
203 0.0
202 0.0
977 0.0
960 0.0
199 0.0
169 0.0
942 0.0
167 0.0
918 0.0
928 0.0
136 0.0
135 0.0
134 0.0
133 0.0
132 0.0
1014 0.0
927 0.0
921 0.0
920 0.0
1018 0.0
125 0.0
1012 0.0
124 0.0
123 0.0
916 0.0
1021 0.0
120 0.0
119 0.0
914 0.0
1023 0.0
913 0.0
115 0.0
114 0.0
138 0.0
140 0.0
166 0.0
1001 0.0
993 0.0
164 0.0
163 0.0
994 0.0
853 0.0
941 0.0
159 0.0
997 0.0
998 0.0
999 0.0
1000 0.0
940 0.0
929 0.0
152 0.0
1003 0.0
939 0.0
149 0.0
1005 0.0
937 0.0
1007 0.0
935 0.0
932 0.0
143 0.0
931 0.0
1088 0.0
