35 1.0
13 0.963032028899
6 0.963000396555
27 0.961189325354
25 0.959988938299
34 0.959795520002
30 0.959365330882
16 0.958173398092
15 0.958155714342
24 0.958016839851
12 0.957625392736
22 0.957613863896
40 0.956847011699
33 0.956810636894
4 0.956791442551
0 0.956766082517
21 0.956723266404
31 0.956308403972
44 0.955503108553
28 0.955500270618
46 0.955372660055
37 0.951966025828
32 0.951695588123
42 0.95115139633
43 0.951101617224
47 0.93153543901
49 0.832292686669
50 0.832292686669
51 0.827084101579
54 0.785909656433
55 0.762910280462
58 0.733122684185
62 0.72703641703
57 0.723018056471
61 0.71626754303
59 0.716175055179
67 0.712231589743
70 0.706192438097
71 0.706119934512
69 0.704871373915
73 0.692305157653
72 0.688005386608
76 0.653569479232
81 0.652473914938
79 0.634895116404
87 0.627388156237
82 0.611826169598
84 0.609736223798
90 0.534667502662
95 0.492820270336
100 0.477092815639
98 0.476349297457
97 0.466871810129
101 0.465246711285
106 0.455932856759
104 0.45584458727
108 0.455223319584
109 0.45454648599
107 0.453466293081
105 0.453221421291
111 0.444820797189
112 0.444292282668
113 0.443362522783
117 0.442432852796
116 0.442432852796
118 0.441388535053
126 0.429600810911
121 0.426108062235
122 0.425909163934
127 0.398802761997
129 0.398802417866
128 0.397103004581
130 0.393210946015
131 0.37980144952
137 0.368237637876
139 0.335027462011
141 0.332474250058
142 0.32892883994
147 0.323832439955
148 0.323813344121
150 0.322489799315
155 0.321574159028
144 0.3214186457
153 0.321222325063
146 0.321150676509
157 0.320623165861
145 0.319620606044
151 0.31861034423
165 0.318277678904
158 0.31710432434
154 0.313970598675
156 0.313970165081
160 0.309356025889
161 0.307556030773
162 0.307548654069
168 0.297028600048
171 0.291959048007
175 0.289446754153
172 0.288888950914
177 0.287741684917
180 0.286171020985
183 0.286153868682
181 0.285622384944
184 0.285617157351
187 0.283183853175
193 0.28166981951
192 0.281297965981
198 0.27903830672
200 0.278615045677
197 0.278263967075
201 0.277806392346
204 0.277597684701
205 0.277549712064
208 0.277238865382
206 0.276534435438
207 0.276465941022
211 0.275713177221
214 0.275368730114
219 0.274782312612
218 0.274551116096
216 0.27447163404
221 0.274452382878
225 0.24125685253
227 0.236618063151
226 0.236316943262
232 7.74333115238e-07
234 7.19242722618e-07
239 7.07533755048e-07
231 6.7825524708e-07
242 6.62072054894e-07
228 5.2981641039e-07
255 5.28154535725e-07
249 5.08777905141e-07
244 5.05883532803e-07
236 5.04483150418e-07
268 4.59694639461e-07
243 4.56781574226e-07
238 4.47154260698e-07
237 4.42476736988e-07
240 4.40059131296e-07
235 4.36854020482e-07
248 4.28639152252e-07
258 4.2465768405e-07
245 4.24567550887e-07
229 4.2334862826e-07
233 4.23346905504e-07
241 4.21525655757e-07
246 4.20476411996e-07
253 4.20020841818e-07
256 4.15989872093e-07
230 4.15350505667e-07
254 4.14966042408e-07
251 4.1389219535e-07
252 4.11711229168e-07
247 4.09049188176e-07
282 4.05174794521e-07
250 4.04116482468e-07
257 4.04115599013e-07
273 4.03199352311e-07
260 4.00376342324e-07
267 3.97064952325e-07
270 3.9687176076e-07
262 3.89871146105e-07
259 3.87408338867e-07
274 3.82462708302e-07
269 3.81011367573e-07
287 3.79664620744e-07
266 3.79573649252e-07
285 3.79323122213e-07
271 3.78707840283e-07
277 3.7515420538e-07
264 3.74605528289e-07
278 3.74103146127e-07
263 3.731557705e-07
280 3.72821210412e-07
276 3.71506046788e-07
292 3.70930831767e-07
291 3.70689405365e-07
281 3.69341066976e-07
272 3.68759494643e-07
261 3.6563711987e-07
288 3.65382439026e-07
279 3.64613691987e-07
265 3.62187517829e-07
296 3.61671786735e-07
275 3.60898343215e-07
286 3.58694235285e-07
295 3.53883493382e-07
284 3.52237749281e-07
302 3.50495018756e-07
289 3.48937473432e-07
290 3.47418793744e-07
293 3.47255170757e-07
303 3.47013883331e-07
305 3.45997496163e-07
283 3.44739756564e-07
294 3.44622454081e-07
299 3.43459000172e-07
298 3.42991660336e-07
300 3.39965160164e-07
306 3.38711158602e-07
304 3.36896340615e-07
301 3.36645273084e-07
297 3.36401553653e-07
309 3.35624437069e-07
308 3.33063565942e-07
314 3.30667691912e-07
307 3.30013247782e-07
315 3.24890412181e-07
316 3.24213234887e-07
311 3.23723878093e-07
312 3.22961678041e-07
318 3.19954279077e-07
313 3.17488455104e-07
310 3.16999665231e-07
317 3.16800135664e-07
321 3.15092544809e-07
322 3.13282267059e-07
319 3.08521086045e-07
323 3.07854476675e-07
327 3.04995808479e-07
320 3.03366942206e-07
329 3.00937153504e-07
335 3.00604082791e-07
332 3.0036315351e-07
325 2.96506325501e-07
333 2.94865725459e-07
324 2.94248339421e-07
340 2.9280187238e-07
330 2.91896833782e-07
346 2.90088670466e-07
336 2.8959489575e-07
326 2.89545007637e-07
344 2.89369502214e-07
334 2.89024426621e-07
331 2.88505736186e-07
328 2.87232316389e-07
341 2.87055337571e-07
339 2.83009391473e-07
338 2.82340624716e-07
337 2.81289440658e-07
343 2.78596585107e-07
345 2.7762359994e-07
342 2.77458843322e-07
347 2.77249961795e-07
351 2.70716848026e-07
355 2.69599612282e-07
353 2.67827033389e-07
348 2.6727751116e-07
361 2.66180368047e-07
356 2.65125808695e-07
364 2.62671879791e-07
349 2.61469913177e-07
357 2.60479381883e-07
350 2.60353854464e-07
358 2.60199724329e-07
354 2.59935208649e-07
367 2.59756759134e-07
352 2.57414448292e-07
362 2.55654762038e-07
366 2.55403280488e-07
365 2.54955481472e-07
360 2.53449405376e-07
359 2.53020012892e-07
369 2.52943241522e-07
368 2.52817827163e-07
363 2.51114750311e-07
372 2.48117904839e-07
375 2.45111453825e-07
370 2.42775008386e-07
371 2.40791007488e-07
374 2.40785847959e-07
379 2.38508893107e-07
377 2.34077501572e-07
376 2.33536141524e-07
378 2.31360105671e-07
373 2.30256012821e-07
380 2.2635785133e-07
383 2.2566335761e-07
387 2.24290527832e-07
388 2.22022074841e-07
381 2.2048644202e-07
382 2.16889240639e-07
385 2.15174824758e-07
386 2.11513753223e-07
384 2.10023091818e-07
392 2.03298759659e-07
390 2.01089754988e-07
397 2.00898988125e-07
394 2.00243144033e-07
393 1.99033606423e-07
398 1.97163783195e-07
396 1.97152710825e-07
401 1.95035135546e-07
391 1.94999191438e-07
389 1.93750138378e-07
395 1.92042098187e-07
399 1.91830590111e-07
404 1.86691518043e-07
408 1.84566338501e-07
411 1.84116042011e-07
402 1.837015011e-07
417 1.83693012575e-07
406 1.8330798126e-07
400 1.82637624594e-07
413 1.81910602197e-07
403 1.81854764072e-07
407 1.80221758642e-07
412 1.80221754517e-07
420 1.7994987091e-07
415 1.79633685425e-07
405 1.78043348469e-07
414 1.76393936775e-07
422 1.76317716222e-07
421 1.73230805481e-07
410 1.72118947543e-07
409 1.71583081205e-07
419 1.71266776281e-07
429 1.70852200356e-07
416 1.69763062265e-07
431 1.65670110514e-07
433 1.63667292534e-07
432 1.63578008054e-07
425 1.62635143831e-07
430 1.61241900617e-07
437 1.59529228105e-07
440 1.59122098929e-07
418 1.58647341701e-07
427 1.58328438143e-07
428 1.57870879764e-07
424 1.57806071411e-07
443 1.57543120806e-07
441 1.57023388718e-07
435 1.55307468931e-07
439 1.5430048635e-07
423 1.53533355924e-07
426 1.53502124e-07
434 1.52621209843e-07
448 1.52327126448e-07
442 1.52059427888e-07
436 1.51460992941e-07
449 1.50949014126e-07
444 1.49555903501e-07
438 1.49464226388e-07
445 1.48656729842e-07
453 1.48299116159e-07
450 1.47349117094e-07
459 1.46547319472e-07
456 1.46120788364e-07
451 1.45226668235e-07
457 1.44985374804e-07
452 1.44528837404e-07
458 1.44142492428e-07
455 1.4337959435e-07
461 1.43082500775e-07
447 1.42471736943e-07
446 1.42145224254e-07
460 1.41953670738e-07
463 1.41534620956e-07
465 1.41403754046e-07
462 1.41133770296e-07
467 1.39656429914e-07
464 1.39582722443e-07
454 1.3874118628e-07
471 1.3873372738e-07
472 1.36182205053e-07
466 1.35677435131e-07
475 1.34985299507e-07
476 1.34980198992e-07
469 1.34921557574e-07
478 1.34811124743e-07
468 1.34408414233e-07
481 1.34150956992e-07
473 1.32803704922e-07
474 1.32776515671e-07
470 1.32306937327e-07
480 1.32074594163e-07
492 1.3081089627e-07
488 1.30272325934e-07
482 1.29809846856e-07
491 1.29677078231e-07
477 1.29475905624e-07
494 1.29085576075e-07
483 1.2819393546e-07
479 1.27898591111e-07
487 1.27637145746e-07
490 1.27593460161e-07
505 1.27165202394e-07
489 1.27033380169e-07
493 1.27022248623e-07
484 1.26450787663e-07
486 1.26228498396e-07
485 1.26228498396e-07
504 1.26182310809e-07
499 1.24843766694e-07
498 1.21940922205e-07
502 1.2158976994e-07
507 1.21062503083e-07
500 1.20721866875e-07
509 1.20522023904e-07
497 1.19693056834e-07
501 1.19443939525e-07
496 1.19116738137e-07
495 1.18980007346e-07
503 1.18522962838e-07
508 1.17263564775e-07
515 1.15828871382e-07
510 1.1549699829e-07
506 1.15088928874e-07
512 1.13030498935e-07
514 1.12212787596e-07
511 1.08823442012e-07
516 1.08387479606e-07
521 1.07872904382e-07
528 1.07623182565e-07
518 1.0762187663e-07
532 1.05349766524e-07
513 1.04229321375e-07
522 1.03336730164e-07
534 1.02206586795e-07
517 1.02022201695e-07
523 1.01595937505e-07
536 1.00989309498e-07
519 1.00557827314e-07
535 1.00405250832e-07
520 9.99132382099e-08
529 9.97302988824e-08
525 9.89182292905e-08
526 9.83781213844e-08
527 9.79928625007e-08
531 9.78680646905e-08
524 9.56824815566e-08
530 9.22891601569e-08
537 9.0567224195e-08
538 9.04548158443e-08
533 9.00855502099e-08
540 8.96804560661e-08
542 8.95246039144e-08
543 8.87313469829e-08
541 8.81398936051e-08
539 8.55125134447e-08
545 8.46980366726e-08
547 8.43771851522e-08
544 8.42505827684e-08
551 8.29023311654e-08
556 8.04254382974e-08
553 7.93740519047e-08
550 7.92376463769e-08
558 7.75348114588e-08
554 7.74987540331e-08
549 7.65989835844e-08
546 7.65224857462e-08
555 7.64904485605e-08
548 7.56519783024e-08
557 7.54923964139e-08
560 7.43194089126e-08
561 7.33168707484e-08
552 7.25153551403e-08
565 7.21710719624e-08
562 7.20219519464e-08
559 7.19322026009e-08
564 7.1305667222e-08
563 7.07567053673e-08
567 7.06934341305e-08
569 6.9774698913e-08
566 6.93634993111e-08
570 6.80767573263e-08
576 6.77336353024e-08
577 6.76876691802e-08
575 6.705883797e-08
574 6.67882528583e-08
572 6.64939346713e-08
568 6.63959525753e-08
573 6.61613384389e-08
578 6.56665263707e-08
585 6.56194833795e-08
571 6.51198072291e-08
590 6.47618001108e-08
581 6.47067438853e-08
588 6.46375695004e-08
583 6.4407355898e-08
586 6.43586155307e-08
579 6.41596212337e-08
591 6.40833980522e-08
580 6.40772901278e-08
589 6.39765535769e-08
592 6.37782725567e-08
584 6.37242445957e-08
601 6.36405542362e-08
582 6.34829560445e-08
599 6.34742003248e-08
596 6.31206000434e-08
597 6.29198063766e-08
593 6.27818606274e-08
606 6.23210295295e-08
604 6.1968160997e-08
600 6.18532699203e-08
598 6.18188000082e-08
594 6.13941930582e-08
595 6.13352972759e-08
587 6.13259691227e-08
608 6.11736517999e-08
615 6.11727703794e-08
614 6.10558859313e-08
617 6.08630001878e-08
609 6.06986111895e-08
611 6.02992312711e-08
605 6.02879820014e-08
603 6.00870845211e-08
626 5.98918907918e-08
623 5.96603225351e-08
627 5.92620883355e-08
602 5.92337402488e-08
616 5.91178877635e-08
629 5.91085518798e-08
619 5.87408953711e-08
631 5.84428817795e-08
630 5.84428817795e-08
621 5.84239540606e-08
612 5.83043636069e-08
607 5.8167771462e-08
610 5.74987438804e-08
620 5.69709836832e-08
613 5.69686756052e-08
633 5.69518193157e-08
634 5.68119994021e-08
628 5.67986068431e-08
618 5.66918736054e-08
625 5.55557312175e-08
624 5.52349487076e-08
632 5.52229046923e-08
622 5.50381624988e-08
644 5.49158930449e-08
649 5.4600458193e-08
636 5.45855669394e-08
637 5.43571799847e-08
635 5.43327304921e-08
638 5.43257466757e-08
639 5.40950653227e-08
645 5.39717541198e-08
640 5.38414465242e-08
641 5.34193243416e-08
646 5.3285183113e-08
643 5.31291030014e-08
642 5.26632152066e-08
648 5.24568381025e-08
647 5.23837105189e-08
652 5.23622574215e-08
656 5.21336104309e-08
654 5.15641541245e-08
650 5.12726630467e-08
659 5.07486619332e-08
658 5.00820624145e-08
653 5.00722360912e-08
660 5.00572916748e-08
655 4.94183545225e-08
664 4.91119725751e-08
661 4.84996716934e-08
666 4.84687377774e-08
665 4.84580977963e-08
651 4.8391414939e-08
657 4.81784865686e-08
663 4.80843932526e-08
668 4.75959862736e-08
667 4.75336526466e-08
670 4.70388225168e-08
675 4.59942048134e-08
671 4.59574883363e-08
669 4.58718092053e-08
662 4.55055024965e-08
673 4.49679235642e-08
676 4.41148087467e-08
677 4.40799585903e-08
679 4.4038019113e-08
672 4.33955782958e-08
682 4.32230942214e-08
674 4.23997419562e-08
684 4.22936392685e-08
680 4.20965497168e-08
678 4.18145993884e-08
681 4.13462124843e-08
683 4.13089393301e-08
686 4.10664307331e-08
687 4.04998477147e-08
688 4.04869292559e-08
692 4.02420010834e-08
689 4.00902830398e-08
696 3.99653537401e-08
693 3.98587983407e-08
691 3.97493189117e-08
685 3.96048231521e-08
697 3.94808498797e-08
695 3.931641404e-08
703 3.89374150331e-08
700 3.88933002392e-08
705 3.87930305963e-08
690 3.87295457956e-08
702 3.86300546779e-08
704 3.84053324205e-08
706 3.83842299402e-08
717 3.82721399959e-08
694 3.80016154621e-08
698 3.79612367817e-08
707 3.77942097497e-08
712 3.74798666139e-08
701 3.74192518172e-08
711 3.74010617026e-08
714 3.73118574e-08
713 3.72420503907e-08
699 3.71325788399e-08
708 3.6898459004e-08
709 3.67213380408e-08
715 3.66573317012e-08
710 3.66249863908e-08
729 3.47859184351e-08
718 3.47558974823e-08
716 3.46971658977e-08
724 3.46507475691e-08
719 3.45850038698e-08
720 3.45387437523e-08
723 3.43048060388e-08
727 3.37466568962e-08
730 3.37128115479e-08
731 3.3641500701e-08
722 3.36054749173e-08
725 3.34051411374e-08
721 3.33640633065e-08
735 3.28946352225e-08
726 3.27443307407e-08
728 3.23661168591e-08
741 3.2133926134e-08
732 3.21229096421e-08
738 3.21200958441e-08
737 3.2090965327e-08
734 3.18695188124e-08
736 3.1680621721e-08
740 3.14846490485e-08
739 3.14055668951e-08
733 3.13230524688e-08
744 3.12849319168e-08
750 3.08354258184e-08
752 3.07889302062e-08
742 3.07564247154e-08
745 3.06882479835e-08
747 3.06278863391e-08
743 3.05689385493e-08
746 3.00996047715e-08
753 3.00725847909e-08
754 2.98932832417e-08
749 2.90732369551e-08
751 2.89903785541e-08
748 2.89752368175e-08
761 2.87786410106e-08
756 2.85789661092e-08
755 2.8484670856e-08
764 2.79718559016e-08
757 2.79191312666e-08
763 2.76821196527e-08
762 2.76732444538e-08
759 2.7621592418e-08
758 2.75543552e-08
766 2.73373361687e-08
760 2.71401369026e-08
765 2.71364231311e-08
768 2.67701786613e-08
772 2.62568822332e-08
775 2.60733526691e-08
767 2.60451299972e-08
771 2.58734775964e-08
770 2.58157191813e-08
778 2.5682813469e-08
769 2.54834439313e-08
780 2.54780625312e-08
773 2.54620145904e-08
776 2.54616400122e-08
779 2.51196389686e-08
795 2.46810214633e-08
782 2.46211638237e-08
786 2.43049990389e-08
774 2.42671839731e-08
784 2.42201314561e-08
777 2.410347003e-08
799 2.38333823507e-08
783 2.37615293628e-08
789 2.36901636857e-08
793 2.36901630982e-08
787 2.36811755714e-08
785 2.36331916226e-08
791 2.3605431844e-08
792 2.35459859094e-08
805 2.35217535034e-08
790 2.34929818448e-08
797 2.32635245921e-08
798 2.32057431104e-08
781 2.30796154009e-08
816 2.29349542623e-08
807 2.29331623182e-08
801 2.28868969812e-08
817 2.2846012568e-08
811 2.28349547903e-08
788 2.28297022079e-08
813 2.28156155187e-08
829 2.27669520319e-08
820 2.27426813421e-08
804 2.27291730478e-08
830 2.27146741956e-08
822 2.26641703108e-08
812 2.26601747927e-08
823 2.26575445781e-08
794 2.26346155209e-08
803 2.26303790092e-08
810 2.25696980076e-08
828 2.25221386187e-08
800 2.25218855862e-08
818 2.24771055907e-08
833 2.24707473663e-08
824 2.24635049387e-08
796 2.24632806854e-08
814 2.24531625832e-08
843 2.24519442245e-08
802 2.24503996526e-08
834 2.24326595106e-08
826 2.24283258653e-08
808 2.24201336063e-08
827 2.24152647317e-08
847 2.2372191965e-08
842 2.23651469573e-08
815 2.23621249976e-08
836 2.23608746092e-08
819 2.23596237278e-08
839 2.23577827231e-08
848 2.23430602769e-08
849 2.23196122009e-08
844 2.23121243083e-08
825 2.23096514518e-08
835 2.22815171659e-08
821 2.2271886489e-08
806 2.2255360928e-08
809 2.22552753798e-08
838 2.21965034014e-08
837 2.219569813e-08
840 2.21754474338e-08
846 2.21705109227e-08
841 2.21243476931e-08
831 2.21177679258e-08
832 2.21177678952e-08
845 2.21056286569e-08
850 4.49137688834e-11
852 4.19247229794e-11
851 9.28592341787e-12
854 2.86794694589e-13
856 1.0194662003e-13
858 8.86673600995e-14
864 8.71399009071e-14
866 8.71310432251e-14
862 8.68370639388e-14
857 8.65914988838e-14
865 8.53266863886e-14
861 8.51165586926e-14
870 8.25949079854e-14
867 8.20337532398e-14
868 8.0332494507e-14
872 7.97939314314e-14
869 7.96752083928e-14
874 7.86131416761e-14
876 7.52072141724e-14
886 2.41486185765e-14
890 2.38306752244e-14
883 2.37971075546e-14
888 2.31773299577e-14
896 2.2686185235e-14
895 2.1261792956e-14
894 2.12172499809e-14
898 1.80408299157e-14
903 1.61512714913e-14
904 1.45283978598e-14
907 1.33770031398e-14
911 1.11348009101e-14
917 1.01975051916e-14
915 1.0156105868e-14
919 9.35986459361e-15
923 9.2197301361e-15
922 9.03597432814e-15
924 8.95421118179e-15
925 8.93234915186e-15
926 7.34199198391e-15
930 6.78848305225e-15
933 5.916082784e-15
934 5.912588642e-15
936 5.91078386554e-15
938 5.75550688877e-15
943 5.61700349311e-15
944 5.61700349311e-15
945 5.60355664022e-15
947 5.43325562355e-15
953 4.99090431624e-15
956 4.72546267945e-15
954 4.68795292399e-15
951 4.5785902016e-15
961 3.99353462028e-15
962 3.84089272118e-15
968 2.67718455167e-15
973 2.13528416253e-15
974 1.71919763546e-15
978 1.59748055007e-15
985 1.46586083121e-15
982 1.42916091729e-15
979 1.39908162093e-15
981 1.34692315775e-15
984 1.341651814e-15
989 1.2394328966e-15
988 1.23418800925e-15
987 1.23400554444e-15
990 1.23226544597e-15
992 1.02480903179e-15
996 9.86935671612e-16
995 8.1128301214e-16
1002 7.67094831339e-16
1004 6.89688643516e-16
1008 6.6129268248e-16
1011 6.53611352334e-16
1006 6.35702791381e-16
1009 6.35700011432e-16
1010 6.2548294792e-16
1013 6.23067581628e-16
1015 6.15819419566e-16
1016 5.74984227486e-16
1017 5.59431595043e-16
1019 5.56413396665e-16
1020 5.5393907306e-16
1022 5.39330514202e-16
1024 4.99752502811e-16
1025 4.99630050923e-16
1026 4.89998210453e-16
1027 4.84069102582e-16
1029 4.84059037515e-16
1031 4.72656180662e-16
1032 4.69248855696e-16
1035 4.57481181691e-16
1037 4.38031626768e-16
1040 4.23623099029e-16
1039 4.21383512755e-16
1045 4.15610040181e-16
1041 4.13468116487e-16
1048 4.06473137649e-16
1054 4.04631396689e-16
1043 3.97590709999e-16
1049 3.9076056173e-16
1050 3.9076056173e-16
1051 3.83625041315e-16
1055 3.51700309591e-16
1057 3.48481784328e-16
1060 3.44414711984e-16
1062 3.40351718938e-16
1063 3.34962412251e-16
1061 3.33190835452e-16
1067 3.2552753838e-16
1068 3.14797350925e-16
1084 3.05094998377e-16
1073 3.04130296742e-16
1074 3.01867443817e-16
1080 2.97132459821e-16
1085 2.91146957262e-16
1087 2.85605243717e-16
1034 0.0
102 0.0
11 0.0
125 0.0
1036 0.0
99 0.0
1081 0.0
1083 0.0
1 0.0
1018 0.0
96 0.0
14 0.0
1038 0.0
94 0.0
1082 0.0
103 0.0
1021 0.0
10 0.0
114 0.0
1086 0.0
120 0.0
5 0.0
119 0.0
1023 0.0
3 0.0
7 0.0
115 0.0
2 0.0
1033 0.0
92 0.0
110 0.0
8 0.0
9 0.0
1028 0.0
1030 0.0
123 0.0
124 0.0
93 0.0
39 0.0
91 0.0
29 0.0
60 0.0
1078 0.0
1077 0.0
1056 0.0
56 0.0
1058 0.0
26 0.0
53 0.0
1076 0.0
1075 0.0
52 0.0
1059 0.0
89 0.0
48 0.0
1072 0.0
1071 0.0
45 0.0
1064 0.0
1070 0.0
1065 0.0
1069 0.0
1066 0.0
36 0.0
41 0.0
1053 0.0
1052 0.0
63 0.0
64 0.0
88 0.0
17 0.0
18 0.0
86 0.0
85 0.0
38 0.0
83 0.0
19 0.0
1042 0.0
20 0.0
80 0.0
1044 0.0
78 0.0
77 0.0
1079 0.0
75 0.0
74 0.0
1046 0.0
1047 0.0
68 0.0
23 0.0
66 0.0
65 0.0
863 0.0
163 0.0
1014 0.0
914 0.0
918 0.0
920 0.0
921 0.0
927 0.0
928 0.0
929 0.0
931 0.0
932 0.0
935 0.0
937 0.0
939 0.0
940 0.0
941 0.0
942 0.0
946 0.0
948 0.0
949 0.0
950 0.0
952 0.0
955 0.0
957 0.0
958 0.0
959 0.0
960 0.0
963 0.0
964 0.0
965 0.0
224 0.0
223 0.0
916 0.0
913 0.0
966 0.0
912 0.0
859 0.0
855 0.0
853 0.0
871 0.0
873 0.0
875 0.0
877 0.0
878 0.0
879 0.0
880 0.0
881 0.0
882 0.0
884 0.0
885 0.0
887 0.0
889 0.0
891 0.0
892 0.0
893 0.0
897 0.0
899 0.0
900 0.0
901 0.0
902 0.0
905 0.0
906 0.0
908 0.0
909 0.0
910 0.0
222 0.0
220 0.0
132 0.0
176 0.0
173 0.0
991 0.0
170 0.0
169 0.0
167 0.0
166 0.0
993 0.0
164 0.0
860 0.0
994 0.0
159 0.0
997 0.0
998 0.0
999 0.0
1000 0.0
1001 0.0
152 0.0
1003 0.0
149 0.0
1005 0.0
1007 0.0
143 0.0
140 0.0
1012 0.0
138 0.0
136 0.0
135 0.0
134 0.0
133 0.0
174 0.0
178 0.0
967 0.0
179 0.0
217 0.0
969 0.0
215 0.0
970 0.0
213 0.0
212 0.0
971 0.0
210 0.0
209 0.0
972 0.0
975 0.0
976 0.0
203 0.0
202 0.0
977 0.0
199 0.0
980 0.0
196 0.0
195 0.0
194 0.0
191 0.0
190 0.0
189 0.0
188 0.0
983 0.0
186 0.0
185 0.0
182 0.0
986 0.0
1088 0.0
