0 0
1 0
2 1
3 1
4 0
5 1
6 0
7 1
8 3
9 2
10 2
11 2
12 3
13 3
14 2
15 2
16 3
17 3
18 3
19 2
20 3
21 3
22 3
23 2
24 2
25 2
26 2
27 3
28 3
29 2
30 2
31 3
32 2
33 3
34 2
35 3
36 3
37 2
38 3
39 3
40 3
41 2
42 2
43 2
44 3
45 2
46 3
47 3
48 3
49 3
50 2
51 2
52 2
53 2
54 2
55 2
56 2
57 3
58 2
59 2
60 2
61 3
62 3
63 2
64 3
65 2
66 2
67 2
68 2
69 3
70 2
71 2
72 2
73 3
74 3
75 3
76 3
77 2
78 3
79 2
80 2
81 2
82 3
83 2
84 2
85 3
86 2
87 3
88 2
89 3
90 2
91 4
92 2
93 2
94 2
95 2
96 2
97 4
98 2
99 4
100 4
101 4
102 2
103 4
104 2
105 2
106 2
107 4
108 4
109 4
110 4
111 2
112 4
113 2
114 4
115 4
116 2
117 4
118 4
119 4
120 2
121 4
122 2
123 4
124 4
125 6
126 6
127 6
128 6
129 4
130 6
131 6
132 6
133 6
134 4
135 6
136 4
137 6
138 6
139 4
140 6
141 6
142 6
143 4
144 6
145 6
146 6
147 4
148 4
149 6
150 4
151 6
152 6
153 6
154 6
155 6
156 5
157 6
158 6
159 6
160 5
161 5
162 5
163 6
164 5
165 6
166 5
167 6
168 6
169 5
170 6
171 5
172 6
173 5
174 6
175 5
176 6
177 5
178 5
179 6
180 5
181 6
182 5
183 6
184 6
185 6
186 5
187 6
188 5
189 6
190 6
191 6
192 6
193 6
194 6
195 6
196 6
197 6
198 5
199 5
200 6
201 5
202 5
203 6
204 6
205 6
206 5
207 8
208 7
209 7
210 8
211 8
212 8
213 8
214 9
215 9
216 9
217 9
218 9
219 9
220 9
221 9
222 9
223 9
224 9
225 9
226 9
227 9
228 9
229 9
230 9
231 9
232 9
233 9
234 9
235 9
236 9
237 9
238 9
239 9
240 9
241 9
242 9
243 9
244 9
245 9
246 9
247 9
248 9
249 9
250 9
251 9
252 9
253 9
254 9
255 9
256 9
257 9
258 9
259 9
260 9
261 9
262 9
263 9
264 9
265 9
266 9
267 9
268 9
269 9
270 9
271 9
272 9
273 9
274 9
275 9
276 9
277 9
278 9
279 9
280 9
281 9
282 9
283 9
284 9
285 9
286 9
287 9
288 9
289 9
290 9
291 9
292 9
293 9
294 9
295 9
296 9
297 9
298 9
299 9
300 9
301 9
302 9
303 9
304 9
305 9
306 9
307 9
308 9
309 9
310 9
311 9
312 9
313 9
314 9
315 9
316 9
317 9
318 9
319 9
320 9
321 9
322 9
323 9
324 9
325 9
326 9
327 9
328 9
329 9
330 9
331 9
332 9
333 9
334 9
335 9
336 9
337 9
338 9
339 9
340 9
341 10
342 9
343 9
344 9
345 10
346 9
347 9
348 9
349 10
350 9
351 9
352 10
353 9
354 9
355 10
356 9
357 10
358 9
359 10
360 9
361 10
362 9
363 9
364 10
365 10
366 10
367 10
368 10
369 10
370 10
371 9
372 10
373 10
374 10
375 10
376 9
377 10
378 10
379 10
380 10
381 10
382 10
383 10
384 10
385 10
386 10
387 10
388 10
389 10
390 10
391 10
392 10
393 10
394 10
395 10
396 10
397 10
398 10
399 10
400 10
401 10
402 10
403 10
404 10
405 10
406 10
407 10
408 10
409 10
410 10
411 10
412 10
413 10
414 10
415 10
416 10
417 10
418 10
419 10
420 10
421 10
422 10
423 10
424 10
425 10
426 10
427 10
428 10
429 11
430 10
431 10
432 10
433 10
434 11
435 10
436 10
437 10
438 10
439 10
440 11
441 10
442 10
443 10
444 11
445 11
446 11
447 10
448 11
449 10
450 11
451 11
452 11
453 10
454 11
455 11
456 11
457 11
458 11
459 11
460 11
461 11
462 11
463 11
464 11
465 11
466 11
467 11
468 11
469 11
470 11
471 11
472 11
473 11
474 11
475 11
476 11
477 11
478 11
479 11
480 11
481 11
482 11
483 11
484 11
485 11
486 11
487 11
488 11
489 11
490 11
491 11
492 11
493 11
494 11
495 11
496 11
497 11
498 11
499 11
500 11
501 11
502 11
503 11
504 11
505 11
506 11
507 11
508 11
509 11
510 11
511 11
512 12
513 11
514 11
515 11
516 12
517 11
518 11
519 12
520 11
521 12
522 11
523 11
524 12
525 12
526 12
527 11
528 12
529 12
530 11
531 12
532 12
533 12
534 12
535 12
536 12
537 11
538 12
539 12
540 12
541 12
542 12
543 12
544 12
545 12
546 12
547 12
548 12
549 12
550 12
551 12
552 12
553 12
554 12
555 12
556 12
557 12
558 12
559 12
560 12
561 12
562 12
563 12
564 12
565 12
566 12
567 12
568 12
569 12
570 12
571 12
572 12
573 12
574 12
575 12
576 12
577 12
578 12
579 12
580 12
581 12
582 12
583 12
584 12
585 12
586 12
587 12
588 12
589 12
590 12
591 12
592 12
593 12
594 12
595 13
596 12
597 12
598 12
599 12
600 12
601 12
602 12
603 12
604 12
605 12
606 12
607 13
608 12
609 13
610 13
611 13
612 12
613 13
614 13
615 12
616 13
617 13
618 13
619 13
620 12
621 13
622 13
623 13
624 13
625 13
626 13
627 13
628 13
629 13
630 13
631 13
632 13
633 13
634 13
635 13
636 13
637 13
638 13
639 13
640 13
641 13
642 13
643 13
644 13
645 13
646 13
647 13
648 13
649 13
650 13
651 13
652 13
653 13
654 13
655 13
656 13
657 13
658 13
659 13
660 13
661 13
662 13
663 13
664 13
665 13
666 13
667 13
668 13
669 13
670 13
671 13
672 13
673 13
674 13
675 13
676 13
677 13
678 13
679 13
680 13
681 13
682 13
683 13
684 13
685 13
686 13
687 13
688 13
689 13
690 13
691 13
692 13
693 13
694 13
695 13
696 13
697 13
698 13
699 13
700 13
701 13
702 13
703 13
704 13
705 13
706 13
707 13
708 13
709 13
710 13
711 13
712 13
713 13
714 13
715 13
716 13
717 13
718 13
719 13
720 13
721 13
722 13
723 13
724 13
725 13
726 13
727 13
728 13
729 13
730 13
731 13
732 13
733 13
734 13
735 13
736 13
737 13
738 13
739 13
740 13
741 13
742 13
743 13
744 13
745 13
746 13
747 13
748 13
749 13
750 13
751 13
752 13
753 13
754 13
755 13
756 13
757 13
758 13
759 13
760 14
761 13
762 13
763 13
764 13
765 13
766 14
767 13
768 13
769 13
770 13
771 13
772 14
773 14
774 13
775 13
776 13
777 13
778 14
779 13
780 14
781 14
782 13
783 14
784 14
785 14
786 14
787 14
788 13
789 14
790 14
791 14
792 14
793 14
794 14
795 14
796 14
797 14
798 14
799 14
800 14
801 14
802 14
803 14
804 14
805 14
806 14
807 14
808 14
809 14
810 14
811 14
812 14
813 14
814 14
815 14
816 14
817 14
818 14
819 14
820 14
821 14
822 14
823 14
824 14
825 14
826 14
827 14
828 14
829 14
830 14
831 14
832 14
833 14
834 14
835 14
836 14
837 14
838 14
839 16
840 14
841 14
842 14
843 16
844 16
845 16
846 15
847 15
848 15
849 15
850 15
851 15
852 15
853 15
854 16
855 16
856 15
857 16
858 15
859 15
860 16
861 16
862 15
863 15
864 15
865 15
866 15
867 16
868 15
869 16
870 15
871 15
872 16
873 16
874 15
875 16
876 16
877 16
878 16
879 15
880 16
881 15
882 15
883 16
884 16
885 15
886 15
887 15
888 15
889 16
890 16
891 16
892 16
893 16
894 16
895 16
896 16
897 16
898 15
899 16
900 16
901 16
902 16
903 17
904 17
905 16
906 16
907 17
908 17
909 17
910 17
911 16
912 17
913 17
914 17
915 19
916 19
917 19
918 19
919 19
920 19
921 17
922 19
923 18
924 19
925 19
926 19
927 19
928 18
929 18
930 19
931 19
932 19
933 18
934 19
935 18
936 18
937 18
938 18
939 19
940 19
941 19
942 19
943 18
944 18
945 19
946 19
947 19
948 18
949 18
950 18
951 18
952 18
953 19
954 19
955 19
956 18
957 19
958 19
959 18
960 18
961 18
962 19
963 18
964 18
965 18
966 19
967 18
968 18
969 19
970 19
971 18
972 18
973 18
974 19
975 19
976 18
977 19
978 19
979 18
980 18
981 19
982 18
983 19
984 19
985 18
986 19
987 19
988 19
989 21
990 21
991 21
992 21
993 21
994 20
995 21
996 21
997 20
998 21
999 21
1000 21
1001 21
1002 21
1003 21
1004 20
1005 21
1006 21
1007 21
1008 20
1009 20
1010 20
1011 20
1012 20
1013 21
1014 20
1015 20
1016 20
1017 21
1018 21
1019 21
1020 20
1021 20
1022 20
1023 21
1024 20
1025 20
1026 21
1027 21
1028 20
1029 20
1030 21
1031 21
1032 21
1033 20
1034 20
1035 21
1036 20
1037 21
1038 21
1039 21
1040 21
1041 22
1042 22
1043 23
1044 23
1045 23
1046 23
1047 23
1048 23
