0 0
1 0
2 0
3 0
4 0
5 0
6 0
7 0
8 0
9 0
10 0
11 0
12 0
13 0
14 0
15 0
16 0
17 0
18 0
19 0
20 0
21 0
22 0
23 0
24 0
25 0
26 0
27 0
28 0
29 0
30 0
31 0
32 0
33 0
34 0
35 0
36 0
37 0
38 0
39 0
40 0
41 0
42 0
43 0
44 0
45 0
46 0
47 0
48 0
49 0
50 0
51 0
52 0
53 0
54 0
55 0
56 0
57 0
58 0
59 0
60 0
61 0
62 0
63 0
64 0
65 0
66 0
67 0
68 0
69 0
70 0
71 0
72 0
73 0
74 0
75 0
76 0
77 0
78 0
79 0
80 0
81 0
82 0
83 0
84 0
85 0
86 0
87 0
88 0
89 0
90 0
91 0
92 0
93 0
94 0
95 0
96 0
97 0
98 0
99 0
100 0
101 0
102 0
103 0
104 0
105 0
106 0
107 0
108 0
109 0
110 0
111 0
112 0
113 0
114 0
115 0
116 0
117 0
118 0
119 0
120 0
121 0
122 0
123 0
124 0
125 0
126 0
127 0
128 0
129 0
130 0
131 0
132 0
133 0
134 0
135 0
136 0
137 0
138 0
139 0
140 0
141 0
142 0
143 0
144 0
145 0
146 0
147 0
148 0
149 0
150 0
151 0
152 0
153 0
154 0
155 0
156 0
157 0
158 0
159 0
160 0
161 0
162 0
163 0
164 0
165 0
166 0
167 0
168 0
169 0
170 0
171 0
172 0
173 0
174 0
175 0
176 0
177 0
178 0
179 0
180 0
181 0
182 0
183 0
184 0
185 1
186 0
187 0
188 1
189 1
190 0
191 1
192 0
193 0
194 0
195 0
196 1
197 1
198 0
199 1
200 1
201 0
202 0
203 1
204 1
205 0
206 0
207 0
208 0
209 0
210 0
211 1
212 1
213 2
214 1
215 0
216 1
217 2
218 0
219 0
220 1
221 0
222 1
223 1
224 0
225 2
226 0
227 1
228 0
229 2
230 0
231 0
232 2
233 1
234 0
235 0
236 2
237 0
238 1
239 0
240 0
241 0
242 1
243 0
244 0
245 2
246 2
247 1
248 1
249 1
250 2
251 1
252 2
253 2
254 1
255 2
256 2
257 2
258 2
259 1
260 1
261 1
262 1
263 1
264 1
265 2
266 1
267 1
268 0
269 1
270 1
271 2
272 2
273 1
274 2
275 1
276 2
277 1
278 2
279 2
280 2
281 1
282 1
283 1
284 2
285 2
286 1
287 2
288 1
289 1
290 1
291 1
292 2
293 2
294 2
295 1
296 2
297 1
298 1
299 2
300 1
301 2
302 1
303 1
304 1
305 2
306 1
307 2
308 2
309 2
310 2
311 1
312 1
313 1
314 1
315 2
316 1
317 2
318 2
319 1
320 1
321 2
322 2
323 2
324 2
325 2
326 2
327 2
328 2
329 1
330 2
331 2
332 1
333 1
334 2
335 1
336 1
337 1
338 2
339 1
340 2
341 2
342 2
343 2
344 2
345 1
346 1
347 2
348 2
349 2
350 2
351 1
352 2
353 1
354 1
355 2
356 2
357 1
358 2
359 1
360 1
361 1
362 2
363 1
364 1
365 2
366 2
367 1
368 1
369 2
370 1
371 2
372 2
373 1
374 2
375 1
376 2
377 1
378 2
379 2
380 1
381 2
382 2
383 2
384 1
385 1
386 1
387 1
388 2
389 2
390 2
391 1
392 1
393 1
394 1
395 2
396 2
397 2
398 1
399 2
400 1
401 2
402 1
403 2
404 2
405 2
406 2
407 2
408 1
409 2
410 1
411 1
412 2
413 2
414 1
415 2
416 2
417 1
418 1
419 2
420 2
421 2
422 2
423 2
424 2
425 2
426 2
427 1
428 1
429 2
430 2
431 2
432 2
433 2
434 1
435 2
436 2
437 2
438 2
439 1
440 1
441 1
442 2
443 1
444 1
445 2
446 2
447 2
448 1
449 2
450 2
451 1
452 1
453 1
454 1
455 2
456 2
457 2
458 2
459 2
460 2
461 2
462 2
463 2
464 2
465 1
466 2
467 1
468 1
469 1
470 1
471 2
472 1
473 1
474 2
475 1
476 1
477 2
478 2
479 2
480 2
481 1
482 2
483 2
484 2
485 2
486 1
487 1
488 2
489 2
490 1
491 1
492 1
493 2
494 2
495 2
496 1
497 2
498 1
499 2
500 1
501 2
502 2
503 2
504 1
505 2
506 1
507 2
508 2
509 1
510 1
511 2
512 2
513 1
514 1
515 2
516 2
517 1
518 1
519 2
520 2
521 2
522 2
523 1
524 1
525 2
526 2
527 2
528 2
529 1
530 1
531 2
532 2
533 2
534 1
535 2
536 2
537 2
538 1
539 2
540 1
541 1
542 2
543 2
544 2
545 1
546 1
547 2
548 2
549 2
550 2
551 2
552 1
553 1
554 2
555 1
556 2
557 1
558 1
559 2
560 1
561 2
562 2
563 1
564 2
565 2
566 2
567 2
568 2
569 1
570 2
571 2
572 2
573 2
574 1
575 2
576 2
577 2
578 2
579 2
580 1
581 2
582 2
583 2
584 2
585 2
586 2
587 2
588 2
589 2
590 2
591 4
592 4
593 3
594 3
595 4
596 3
597 3
598 4
599 4
600 3
601 3
602 3
603 4
604 3
605 4
606 3
607 4
608 4
609 3
610 3
611 3
612 4
613 4
614 4
615 3
616 4
617 3
618 4
619 4
620 4
621 4
622 3
623 4
624 4
625 3
626 4
627 4
628 3
629 4
630 3
631 3
632 4
633 4
634 4
635 3
636 3
637 4
638 3
639 3
640 4
641 3
642 4
643 3
644 4
645 3
646 3
647 4
648 4
649 3
650 4
651 4
652 3
653 4
654 4
655 4
656 4
657 4
658 4
659 3
660 4
661 3
662 3
663 3
664 4
665 4
666 4
667 3
668 4
669 4
670 4
671 3
672 3
673 4
674 4
675 4
676 3
677 4
678 3
679 4
680 3
681 4
682 3
683 4
684 4
685 4
686 3
687 4
688 4
689 3
690 4
691 4
692 4
693 4
694 3
695 4
696 4
697 4
698 4
699 3
700 4
701 4
702 3
703 4
704 4
705 4
706 4
707 3
708 4
709 4
710 4
711 4
712 4
713 4
714 4
715 4
716 3
717 4
718 3
719 3
720 3
721 3
722 3
723 4
724 4
725 3
726 3
727 3
728 4
729 3
730 3
731 4
732 4
733 4
734 3
735 4
736 3
737 3
738 3
739 4
740 4
741 3
742 4
743 3
744 4
745 3
746 4
747 4
748 3
749 4
750 4
751 4
752 4
753 4
754 4
755 3
756 3
757 3
758 4
759 4
760 3
761 4
762 4
763 4
764 3
765 3
766 3
767 4
768 4
769 3
770 3
771 3
772 4
773 3
774 4
775 4
776 3
777 3
778 4
779 4
780 4
781 3
782 4
783 4
784 3
785 4
786 4
787 3
788 4
789 3
790 4
791 3
792 4
793 3
794 3
795 3
796 4
797 3
798 4
799 4
800 3
801 3
802 4
803 4
804 4
805 4
806 4
807 3
808 4
809 4
810 4
811 4
812 4
813 3
814 3
815 4
816 4
817 3
818 4
819 4
820 4
821 3
822 3
823 4
824 4
825 4
826 4
827 4
828 4
829 4
830 3
831 4
832 4
833 4
834 4
835 4
836 3
837 4
838 3
839 3
840 4
841 3
842 4
843 4
844 4
845 4
846 4
847 3
848 3
849 4
850 4
851 3
852 4
853 3
854 3
855 3
856 3
857 4
858 3
859 4
860 4
861 3
862 4
863 3
864 4
865 3
866 4
867 4
868 4
869 3
870 3
871 4
872 3
873 3
874 3
875 3
876 3
877 4
878 4
879 4
880 4
881 4
882 4
883 3
884 4
885 4
886 4
887 4
888 4
889 3
890 4
891 4
892 4
893 4
894 4
895 4
896 4
897 4
898 4
899 3
900 4
901 3
902 4
903 4
904 4
905 4
906 3
907 4
908 4
909 4
910 4
911 4
912 4
913 4
914 5
915 4
916 5
917 4
918 5
919 4
920 4
921 5
922 4
923 5
924 4
925 4
926 4
927 5
928 4
929 4
930 5
931 4
932 4
933 4
934 5
935 5
936 5
937 4
938 5
939 5
940 5
941 4
942 5
943 5
944 5
945 5
946 5
947 5
948 5
949 4
950 5
951 5
952 5
953 5
954 5
955 4
956 5
957 5
958 5
959 5
960 5
961 5
962 5
963 5
964 5
965 5
966 5
967 5
968 5
969 5
970 4
971 5
972 5
973 5
974 5
975 5
976 5
977 5
978 5
979 5
980 5
981 5
982 5
983 5
984 5
985 5
986 5
987 5
988 5
989 5
990 5
991 5
992 5
993 5
994 5
995 5
996 5
997 5
998 5
999 5
1000 5
1001 5
1002 5
1003 5
1004 5
1005 5
1006 5
1007 5
1008 5
1009 5
1010 5
1011 5
1012 5
1013 5
1014 5
1015 5
1016 5
1017 5
1018 5
1019 5
1020 5
1021 5
1022 5
1023 5
1024 5
1025 5
1026 5
1027 5
1028 5
1029 5
1030 5
1031 5
1032 5
1033 5
1034 5
1035 5
1036 5
1037 5
1038 5
1039 5
1040 5
1041 5
1042 5
1043 5
1044 5
1045 5
1046 5
1047 5
1048 5
1049 5
1050 5
1051 5
1052 5
1053 5
1054 5
1055 5
1056 5
1057 5
1058 5
1059 5
1060 5
1061 5
1062 5
1063 5
1064 5
1065 5
1066 5
1067 5
1068 5
1069 5
1070 5
1071 5
1072 5
1073 5
1074 5
1075 5
1076 5
1077 5
1078 5
1079 5
1080 5
1081 5
1082 5
1083 5
1084 5
1085 5
1086 5
1087 5
1088 5
1089 5
1090 5
1091 5
1092 5
1093 5
1094 5
1095 5
1096 5
1097 5
1098 5
1099 5
1100 5
1101 5
1102 5
1103 5
1104 5
1105 5
1106 5
1107 5
1108 5
1109 5
1110 5
1111 5
1112 5
1113 5
1114 5
1115 5
1116 5
1117 5
1118 5
1119 5
1120 5
1121 5
1122 5
1123 5
1124 5
1125 5
1126 5
1127 5
1128 5
1129 5
1130 5
1131 5
1132 5
1133 5
1134 5
1135 5
1136 5
1137 5
1138 5
1139 5
1140 5
1141 5
1142 5
1143 5
1144 5
1145 5
1146 5
1147 5
1148 5
1149 5
1150 5
1151 5
1152 5
1153 5
1154 5
1155 5
1156 5
1157 5
1158 5
1159 5
1160 5
1161 5
1162 5
1163 5
1164 5
1165 5
1166 5
1167 5
1168 5
1169 5
1170 5
1171 5
1172 5
