0 0
1 1
2 0
3 0
4 0
5 0
6 0
7 0
8 0
9 1
10 0
11 0
12 1
13 1
14 0
15 1
16 0
17 0
18 1
19 1
20 1
21 1
22 1
23 1
24 1
25 1
26 1
27 1
28 1
29 1
30 1
31 1
32 1
33 1
34 1
35 1
36 1
37 1
38 1
39 1
40 1
41 1
42 1
43 1
44 1
45 1
46 1
47 1
48 1
49 1
50 1
51 1
52 1
53 1
54 1
55 1
56 1
57 1
58 1
59 1
60 1
61 1
62 1
63 1
64 1
65 1
66 1
67 1
68 1
69 1
70 1
71 1
72 1
73 1
74 1
75 1
76 1
77 1
78 1
79 1
80 1
81 1
82 1
83 1
84 1
85 1
86 1
87 1
88 1
89 1
90 1
91 1
92 1
93 1
94 1
95 1
96 1
97 1
98 1
99 1
100 1
101 1
102 1
103 1
104 1
105 1
106 1
107 1
108 1
109 1
110 1
111 1
112 1
113 1
114 1
115 1
116 1
117 1
118 1
119 1
120 1
121 1
122 1
123 1
124 1
125 1
126 1
127 1
128 1
129 1
130 1
131 1
132 1
133 1
134 1
135 1
136 1
137 1
138 1
139 1
140 1
141 1
142 1
143 1
144 1
145 1
146 1
147 1
148 1
149 1
150 1
151 1
152 1
153 1
154 1
155 1
156 1
157 1
158 1
159 1
160 1
161 1
162 1
163 1
164 1
165 1
166 1
167 1
168 1
169 1
170 1
171 1
172 1
173 1
174 1
175 1
176 1
177 1
178 1
179 1
180 1
181 1
182 1
183 1
184 1
185 1
186 1
187 1
188 1
189 2
190 2
191 1
192 1
193 1
194 1
195 2
196 2
197 2
198 2
199 2
200 2
201 1
202 2
203 2
204 2
205 2
206 2
207 2
208 2
209 2
210 2
211 2
212 2
213 2
214 2
215 2
216 2
217 2
218 2
219 2
220 2
221 2
222 2
223 2
224 2
225 2
226 2
227 2
228 2
229 2
230 2
231 2
232 2
233 2
234 2
235 2
236 2
237 2
238 2
239 2
240 2
241 2
242 2
243 2
244 2
245 2
246 2
247 2
248 2
249 2
250 2
251 2
252 2
253 2
254 2
255 2
256 2
257 2
258 2
259 2
260 2
261 2
262 2
263 2
264 2
265 2
266 2
267 2
268 2
269 2
270 2
271 2
272 2
273 2
274 2
275 2
276 2
277 2
278 2
279 2
280 2
281 2
282 2
283 2
284 2
285 2
286 2
287 2
288 2
289 2
290 2
291 2
292 2
293 2
294 2
295 2
296 2
297 2
298 2
299 2
300 2
301 2
302 2
303 2
304 2
305 2
306 2
307 2
308 2
309 2
310 3
311 2
312 3
313 2
314 3
315 3
316 2
317 2
318 3
319 2
320 3
321 2
322 3
323 3
324 2
325 3
326 3
327 3
328 3
329 3
330 3
331 3
332 3
333 3
334 3
335 3
336 3
337 3
338 3
339 3
340 3
341 3
342 3
343 3
344 3
345 3
346 3
347 3
348 3
349 3
350 3
351 3
352 3
353 3
354 3
355 3
356 3
357 3
358 3
359 3
360 3
361 3
362 3
363 3
364 3
365 3
366 3
367 3
368 3
369 3
370 3
371 3
372 3
373 3
374 3
375 3
376 3
377 3
378 3
379 3
380 3
381 3
382 3
383 3
384 3
385 3
386 3
387 3
388 3
389 3
390 3
391 3
392 3
393 3
394 3
395 3
396 3
397 3
398 3
399 3
400 3
401 3
402 3
403 3
404 3
405 3
406 3
407 3
408 3
409 3
410 3
411 3
412 3
413 3
414 3
415 3
416 3
417 3
418 3
419 3
420 3
421 3
422 3
423 3
424 3
425 3
426 3
427 3
428 3
429 3
430 3
431 3
432 3
433 3
434 3
435 3
436 3
437 3
438 3
439 3
440 3
441 3
442 3
443 3
444 3
445 3
446 3
447 3
448 3
449 3
450 3
451 3
452 3
453 3
454 3
455 3
456 3
457 3
458 3
459 3
460 3
461 3
462 3
463 3
464 3
465 3
466 3
467 3
468 3
469 3
470 3
471 3
472 3
473 3
474 3
475 3
476 3
477 3
478 3
479 3
480 3
481 3
482 3
483 3
484 3
485 3
486 3
487 3
488 3
489 3
490 3
491 3
492 3
493 3
494 3
495 3
496 3
497 3
498 3
499 3
500 3
501 3
502 3
503 3
504 3
505 3
506 3
507 3
508 3
509 3
510 3
511 3
512 3
513 3
514 3
515 3
516 3
517 3
518 3
519 3
520 3
521 3
522 3
523 3
524 3
525 4
526 3
527 3
528 3
529 3
530 3
531 3
532 4
533 4
534 3
535 3
536 4
537 3
538 4
539 3
540 3
541 3
542 4
543 3
544 4
545 4
546 3
547 4
548 4
549 4
550 3
551 4
552 4
553 4
554 4
555 4
556 4
557 4
558 4
559 4
560 4
561 4
562 4
563 4
564 4
565 4
566 4
567 4
568 4
569 4
570 4
571 4
572 4
573 4
574 4
575 4
576 4
577 4
578 4
579 4
580 4
581 4
582 4
583 4
584 4
585 4
586 4
587 4
588 4
589 4
590 4
591 4
592 4
593 4
594 4
595 4
596 4
597 4
598 4
599 4
600 4
601 4
602 4
603 4
604 4
605 4
606 4
607 4
608 4
609 4
610 4
611 4
612 4
613 4
614 4
615 4
616 4
617 4
618 4
619 4
620 4
621 4
622 4
623 4
624 4
625 4
626 4
627 4
628 4
629 4
630 4
631 4
632 4
633 4
634 4
635 4
636 4
637 4
638 4
639 4
640 4
641 4
642 4
643 4
644 4
645 4
646 4
647 4
648 4
649 4
650 4
651 4
652 4
653 4
654 4
655 4
656 4
657 4
658 4
659 4
660 4
661 4
662 4
663 4
664 4
665 4
666 4
667 4
668 4
669 4
670 4
671 4
672 4
673 4
674 4
675 4
676 4
677 4
678 4
679 4
680 4
681 4
682 4
683 4
684 4
685 4
686 4
687 4
688 4
689 4
690 4
691 4
692 4
693 4
694 4
695 4
696 4
697 4
698 4
699 4
700 4
701 4
702 4
703 4
704 4
705 4
706 4
707 4
708 4
709 4
710 4
711 4
712 4
713 4
714 4
715 4
716 4
717 4
718 4
719 4
720 4
721 4
722 4
723 4
724 4
725 4
726 4
727 4
728 4
729 4
730 4
731 4
732 4
733 4
734 4
735 4
736 4
737 4
738 4
739 4
740 4
741 4
742 4
743 4
744 4
745 4
746 4
747 4
748 4
749 4
750 4
751 4
752 4
753 4
754 4
755 4
756 4
757 5
758 5
759 5
760 5
761 5
762 5
763 5
764 5
765 5
766 6
767 6
768 6
769 5
770 5
771 5
772 5
773 5
774 5
775 5
776 5
777 5
778 5
779 5
780 7
781 7
782 7
783 7
784 7
785 7
786 7
787 7
788 7
789 7
790 7
791 7
792 7
793 7
794 8
795 8
796 8
797 8
798 7
799 8
800 8
801 8
802 8
803 8
804 8
805 8
806 9
807 8
808 9
809 8
810 9
811 9
812 9
813 9
814 9
815 9
816 9
817 9
818 9
819 9
820 9
821 9
822 9
823 9
824 9
825 9
826 9
827 9
828 9
829 9
830 9
831 9
832 9
833 9
834 9
835 9
836 9
837 9
838 9
839 9
840 9
841 9
842 9
843 9
844 9
845 9
846 9
847 9
848 9
849 9
850 9
851 9
852 9
853 9
854 9
855 9
856 9
857 9
858 9
859 9
860 9
861 9
862 9
863 9
864 9
865 9
866 9
867 9
868 9
869 9
870 9
871 9
872 9
873 9
874 9
875 9
876 9
877 9
878 9
879 9
880 9
881 9
882 9
883 9
884 9
885 9
886 9
887 9
888 9
889 9
890 9
891 9
892 9
893 9
894 9
895 9
896 9
897 9
898 9
899 9
900 9
901 9
902 9
903 9
904 9
905 9
906 9
907 9
908 9
909 9
910 9
911 9
912 10
913 9
914 9
915 9
916 9
917 10
918 9
919 9
920 9
921 9
922 9
923 9
924 9
925 9
926 10
927 9
928 9
929 9
930 9
931 9
932 10
933 9
934 9
935 9
936 9
937 9
938 9
939 10
940 10
941 9
942 9
943 10
944 9
945 9
946 10
947 9
948 9
949 10
950 9
951 10
952 10
953 10
954 10
955 9
956 10
957 10
958 10
959 10
960 10
961 10
962 10
963 10
964 10
965 10
966 10
967 10
968 10
969 10
970 10
971 10
972 10
973 10
974 10
975 10
976 10
977 10
978 10
979 10
980 10
981 10
982 10
983 10
984 10
985 10
986 10
987 10
988 10
989 10
990 10
991 10
992 10
993 10
994 10
995 10
996 10
997 10
998 10
999 10
1000 10
1001 10
1002 10
1003 10
1004 10
1005 10
1006 10
1007 10
1008 10
1009 10
1010 10
1011 10
1012 10
1013 10
1014 10
1015 10
1016 10
1017 10
1018 10
1019 10
1020 10
1021 10
1022 10
1023 10
1024 10
1025 10
1026 10
1027 10
1028 10
1029 10
1030 10
1031 10
1032 10
1033 10
1034 10
1035 10
1036 10
1037 10
1038 10
1039 10
1040 10
1041 10
1042 10
1043 10
1044 10
1045 10
1046 10
1047 10
1048 10
1049 10
1050 10
1051 10
1052 10
1053 10
1054 10
1055 10
1056 10
1057 10
1058 10
1059 10
1060 10
1061 10
1062 10
1063 10
1064 10
1065 10
1066 10
1067 10
1068 10
1069 10
1070 10
1071 10
1072 10
1073 10
1074 10
1075 10
1076 10
1077 10
1078 10
1079 10
1080 10
1081 10
1082 10
1083 10
1084 10
1085 10
1086 10
1087 10
1088 10
1089 10
1090 10
1091 10
1092 10
1093 10
1094 10
1095 10
1096 10
1097 10
1098 10
1099 10
1100 10
1101 10
1102 10
1103 10
1104 10
1105 10
1106 10
1107 10
1108 10
1109 10
1110 10
1111 10
1112 10
1113 10
1114 10
1115 10
1116 10
1117 10
1118 10
1119 10
1120 10
1121 10
1122 10
1123 10
1124 10
1125 10
1126 10
1127 10
1128 10
1129 10
1130 10
1131 10
1132 10
1133 10
1134 10
1135 10
1136 10
1137 10
1138 10
1139 10
1140 10
1141 10
1142 10
1143 10
1144 10
1145 10
1146 10
1147 10
1148 10
1149 10
1150 10
1151 10
1152 11
1153 11
1154 10
1155 11
1156 10
1157 10
1158 10
1159 10
1160 11
1161 10
1162 10
1163 10
1164 10
1165 11
1166 10
1167 10
1168 10
1169 11
1170 11
1171 11
1172 10
1173 10
1174 10
1175 11
1176 10
1177 11
1178 11
1179 11
1180 11
1181 11
1182 11
1183 11
1184 11
1185 11
1186 11
1187 11
1188 11
1189 11
1190 11
1191 11
1192 11
1193 11
1194 11
1195 11
1196 11
1197 11
1198 11
1199 11
1200 11
1201 11
1202 11
1203 11
1204 11
1205 11
1206 11
1207 11
1208 11
1209 11
1210 11
1211 11
1212 11
1213 11
1214 11
1215 11
1216 11
1217 11
1218 11
1219 11
1220 11
1221 11
1222 11
1223 11
1224 11
1225 11
1226 11
1227 11
1228 11
1229 11
1230 11
1231 11
1232 11
1233 11
1234 11
1235 11
1236 11
1237 11
1238 11
1239 11
1240 11
1241 11
1242 11
1243 11
1244 11
1245 11
1246 11
1247 11
1248 11
1249 11
1250 11
1251 11
1252 11
1253 11
1254 11
1255 11
1256 11
1257 11
1258 11
1259 11
1260 11
1261 11
1262 11
1263 11
1264 11
1265 11
1266 11
1267 11
1268 11
1269 11
1270 11
1271 11
1272 11
1273 11
1274 11
1275 11
1276 11
1277 11
1278 11
1279 11
1280 11
1281 11
1282 11
1283 11
1284 11
1285 11
1286 11
1287 11
1288 11
1289 11
1290 11
1291 11
1292 11
1293 11
1294 11
1295 11
1296 11
1297 11
1298 11
1299 11
1300 11
1301 11
1302 11
1303 11
1304 11
1305 11
1306 12
1307 12
1308 12
1309 11
1310 11
1311 11
1312 12
1313 12
1314 12
1315 11
1316 12
1317 12
1318 12
1319 12
1320 12
1321 12
1322 11
1323 12
1324 12
1325 12
1326 12
1327 11
1328 12
1329 12
1330 12
1331 12
1332 12
1333 12
1334 12
1335 12
1336 12
1337 12
1338 12
1339 12
1340 12
1341 12
1342 12
1343 12
1344 12
1345 12
1346 12
1347 12
1348 12
1349 12
1350 12
1351 12
1352 12
1353 12
1354 12
1355 12
1356 12
1357 12
1358 12
1359 12
1360 12
1361 12
1362 12
1363 12
1364 12
1365 12
1366 12
1367 12
1368 12
1369 12
1370 12
1371 12
1372 12
1373 12
1374 12
1375 12
1376 12
1377 12
1378 12
1379 12
1380 12
1381 12
1382 12
1383 12
1384 12
1385 12
1386 12
1387 12
1388 12
1389 12
1390 12
1391 12
1392 12
1393 12
1394 12
1395 12
1396 12
1397 12
1398 12
1399 12
1400 12
1401 12
1402 12
1403 12
1404 12
1405 12
1406 12
1407 12
1408 12
1409 12
1410 12
1411 12
1412 12
1413 12
1414 12
1415 12
1416 12
1417 12
1418 12
1419 12
1420 12
1421 12
1422 12
1423 12
1424 12
1425 12
1426 12
1427 12
1428 12
1429 12
1430 12
1431 12
1432 12
1433 12
1434 12
1435 12
1436 12
1437 12
1438 12
1439 12
1440 12
1441 12
1442 12
1443 12
1444 12
1445 12
1446 12
1447 12
1448 12
1449 12
1450 12
1451 12
1452 12
1453 12
1454 12
1455 12
1456 12
1457 12
1458 12
1459 12
1460 12
1461 12
1462 12
1463 12
1464 12
1465 12
1466 12
1467 12
1468 12
1469 12
1470 12
1471 12
1472 12
1473 12
1474 12
1475 12
1476 12
1477 12
1478 12
1479 12
1480 12
1481 12
1482 12
1483 12
1484 12
1485 12
1486 12
1487 12
1488 12
1489 12
1490 12
1491 12
1492 12
1493 12
1494 12
1495 12
1496 12
1497 12
1498 12
1499 12
1500 12
1501 12
1502 12
1503 12
1504 12
1505 12
1506 12
1507 12
1508 12
1509 12
1510 12
1511 12
1512 12
1513 12
1514 12
1515 12
1516 12
1517 12
1518 12
1519 12
1520 12
1521 12
1522 12
1523 12
1524 12
1525 12
1526 12
1527 12
1528 12
1529 12
1530 12
1531 12
1532 12
1533 12
1534 12
1535 12
1536 12
1537 12
1538 12
1539 12
1540 12
1541 12
1542 12
1543 12
1544 12
1545 12
1546 12
1547 12
1548 12
1549 12
1550 12
1551 12
1552 12
1553 12
1554 12
1555 12
1556 12
1557 12
1558 12
1559 12
1560 12
1561 12
1562 12
1563 13
1564 13
1565 13
1566 13
1567 13
1568 13
1569 13
1570 13
1571 13
1572 13
1573 13
1574 13
1575 13
1576 13
1577 13
1578 13
1579 13
1580 13
1581 13
1582 13
1583 13
1584 13
1585 13
1586 13
1587 13
1588 13
1589 13
1590 13
1591 13
1592 13
1593 13
1594 13
1595 13
1596 13
1597 13
1598 13
1599 13
1600 13
1601 13
