0.00705718994140625 0 7
0.16765594482421875 1 7
0.7913589477539062 9 14
1.52587890625 1 3
1.6031265258789062 10 13
2.8646469116210938 0 1
3.1917572021484375 8 13
3.7595748901367188 11 13
4.778289794921875 0 4
5.2539825439453125 7 13
6.371879577636719 3 6
7.027626037597656 3 7
7.215770788752707 8 13
7.22808837890625 2 6
7.768440246582031 10 14
7.778358459472656 0 5
8.414914103923365 1 7
8.530426025390625 8 14
8.795051509878249 3 6
8.97591431858018 0 4
9.318923950195312 11 14
9.318923950195312 2 5
9.869003295898438 5 6
10.00338377780281 1 3
10.00929549227294 11 14
10.082944304940611 9 14
10.153882383201562 8 14
10.179519653320312 12 13
10.212945938110352 7 9
10.28900146484375 12 14
10.318002869007834 3 6
10.40949821472168 3 4
10.417032241821289 1 4
10.448405401145969 0 4
10.460233688354492 2 7
10.47309763201838 1 4
10.48859417614949 0 1
10.555648803710938 11 12
10.61091423034668 2 4
10.641788289081013 3 6
10.701227188110352 4 6
10.72746590079987 11 12
10.757078732240188 12 13
10.818168041259923 10 13
10.907697677612305 9 13
10.930061340332031 8 10
10.934267302764056 11 13
10.937493915207597 8 10
10.942363739013672 7 11
10.991163270068682 2 4
11.135446986347699 11 13
11.140727996826172 1 5
11.160934899783499 11 13
11.182794154970395 9 14
11.187839199556038 2 6
11.197520169480413 7 13
11.289358139038086 3 5
11.302271482873039 0 5
11.32916521066818 7 11
11.34326108215975 8 14
11.353552457366488 1 4
11.379531669087674 2 6
11.506807069758885 0 5
11.520903691312078 3 6
11.528084957587518 1 4
11.533319435838516 11 14
11.567996760659899 0 4
11.587095260620117 1 6
11.59009261718218 0 4
11.597728729248047 8 11
11.65456771850586 4 5
11.712646484375 6 7
11.719608306884766 0 2
11.779499053955078 9 12
11.78263401258674 7 13
11.803064433210617 12 13
11.83156967163086 9 10
11.96279525756836 10 11
11.995036269359371 3 6
12.00622248322211 11 12
12.01467514038086 0 3
12.045001983642578 5 7
12.104103377288128 0 5
12.1376518475091 7 11
12.15154125211484 8 11
12.160987937559291 7 11
12.190532684326172 7 10
12.20703125 7 8
12.251357805600401 11 14
12.383117506465169 7 10
12.429581509172749 2 7
12.684880995584535 0 7
12.724018096923828 2 3
12.765484903990536 0 1
12.779473018551187 1 3
12.903976440429688 0 6
12.950367352780985 8 13
13.026809692382812 13 14
13.095275523255623 1 6
13.104706726453585 1 3
13.120696763331914 7 11
13.130121501116582 3 6
13.164791965391487 4 6
13.18753510096045 1 3
13.245561128574193 11 14
13.247268676232682 1 3
13.445343549924797 0 4
13.469911159231717 2 7
13.515084754276344 0 7
13.519882687116608 11 12
13.540436542825773 12 14
13.549725959797883 8 11
13.560959146365168 8 11
13.565636893870643 10 13
13.580923045810778 4 5
13.612847895438438 0 4
13.63144004318554 2 4
13.711706358382795 11 13
13.711738586425781 7 14
13.715934753417969 4 7
13.727599531317047 1 7
13.752763185875324 7 13
13.76664160634391 6 7
13.829638535179594 12 13
13.854837555886387 8 13
13.864568208233877 3 6
13.950646936623237 1 6
13.952442793743103 5 7
13.964465342981864 8 10
13.964875592380366 8 10
14.091386626384846 11 14
14.102743656564574 0 7
14.12705625606508 8 13
14.140169051015528 6 7
14.181924914373667 2 3
14.187706716919429 9 14
14.204023364800378 3 7
14.215126532172274 8 10
14.219302142635343 8 14
14.25812409780432 4 6
14.285250901775726 3 5
14.288202130815462 2 6
14.29253699578706 1 4
14.30491627754537 7 11
14.329246525693002 11 14
14.331178114445514 11 12
14.418118352477904 5 6
14.488986913104213 3 7
14.556593930431816 1 3
14.660441449748957 0 7
14.661216735839844 9 11
14.693658163080126 5 6
14.714686530022071 2 6
14.818525779992342 7 8
14.822785421964195 5 7
14.832755020437718 4 5
14.874976235121485 0 1
14.99412820297104 11 13
14.994901678157248 0 1
15.0238037109375 1 2
15.037155151367188 10 12
15.043506140164325 8 14
15.048599243164062 8 9
15.114817376506544 3 6
15.196852037661301 4 7
15.373600180788273 2 7
15.38555039505809 9 12
15.390584545693228 8 10
15.399204780188173 5 6
15.428519009741379 9 14
15.452878388259705 0 2
15.467838741334031 9 12
15.663362916590412 0 7
15.672285067185793 12 13
15.708727633729104 8 14
15.813510304724332 10 14
15.82127405126812 1 2
15.823775647459115 7 14
15.8751482884818 8 11
15.903505749841049 1 7
15.954656010730469 0 1
16.01329871896923 8 13
16.032040740180896 11 13
16.032059952653828 6 7
16.21282949727174 9 11
16.265733985639805 0 4
16.32875229324364 1 6
16.385767812244012 8 9
16.424804695275746 1 3
16.44020650674065 3 4
16.446770329324252 7 11
16.459272250387386 3 5
16.48043603709084 13 14
16.5447918314207 0 7
16.590829397704184 1 2
16.73051943808823 8 14
16.73212714401013 4 5
16.883196706811063 3 4
16.917648107649086 7 8
16.937802998001487 5 6
16.963774798205122 2 5
16.967718668302343 7 14
16.978944305058633 12 14
17.029129900038242 0 6
17.03666138182298 0 2
17.06737733368567 7 10
17.073330531288782 8 10
17.102580738856588 4 7
17.11534810547164 10 11
17.156921868833482 1 7
17.1846511444528 10 12
17.258562557254805 3 4
17.277914838379715 3 4
17.3034179420938 9 10
17.388871266979994 4 5
17.39959716796875 8 12
17.454760719455926 0 5
17.48750247906754 10 13
17.5736328367136 11 14
17.579585996965683 8 11
17.673621422474312 0 4
17.677622630805566 8 11
17.69982114128652 1 5
17.701711531693526 3 4
17.747219388539335 12 14
17.762460566208766 10 12
17.763857901517795 0 7
17.781771782723375 5 6
17.801524910464337 4 7
17.82181281450903 9 13
17.848773230767865 2 7
17.85576450032011 3 7
17.866717107769666 9 11
17.899562322788576 5 6
18.013643701842806 7 14
18.02632292840955 7 8
18.044308726507403 9 13
18.048192717686412 7 8
18.131038441425773 3 6
18.136077180874654 8 9
18.192934150547693 7 11
18.2098388671875 7 12
18.246867386832477 1 6
18.25229388648469 7 14
18.319870504645255 8 14
18.337512395583957 10 13
18.341547547454184 9 13
18.387826813306773 0 1
18.468194798496 1 5
18.509251557452654 3 4
18.551271925510463 10 13
18.596181675751332 2 3
18.6252094038836 11 13
18.652807111257836 7 11
18.66308956460702 3 6
18.666541765038396 9 13
18.68083361226479 10 11
18.681424121562543 10 14
18.692985997542195 11 12
18.69633138514874 2 6
18.73861988274019 4 6
18.765457886378577 1 3
18.766139073104064 0 5
18.87077021642545 1 5
18.974608632940026 6 7
19.03016803306239 9 11
19.04695469664582 2 6
19.051849901414712 1 3
19.094235015980168 7 10
19.115868293072698 5 6
19.190449242082707 1 6
19.191086998998898 10 11
19.201582093853006 11 13
19.270454726763116 0 1
19.27702974133306 9 10
19.361091177287435 1 7
19.36754010983407 11 13
19.37919436509379 1 4
19.449254209030187 8 12
19.47942920053034 9 14
19.502897945486495 7 8
19.570616045764133 0 6
19.579568347780615 0 1
19.62729179878728 1 7
19.67705843559282 12 14
19.79708728785129 9 12
19.81630332250095 2 7
19.84288596406894 11 14
19.912090200771928 5 7
19.92761001379225 2 4
20.015310617440207 1 4
20.022717637452065 3 6
20.0800617701196 7 11
20.119879017401058 10 11
20.169255407694287 7 11
20.20666380682946 4 5
20.24085438389436 8 11
20.331101674654484 0 1
20.391982564188062 0 2
20.399565881234594 7 12
20.402676195955245 1 4
20.464743780980754 12 13
20.467355936634192 0 6
20.501580740407796 3 7
20.530747476519835 6 7
20.582878434792235 11 12
20.592943126085913 0 2
20.6461199124437 7 13
20.648141056415717 12 14
20.752180126502658 12 13
20.753637170108448 11 14
20.77867153537566 0 5
20.790845654839675 0 1
20.872475843491074 0 2
20.900975501288144 5 6
20.901750530027194 9 13
20.91028585350763 1 4
20.992776062839624 11 14
20.99323387796568 7 8
21.01781217206735 0 3
21.01882310509118 1 7
21.020117224573255 8 9
21.023462403015245 7 11
21.075477971831802 12 13
21.097255111136203 7 11
21.11798580325283 7 11
21.151359018404037 7 9
21.21038781857737 7 9
21.234801149134434 8 9
21.249453228457902 2 4
21.278672070589174 12 14
21.37276713398995 10 11
21.37892647319393 6 7
21.4371850773679 6 7
21.44861450594518 10 14
21.486410039411037 2 6
21.557530899004995 4 7
21.568718618637654 3 6
21.60825719065022 8 12
21.61221326706857 2 3
21.64198392475963 7 10
21.73528465381324 11 14
21.84806425671097 11 14
21.903329359434707 11 14
21.91499046505364 8 11
21.92124648626563 0 7
21.962779835668044 0 6
21.99448700484831 9 13
22.004588827533386 10 11
22.031644067116336 8 11
22.05731711568768 7 11
22.105655028718708 0 4
22.115675653920114 10 12
22.12362345289723 1 4
22.226386432568745 0 5
22.236223110933544 7 13
22.237266964727056 8 10
22.28669380703292 1 5
22.34479612382118 8 11
22.494575787063724 5 7
22.50049873264886 0 1
22.53087544832887 0 1
22.581926218593306 9 11
22.635756312066732 0 3
22.675275823706308 3 4
22.690268135250395 7 8
22.701733696272775 7 13
22.707231964338792 2 5
22.71784805399517 0 1
22.730743203038962 8 9
22.748609290736795 0 2
22.810903927745336 9 14
22.857761655223193 8 12
22.862327482577456 2 3
22.877925606802556 9 12
22.99145110082742 0 3
23.033686613435037 11 12
23.08669616898431 5 6
23.166589854145553 7 8
23.169800527467277 13 14
23.203429633648287 1 6
23.258561490698504 10 11
23.31862812448006 8 14
23.320483677443846 7 8
23.36251141817042 5 6
23.460891080297 3 7
23.473665845119832 0 4
23.489793472393508 2 3
23.511702148005824 9 14
23.58731234157339 8 9
23.602366522688307 2 7
23.62146308661177 0 5
23.624015277913735 3 6
23.64739692340092 2 4
23.663555310975266 0 1
23.713505957284486 6 7
23.870540302578004 2 7
23.93289103074202 6 7
23.943126060936162 1 3
23.943898271210955 9 11
23.962217794828092 2 5
23.974661950371257 12 13
24.00571324671809 1 2
24.074056107644964 13 14
24.1678095323456 7 8
24.194063869166868 11 13
24.199249436146427 10 14
24.207971982055845 9 10
24.214094291170596 3 5
24.2191499476556 11 13
24.237380040816646 1 6
24.30586348722399 1 2
24.37469157851428 9 13
24.434623597964606 12 13
24.505506745053236 0 1
24.541778433731217 7 9
24.550384733364375 8 11
24.566695993661348 2 3
24.56902291630989 2 4
24.665753012968942 5 7
24.700940724756336 9 11
24.72992183208921 7 11
24.735661759645197 9 13
24.741408983384748 0 7
24.774130194575175 5 7
24.79727218279978 10 12
24.842154900243564 7 14
24.84634084834085 1 5
24.87749151923547 0 2
24.970589326275835 11 14
25.040668233758055 10 12
25.075460627057556 7 14
25.082649093837944 7 9
25.088771430118058 9 14
25.14648253476659 0 6
25.164409498554072 9 14
25.268495936288247 8 10
25.31441581345173 13 14
25.33760784495196 4 7
25.356459169487444 0 1
25.45539201668906 2 3
25.501254167551235 1 3
25.50486979087512 10 11
25.54394500962846 0 2
25.68560371591525 0 1
25.738829290285445 10 14
25.79201513778971 11 12
25.7993070781375 3 7
25.803743329553605 2 5
25.84843902161407 10 11
25.856266440494316 6 7
25.87205371780177 4 6
25.885847459039528 2 6
25.933877306290604 1 6
25.93999036288598 2 4
25.960919022933584 12 14
26.032879295143488 1 7
26.058063729334993 4 7
26.078884301849655 8 14
26.135829257727757 11 13
26.168034250893854 4 7
26.1695327116606 7 11
26.2048373805249 8 12
26.214174226591673 0 7
26.33346443648515 9 10
26.35652116781359 0 3
26.41041228274991 1 7
26.427743264149598 4 6
26.449915105289953 2 5
26.45639524003533 2 4
26.45826459181692 4 6
26.52262791608039 12 13
26.54031127494747 1 5
26.551112976013428 1 2
26.566350354435848 13 14
26.57485424108986 1 6
26.590679591795496 1 6
26.59734887873658 7 10
26.660015857326385 7 14
26.669641481052473 11 13
26.70639562418173 12 13
26.735773995670357 4 5
26.793627369778513 9 10
26.81329409724016 7 12
26.854327039848567 7 10
26.869021260999297 11 13
26.896696588082687 2 3
26.94370692860018 3 5
26.998746242240216 5 7
27.00887209835222 8 13
27.0165200985279 0 2
27.070336379510536 2 4
27.083251466931845 0 2
27.100812577177578 4 7
27.12292533020032 10 13
27.16671181796739 12 14
27.236827973675542 0 2
27.26625516346328 9 13
27.306021263249438 0 3
27.4269927042777 5 7
27.437948947974732 3 6
27.465694783888168 8 14
27.470968604191352 10 14
27.494952690200527 10 12
27.54514099792941 0 4
27.57914547647075 3 7
27.61386284409828 1 4
27.682189927926036 7 14
27.74594274388946 4 7
27.768083948394523 1 6
27.773813887455518 3 6
27.78017165918891 10 14
27.82007439726477 7 8
27.85619222356054 0 1
27.862837139626606 2 5
27.971421877698624 10 12
27.996626606502513 9 13
28.073367283080614 3 5
28.087160668090107 5 6
28.121221531457824 10 12
28.165083975512495 8 11
28.18755595931983 8 12
28.214261742764297 11 13
28.236873925175487 5 6
28.32109812621741 0 3
28.43059648782524 13 14
28.531053490841813 2 7
28.53320992759695 8 10
28.69260987121747 8 10
28.830237484611203 2 5
28.849549278957213 3 5
28.863565076367866 8 14
28.895723237612266 9 10
28.92216926340089 9 10
28.935137947078598 3 4
28.979043028187995 10 12
29.0083173611103 7 12
29.012262141127053 10 14
29.022518583715836 0 1
29.08133700213467 9 13
29.095762384314806 1 3
29.149808081196326 3 4
29.175356680430767 7 10
29.211475790227773 2 7
29.255790042280623 7 14
29.447177280472033 2 4
29.456803383376666 0 3
29.48866246013317 7 8
29.50996369358003 13 14
29.535909481170464 7 12
29.65550571449984 12 14
29.723401514987053 7 9
29.770960781915747 3 4
29.775013467693945 0 4
29.891834582091185 7 14
29.895331000267426 2 5
29.929188144389727 9 13
29.995150296336774 1 2
30.016134293522427 2 4
30.218246890145807 10 12
30.317332524931654 2 5
30.38786868844275 10 11
30.664312889288247 12 13
30.874854370342035 1 5
32.596811553829504 6 7
32.61965893345048 9 11
33.14932175426638 8 10
33.56669924244014 1 4
33.78793273332201 6 7
33.830752383506315 0 5
33.836756026839026 4 7
33.95704327023885 9 14
34.122407040471984 1 7
34.48911272312116 8 11
34.50203755409804 3 6
34.63688686282636 9 14
34.97141288256599 7 9
35.251413725843136 11 14
35.32139048440626 13 14
35.907784328792985 8 13
35.95028888161307 0 2
36.13613669976054 9 13
36.71141531220404 8 9
37.13745233230942 8 14
37.172676490661715 3 7
37.5058139253464 3 7
37.73006168936797 1 6
38.59084392495321 8 13
39.07033327853359 0 1
39.08338101894962 1 7
39.75727301274818 8 10
61.25313493519641 13 14
61.90060277729194 12 13
61.95436100343262 4 6
62.63564719020523 4 5
62.76754165234254 9 10
63.18509787281923 2 3
63.703226553107655 3 4
63.71575614606402 11 14
63.89284340624396 10 13
63.961822450320774 2 4
64.21805626649287 4 5
64.35601518630614 4 6
64.37336118377007 1 7
64.49723428438159 0 5
66.9327936356784 7 10
66.96357743514947 1 2
67.07646646657903 8 12
67.40295191440438 1 7
68.41203492708595 0 6
68.48671114156988 2 5
69.16026826083937 2 5
69.29137345179531 11 12
69.67187588106258 8 11
69.75932809271004 7 14
69.96169020767499 3 5
70.00258581884908 4 7
70.01420162110827 3 4
70.01766897522273 9 10
70.0432676196128 7 11
70.05306168887195 9 12
70.07329634794641 5 7
70.10820323408332 3 6
70.13103956338088 8 9
70.19199557479203 5 7
70.26050249180048 2 4
70.27277905069167 12 13
70.2744559090218 9 12
70.29777404946 3 5
70.34334600749875 7 9
70.4986985663738 5 6
70.51520180159584 0 2
70.54023422435029 9 14
70.55326148736928 10 13
70.58776339774316 9 12
70.59538379539099 3 5
70.63687858333638 1 6
70.65817970642271 7 8
70.68783909934348 2 6
70.72317327767526 2 6
70.74577740521141 9 14
70.75704258361051 2 3
70.86487278602564 7 10
70.89567695083028 4 6
70.90479067949927 9 11
70.96068263931892 2 3
70.96584606542339 1 2
71.0110699211322 7 11
71.05947376947668 9 14
71.07505287315078 3 4
71.09860004267287 0 7
71.15575026706304 2 7
71.22281878335636 1 5
71.24731329535535 12 13
71.28644502754898 4 7
71.29323795050388 10 13
71.39709544828187 8 9
71.40853241522274 7 9
71.48820287543194 7 12
71.62223813278047 2 3
71.70642240484395 5 7
71.78935580408303 4 5
71.80614604816083 2 5
71.8300467981657 0 1
71.8483381269127 11 13
71.85528502998916 12 13
71.90515307678504 1 7
71.91327309322217 1 3
72.06984320484929 7 10
72.07968485403134 1 7
72.2396991342263 1 7
72.28254711718401 1 2
72.29981925105533 2 6
72.36086100653182 10 14
72.39969883856074 12 13
72.46207748058869 8 9
72.46720650240631 0 3
72.49167771542278 3 7
72.50440411859631 4 5
72.58291690020536 8 12
72.61129669305038 0 2
72.6440463049277 12 14
72.64603311590187 1 2
72.66978003176789 9 12
72.72906620348442 10 14
72.83807611172286 9 12
72.85726464760683 2 3
72.86342089372837 9 11
72.8897781524397 0 7
72.95618389098831 0 2
73.00477639377388 7 10
73.02471490851622 10 11
73.11308076782178 4 7
73.13026763934539 1 7
73.13997150465252 0 3
73.16941850230774 0 7
73.22528774915232 9 13
73.25822706762193 9 13
73.28012154395995 9 12
73.28017916232717 2 3
73.30240724386184 13 14
73.32299714231023 2 7
73.3239420408515 1 4
73.32546543658589 9 10
73.34701981305247 11 12
73.40140322689155 10 12
73.49370959157304 8 9
73.54031019162841 1 3
73.5910614400926 4 7
73.676475842327 9 11
73.74563574696317 3 7
73.7775871034066 12 13
73.7862455912483 11 13
73.86881838469506 7 10
73.99970996163535 11 12
74.05715120987308 7 12
74.09474157458783 3 6
74.14331919864902 7 10
74.15536178256995 1 2
74.24471310905349 3 5
74.40438762928981 2 4
74.46855701166339 3 4
74.47458007322524 1 4
74.54500193014442 9 14
74.55938801498772 7 10
74.56300554696436 3 4
74.58223489931538 4 6
74.60899658480824 1 2
74.61062192095633 4 7
74.76895882152266 2 6
74.85063692603268 3 5
74.91659349565629 0 7
74.92825033842003 9 12
74.93578484782353 7 9
74.99215722429093 3 6
75.01209217239878 9 14
75.01976068838195 4 5
75.05256753317074 2 4
75.12043107704031 5 6
75.12528186705732 9 11
75.1619170446924 8 10
75.16356722626264 0 6
75.22263860785775 2 7
75.25429757456618 2 4
75.26825456593151 10 13
75.27648359474652 5 6
75.27873855645339 10 13
75.28159384473523 4 7
75.35313267778736 3 4
75.41358270956587 9 13
75.42381355008095 7 11
75.43119385577208 10 11
75.48386593315342 10 11
75.56849693702421 8 11
75.5946039083006 7 11
75.59637565741329 1 4
75.60984544700693 1 3
75.62019185337053 2 3
75.62357259691251 7 9
75.64200884469739 11 14
75.87086163828626 4 5
75.91422778520416 2 7
75.96464123442502 5 7
75.97519812095209 10 13
76.06735817069656 3 4
76.09991696191496 0 6
76.10478748401925 1 5
76.11036732976675 10 11
76.13550762342041 12 13
76.1764794557402 3 4
76.2104052261773 3 6
76.35281668936597 0 1
76.36343441783058 8 13
76.44561381049976 0 5
76.46192970633186 7 12
76.46926812414927 9 12
76.51085301336634 4 5
76.54844935662655 3 6
76.57640477284086 7 11
76.64619247857527 7 9
76.64859990778214 10 13
76.73950342699183 1 3
76.74047418934293 9 10
76.742944584937 0 7
76.76347605967624 0 4
76.77838113904136 10 12
76.77857879622547 12 14
76.78696786316672 1 2
76.80255351569474 8 14
76.81243762514558 4 5
76.8443656245503 8 14
76.85694504611247 1 2
76.90179139012298 9 13
76.96442139795927 3 5
77.0309383584152 0 6
77.05037916597006 4 6
77.07083938591884 10 12
77.08329262504785 3 5
77.09092121458228 0 7
77.09356746236658 9 10
77.15637599665071 3 5
77.1669092266747 3 5
77.16938106948263 7 8
77.18908229578176 7 11
77.2471428429586 8 9
77.29899614128058 2 7
77.30420927956905 8 10
77.33320275160247 0 5
77.35329351409959 11 12
77.366354640954 8 13
77.37793008110731 8 10
77.41135319406254 7 12
77.48171439444741 7 8
77.48577371925688 0 5
77.54188628258197 2 6
77.5874739210671 2 7
77.63327257247681 7 14
77.67400751495049 5 6
77.69364538614893 3 7
77.76080287618062 1 7
77.77084099169579 4 7
77.80895489761463 3 5
77.81196478757911 0 5
77.83969854345952 7 12
77.84187497258449 8 13
77.91715036058267 2 7
77.96590873032767 9 14
78.06744848025934 13 14
78.09230855391472 6 7
78.10077769608725 10 14
78.12305628430063 2 6
78.15953654877362 7 11
78.18950371705559 7 12
78.19614878639723 11 14
78.20075287878153 10 14
78.21160493623591 10 14
78.23644600869449 1 5
78.31332819358353 2 7
78.32150969981248 2 6
78.38717710224948 3 6
78.4037318719891 11 13
78.4678247601623 3 4
78.47911112489606 7 11
78.48155016942553 8 14
78.49984467130608 10 12
78.526331586076 7 10
78.5423497658308 10 12
78.59659089833212 3 6
78.69222989739046 0 3
78.71752246619569 7 10
78.74481596296286 8 12
78.7638364772852 2 5
78.77748425722656 8 10
78.80795991585302 0 6
78.81577958975788 0 3
78.81873447620424 0 4
78.85713913454808 0 1
78.92349416870678 11 14
78.99068309529821 3 6
78.99621089617392 7 14
79.00574201906939 8 13
79.01700919973698 4 5
79.07400855738089 8 14
79.07819189518989 0 6
79.10163471683583 7 10
79.10580439776305 2 4
79.1131023269966 5 7
79.12298900425341 8 13
79.14523987641087 8 12
79.17245010404096 3 6
79.18238044993801 0 3
79.18853689035038 9 12
79.19148730590669 2 4
79.27105690606713 0 2
79.35838495907515 3 5
79.38178309311711 3 6
79.47346049688323 0 5
79.47672052639786 9 12
79.47903891598347 11 13
79.59657382566601 4 7
79.59852431314177 0 7
79.63158513599899 9 11
79.63272165316417 3 7
79.64587098467041 0 1
79.73776340736268 9 10
79.76592484252753 12 13
79.82581405238192 9 11
79.83499811601027 8 12
79.83737164224172 7 12
79.85930966128166 4 5
79.96109184149815 10 12
79.98598090707397 12 14
80.01852399651474 12 14
80.03930745831644 9 13
80.04062777213272 7 10
80.07154071857032 7 13
80.24238379294589 11 14
80.25103169791599 8 10
80.25942578204871 9 12
80.31233946152264 0 6
80.34295083661948 11 13
80.34822380824885 1 3
80.35644230291913 9 11
80.36444678033098 7 10
80.41246569255168 7 8
80.53472711718356 12 14
80.53612292326339 3 6
80.56376339381946 8 9
80.57524713188516 9 10
80.62813208678028 4 7
80.73727576500988 7 8
80.75670751907634 8 14
80.76953402617488 8 10
80.770746671935 8 14
80.81313104755552 0 2
80.88701241337859 8 14
80.9134702060071 2 3
80.9343381709395 9 14
81.01103195643975 1 3
81.01728724055096 9 11
81.03872231281031 2 7
81.06747141808839 4 5
81.0706531194453 12 13
81.11740031265275 2 4
81.15889340679897 12 13
81.19558980036555 11 12
81.25327713378228 11 13
81.34916187321468 0 3
81.46569092006732 5 7
81.67875697322435 7 9
81.71766825836747 0 1
81.76440054859172 3 7
81.82608951902567 9 11
81.83379096690904 9 10
81.83464804275056 3 5
81.84160484657986 1 6
81.85324340626347 7 11
81.88485271300803 12 14
81.95982464904631 2 5
82.00626390435022 7 11
82.0285027099749 5 7
82.05518062288499 8 14
82.10170941271838 2 4
82.12283042284177 0 2
82.1420675346746 2 7
82.1665705474766 2 5
82.20226820971297 2 3
82.22610276497775 7 11
82.24418217241261 0 1
82.28225983155936 8 14
82.2894030350559 1 3
82.30365697057974 4 5
82.32436580829149 7 9
82.33330062938819 2 6
82.42892490494293 2 5
82.46693132012913 12 14
82.47106609645192 1 4
82.47951287894524 7 11
82.49715821141987 0 2
82.72401612032098 2 4
82.75683188372358 7 13
82.80575442375543 11 13
82.81984881976177 10 11
82.87002037103716 7 9
82.92358581554055 2 4
82.95439171012717 7 10
83.15461923071089 0 5
83.17990951382393 10 11
83.1906671352067 0 4
83.23356194231715 1 3
83.30590914308459 9 14
83.33166614130394 12 14
83.41500444500164 10 13
83.46018435618313 9 11
83.46538929870007 4 6
83.47855877212436 10 11
83.50205947538066 10 13
83.5134999466562 3 7
83.53453111084973 4 5
83.57642854466688 8 13
83.6174772571475 1 4
83.63784319712181 1 2
83.66532877097109 5 6
83.69863050179998 1 7
83.72794279760765 0 1
83.75200362399295 12 13
83.78553371237642 0 7
83.87602798746505 7 14
83.88506308639927 2 3
83.96742621951296 0 6
84.01849000340087 3 5
84.07474252628235 11 12
84.21379306398337 1 2
84.2293306471689 2 3
84.29128667549988 6 7
84.33121343008108 4 6
84.33188373647991 0 7
84.37871503905308 0 2
84.38583601375313 12 14
84.39373183825565 0 2
84.47007163801732 0 4
84.53361527228377 4 6
84.53835894786991 12 13
84.5419863088803 12 13
84.58029221100969 0 5
84.62024672652662 0 5
84.684952845207 0 1
84.7598048329915 5 6
84.7998951065442 4 6
84.81019913659497 10 11
84.81125948754308 7 13
84.8584198111325 11 13
84.88080334635505 4 7
84.88913280704625 2 5
84.93911239735915 0 3
85.03724900932205 0 7
85.04236910191015 11 12
85.04720456082134 13 14
85.07295552453823 4 5
85.1257793251643 10 11
85.1343591812141 8 10
85.15766462978198 5 7
85.16565690795075 4 6
85.20584948656295 11 13
85.24562768790173 7 11
85.27865068916972 1 5
85.30337667329806 7 13
85.31840468687449 4 5
85.32338350201357 9 14
85.3481734643803 5 7
85.3706378201712 13 14
85.44218428375024 5 7
85.48831656919299 3 5
85.59723908026001 0 4
85.5992339536401 4 7
85.62466506973414 1 5
85.65639847695954 7 11
85.78156803616706 0 1
85.78710964215205 3 5
85.85271163296409 7 13
85.87556607036024 11 13
85.87849315335217 0 1
85.89660899447912 4 5
85.89973144747145 11 13
85.97097285055688 8 11
86.03902733435983 12 13
86.05975703006115 1 4
86.11584069686222 8 14
86.11954043277535 0 7
86.12100802930999 1 2
86.1224058770672 7 9
86.13285409267766 1 7
86.17559397520068 0 5
86.19773628226832 0 2
86.23226071230332 0 4
86.24068269721806 1 5
86.2473481569042 3 4
86.27607183057341 0 6
86.4041318100061 1 3
86.50057119960732 3 7
86.53330088628024 10 12
86.54526906052027 0 6
86.63597232847104 8 14
86.6709500448955 1 5
86.67906386485211 7 13
86.733335622796 10 14
86.74891631502373 9 11
86.75384748945388 9 14
86.7882787314463 7 13
86.80768203847913 2 3
86.82674043008106 1 6
86.82798884092324 6 7
86.86704251011501 7 14
86.87970798750314 11 14
86.88021054957264 4 5
86.89972504953752 7 8
86.98359075479195 0 6
87.0140444818827 0 2
87.11354721981948 4 6
87.11810350227182 8 12
87.22237730477269 7 12
87.23293921344626 1 4
87.30509199247041 0 5
87.42354447087456 8 10
87.46208437834238 7 13
87.4795018414843 0 7
87.49453454890926 2 6
87.57315751137392 5 6
87.58538926263549 7 10
87.59434535429463 0 7
87.59975098315093 0 2
87.60788381225161 7 12
87.60789207619071 8 13
87.62151616135401 0 6
87.69828718473617 9 12
87.69999608132099 0 6
87.7530677313641 10 14
87.7999790250675 9 11
87.82689578390782 7 12
87.91221455346235 8 12
87.95337052862075 1 4
87.96472203404912 1 6
88.0607039211935 1 7
88.07220774314399 10 11
88.12582555617496 9 10
88.13118202082374 8 14
88.20407566027335 8 12
88.24347130449723 8 12
88.3338021304143 0 6
88.38346070969715 2 7
88.42595937523923 9 10
88.4546044894686 11 14
88.50536124596626 0 6
88.5208187894631 9 10
88.53275902494084 8 10
88.59547903639718 2 7
88.59667467101086 9 13
88.62540657553585 9 13
88.71439413511158 7 12
88.83495130691173 1 3
88.86726023096674 12 14
88.95679159137363 8 9
89.02241985732614 7 10
89.03753430930234 5 6
89.05008563188994 7 12
89.07672180831264 3 7
89.10074918646154 7 10
89.13306368473546 1 6
89.1698114730641 6 7
89.17304355286589 2 3
89.18173076555408 1 6
89.25258964045263 7 10
89.30107849084912 3 5
89.30579703095808 3 6
89.30639590255407 2 4
89.31215926015811 3 5
89.31698525913839 3 7
89.36438324476612 10 14
89.44032875309406 9 14
89.48327368853897 7 14
89.49807650339392 1 4
89.52345374187291 8 13
89.7500574271821 10 14
89.84102715599161 2 4
89.86041729038422 9 11
89.88652174749599 0 7
89.93983921847882 11 14
89.97968684240772 2 4
90.06178746023215 1 5
90.32358794075432 7 12
91.28547168629521 11 14
91.34770091139436 10 14
91.66277838284114 1 2
92.25791163627156 1 5
92.76987353223933 9 14
93.2183901963141 8 11
93.44102401058232 7 11
94.39816123639281 7 8
94.5617546962144 0 3
95.23685164294471 3 7
95.90790863274975 3 5
96.44911449903975 11 13
97.56179369465833 9 13
97.6430128593159 2 6
99.22248230491063 2 7
99.23337164186188 7 11
99.3003605501988 7 9
99.30747583835183 11 14
99.31922356457127 0 3
99.36016170998056 0 6
99.54293574281516 0 3
99.82163840076342 7 12
99.93004809223494 8 11
