110 1.0
103 0.916192786729
114 0.910299384933
102 0.906448600225
96 0.904151755154
94 0.904138389503
99 0.903852283704
92 0.903728028788
93 0.90045134934
91 0.899908918407
88 0.899876099861
89 0.89934334536
83 0.899313116795
85 0.899294471154
86 0.897703418195
77 0.896735874201
78 0.896433425029
80 0.896428470815
124 0.893234323315
75 0.893083298047
74 0.89271983484
120 0.891333711899
68 0.890191540031
66 0.890076720077
65 0.889994724691
64 0.889349291805
63 0.88934667772
56 0.887886327177
60 0.887117616248
53 0.878042955814
115 0.877370231038
123 0.874961006641
52 0.872687876203
119 0.86748520741
48 0.86275163097
125 0.860219489963
41 0.856551916993
45 0.856117350957
36 0.854869401106
38 0.854869401106
39 0.853805539137
29 0.852533049329
26 0.852047746327
18 0.851415660492
23 0.851380105563
19 0.851255116575
20 0.851095760204
17 0.851085633417
14 0.850943963541
11 0.850080503421
10 0.847950471893
8 0.847699752206
9 0.845919597429
7 0.843946940635
132 0.823735288751
133 0.823735288751
134 0.821068054172
136 0.816049918499
135 0.813170363457
140 0.809287125801
138 0.802653812476
143 0.771722111065
149 0.749885490429
5 0.747955241105
152 0.738079352451
159 0.705759531995
163 0.697675274992
164 0.694326457391
167 0.694052816268
166 0.694051176772
169 0.692884294753
170 0.690862359839
176 0.687544544317
174 0.687367168569
173 0.687209761721
179 0.686113601822
182 0.685198394375
178 0.684791881582
185 0.684390710517
186 0.684369232708
190 0.683388837174
189 0.68325084701
188 0.683173621004
195 0.683107693367
191 0.6828802853
194 0.682264261734
196 0.681702870389
199 0.681277301828
202 0.681191083666
203 0.681054877395
209 0.679485385526
210 0.678642975013
213 0.678179375485
212 0.677587378261
215 0.677090834736
217 0.67645190916
220 0.676200516435
223 0.676127998536
222 0.676042066549
224 0.67602532313
1 0.640653971477
2 0.640646145131
3 0.639705664965
228 0.000259486840679
243 2.70904886265e-07
230 2.51717494244e-07
232 2.43393206458e-07
235 1.62558779562e-07
239 1.51038744462e-07
242 1.50126684409e-07
234 1.49568535837e-07
265 1.48301594797e-07
257 1.46564590648e-07
255 1.46057210051e-07
250 1.45944747829e-07
252 1.4519691999e-07
244 1.43717927147e-07
247 1.43020597108e-07
249 1.42468146779e-07
236 1.40002479072e-07
270 1.39169747133e-07
261 1.35755488003e-07
268 1.35595027315e-07
238 1.35508887514e-07
248 1.35098950602e-07
229 1.35014514639e-07
233 1.35007932468e-07
269 1.34376020302e-07
241 1.34067494762e-07
240 1.33859423314e-07
258 1.33656701257e-07
253 1.32272010517e-07
276 1.31982550759e-07
251 1.31668866143e-07
245 1.31604418328e-07
237 1.31402440226e-07
256 1.31192500912e-07
273 1.30568061858e-07
254 1.303528694e-07
260 1.30074409889e-07
231 1.30046467648e-07
282 1.29686870875e-07
290 1.2927611806e-07
267 1.28604027281e-07
262 1.28076582657e-07
296 1.27237486856e-07
274 1.27191556867e-07
283 1.27174655263e-07
285 1.26944950519e-07
259 1.2681513918e-07
266 1.26707352315e-07
291 1.26668226132e-07
287 1.26603052153e-07
300 1.26437362262e-07
271 1.26329449204e-07
277 1.26276927985e-07
246 1.26250642708e-07
297 1.26031836836e-07
292 1.2598306657e-07
264 1.25758300598e-07
280 1.252546872e-07
263 1.25144425778e-07
278 1.25060617356e-07
272 1.24982812349e-07
302 1.24959678293e-07
288 1.24823234025e-07
281 1.24670560472e-07
294 1.24599222111e-07
301 1.24478049688e-07
299 1.24302993074e-07
279 1.24196133352e-07
298 1.24052986309e-07
286 1.23782454195e-07
275 1.2345043754e-07
284 1.22363105499e-07
295 1.21792047822e-07
303 1.21264933275e-07
293 1.21159302482e-07
289 1.21125493285e-07
307 1.20885192275e-07
305 1.20852701223e-07
314 1.20595100124e-07
306 1.19779937952e-07
304 1.19414266398e-07
315 1.19293744146e-07
309 1.1914898128e-07
310 1.18370727314e-07
308 1.18329431397e-07
313 1.17078469515e-07
311 1.16988830858e-07
316 1.16863534872e-07
318 1.16570836566e-07
312 1.16283081224e-07
323 1.15894829062e-07
321 1.15680578907e-07
317 1.15058145072e-07
322 1.14626990651e-07
327 1.14312288481e-07
320 1.13762389976e-07
319 1.13620674629e-07
335 1.13062046942e-07
325 1.12263355164e-07
324 1.12206660925e-07
329 1.12095542607e-07
332 1.11820833106e-07
333 1.10800290707e-07
346 1.10630931639e-07
340 1.10618702136e-07
334 1.10529570006e-07
336 1.10326873833e-07
330 1.09950495874e-07
341 1.09804441896e-07
331 1.09526553588e-07
344 1.09497349146e-07
326 1.09486552214e-07
328 1.0928542981e-07
338 1.08722784162e-07
337 1.08577622863e-07
339 1.08096801785e-07
342 1.0771974277e-07
345 1.0741372852e-07
343 1.06954405241e-07
347 1.06116212973e-07
355 1.05261700683e-07
351 1.04955538012e-07
348 1.0484667996e-07
353 1.04726410562e-07
361 1.04209688706e-07
356 1.03782818928e-07
349 1.03446393293e-07
350 1.03277239067e-07
364 1.02873462965e-07
358 1.02815352854e-07
357 1.02610714414e-07
354 1.02500706271e-07
352 1.02346418633e-07
367 1.0216201578e-07
360 1.01863767276e-07
362 1.0178685257e-07
368 1.0154831336e-07
365 1.01412140509e-07
366 1.01301304682e-07
363 1.01041653191e-07
359 1.00942773105e-07
369 1.00826108689e-07
372 9.93913392205e-08
370 9.89684460507e-08
375 9.84802003463e-08
371 9.83139531049e-08
374 9.79959666956e-08
379 9.71813156642e-08
376 9.65818316632e-08
377 9.63269276711e-08
373 9.5817228856e-08
380 9.57222976552e-08
378 9.56886702159e-08
387 9.43738535472e-08
382 9.39415364157e-08
385 9.35626831085e-08
383 9.35223619296e-08
381 9.34131900592e-08
386 9.27797976156e-08
388 9.27430003159e-08
384 9.17183483696e-08
390 8.98652966627e-08
392 8.95160440845e-08
397 8.93192140333e-08
396 8.91334380964e-08
394 8.90751419684e-08
391 8.84735431989e-08
401 8.84399321741e-08
393 8.82962029045e-08
389 8.81755442435e-08
398 8.77610907271e-08
399 8.72526363773e-08
395 8.71828710445e-08
404 8.61477500272e-08
411 8.57774404041e-08
408 8.53032544353e-08
417 8.52205680468e-08
402 8.50721428795e-08
407 8.47162585593e-08
412 8.47161031324e-08
403 8.46179596698e-08
400 8.44625677016e-08
413 8.4393337567e-08
406 8.41799906847e-08
405 8.40431341841e-08
420 8.40289466585e-08
415 8.3929175355e-08
422 8.32499834226e-08
414 8.3065914757e-08
410 8.21004570986e-08
421 8.20770011773e-08
409 8.19435311595e-08
419 8.16601252116e-08
416 8.12598481963e-08
429 8.09685537895e-08
431 8.0446885134e-08
432 7.99806773471e-08
433 7.92521960468e-08
440 7.90802404121e-08
425 7.90014475041e-08
430 7.87465526972e-08
437 7.83646031004e-08
428 7.82357633046e-08
418 7.82190319856e-08
443 7.80484999952e-08
441 7.8015109751e-08
424 7.79064745738e-08
427 7.77918884e-08
435 7.76436612449e-08
426 7.71444383317e-08
423 7.70724493324e-08
439 7.67913746826e-08
434 7.65773045655e-08
448 7.64374235514e-08
442 7.61704848907e-08
449 7.59466984817e-08
436 7.58712331238e-08
438 7.5825546755e-08
444 7.56740052465e-08
445 7.54301632635e-08
450 7.52126745185e-08
453 7.50802056869e-08
459 7.47768879653e-08
456 7.46614168981e-08
451 7.43919840518e-08
457 7.4345336435e-08
452 7.42680741067e-08
458 7.3970161507e-08
447 7.39528647182e-08
461 7.39236935155e-08
455 7.3834557075e-08
446 7.36792612601e-08
460 7.34466174696e-08
462 7.3279577424e-08
463 7.31109173276e-08
454 7.30459348585e-08
465 7.3005141275e-08
467 7.26643721378e-08
464 7.26201000731e-08
471 7.22880367124e-08
466 7.20277781059e-08
472 7.19933491253e-08
469 7.18221663264e-08
476 7.15232020316e-08
475 7.14773643843e-08
478 7.13918096285e-08
468 7.12473040853e-08
470 7.12232898615e-08
481 7.09553795125e-08
474 7.08919724019e-08
473 7.08618640935e-08
480 7.06346619133e-08
477 7.04370777408e-08
492 7.0151365536e-08
488 6.98427600778e-08
491 6.98223993207e-08
494 6.97541840879e-08
482 6.97027134967e-08
490 6.9587558893e-08
485 6.92688834653e-08
486 6.92688832781e-08
505 6.9235028045e-08
483 6.91217258779e-08
479 6.89977343218e-08
489 6.8994084524e-08
484 6.89760673732e-08
493 6.8969709737e-08
487 6.89292551058e-08
504 6.85619505869e-08
499 6.84771326063e-08
498 6.76652951832e-08
500 6.74089861196e-08
502 6.72811307721e-08
509 6.69892460699e-08
496 6.68051198927e-08
507 6.67066611068e-08
497 6.67050350148e-08
501 6.66544466417e-08
503 6.63790423614e-08
495 6.63401664598e-08
515 6.5747143572e-08
508 6.57106012163e-08
506 6.51221175127e-08
510 6.50004044773e-08
512 6.4916029829e-08
514 6.47169606551e-08
528 6.36010208606e-08
518 6.34078901163e-08
521 6.33255476963e-08
511 6.31157821459e-08
516 6.30538410166e-08
532 6.26329009445e-08
513 6.2249655001e-08
522 6.2144249431e-08
534 6.17601723418e-08
535 6.13500356657e-08
523 6.1257803416e-08
517 6.12179930677e-08
536 6.11371542933e-08
520 6.07715016932e-08
525 6.07101515309e-08
519 6.06981704533e-08
529 6.05065959225e-08
526 6.02842808985e-08
531 5.99764337848e-08
527 5.98768685976e-08
524 5.94879082559e-08
530 5.84502256482e-08
537 5.79668945962e-08
533 5.79613949753e-08
538 5.76342944728e-08
543 5.75708912213e-08
540 5.73507134296e-08
542 5.72974966208e-08
541 5.69264763321e-08
539 5.64651935134e-08
545 5.62204011825e-08
544 5.61311807419e-08
547 5.585503131e-08
551 5.51881357407e-08
556 5.47696500064e-08
553 5.43859883782e-08
554 5.43569771189e-08
550 5.42556733608e-08
546 5.41600152729e-08
549 5.38087393632e-08
558 5.37135765771e-08
548 5.36836556779e-08
555 5.34608952967e-08
557 5.31445556194e-08
560 5.29612319059e-08
552 5.25899069254e-08
561 5.24952275404e-08
559 5.22896322056e-08
565 5.2250179148e-08
562 5.20752199952e-08
564 5.18108288027e-08
563 5.1723608084e-08
567 5.15267022445e-08
566 5.1317440714e-08
569 5.13037782564e-08
570 5.09739591385e-08
576 5.07747152517e-08
577 5.07680730171e-08
575 5.05177411839e-08
572 5.04712670446e-08
574 5.04038225387e-08
573 5.03419791565e-08
568 5.01823194376e-08
578 5.01783677285e-08
571 5.00901655465e-08
585 4.99345083482e-08
581 4.96652303543e-08
586 4.96157106966e-08
580 4.95949133059e-08
579 4.95878341147e-08
583 4.95229718426e-08
588 4.9495930588e-08
590 4.9450058681e-08
589 4.94339707458e-08
591 4.93737302584e-08
592 4.93348974111e-08
582 4.93296861673e-08
584 4.92635381265e-08
599 4.92401068321e-08
601 4.9231837981e-08
597 4.89631410591e-08
596 4.89596265305e-08
606 4.88557452311e-08
593 4.88172219612e-08
598 4.86551099697e-08
604 4.8629638788e-08
600 4.85113858159e-08
595 4.84711151699e-08
587 4.83991358925e-08
594 4.83498524681e-08
608 4.8289403241e-08
615 4.8230494333e-08
614 4.81943232178e-08
617 4.81090753364e-08
609 4.80739840391e-08
605 4.79692614868e-08
611 4.79403996778e-08
603 4.78772334249e-08
626 4.7738770547e-08
623 4.76390359876e-08
602 4.75693480299e-08
616 4.75326379725e-08
627 4.75084931993e-08
619 4.73869717462e-08
629 4.73509078586e-08
621 4.71865482563e-08
612 4.71776161108e-08
630 4.71466766396e-08
631 4.71466746998e-08
607 4.71346695019e-08
610 4.675567938e-08
613 4.67076010936e-08
633 4.66700047396e-08
620 4.66475596735e-08
618 4.65752763188e-08
634 4.6465118351e-08
628 4.64482836008e-08
622 4.60214761586e-08
625 4.60195590822e-08
632 4.60099582729e-08
624 4.59764998211e-08
644 4.59407244574e-08
649 4.57516200085e-08
636 4.56270878159e-08
638 4.56263094782e-08
635 4.55452494664e-08
637 4.54815483233e-08
639 4.53760573468e-08
640 4.53435724973e-08
645 4.53331564833e-08
641 4.5317937403e-08
646 4.52762009529e-08
642 4.51267088407e-08
643 4.50629302949e-08
647 4.49177207604e-08
648 4.48034827823e-08
652 4.47577428322e-08
656 4.47408219793e-08
650 4.46571569046e-08
654 4.43324530142e-08
659 4.42607906249e-08
653 4.41833613368e-08
660 4.40728303385e-08
658 4.39832142102e-08
655 4.37785793029e-08
664 4.36931243449e-08
651 4.36794550165e-08
661 4.34851700459e-08
657 4.341972328e-08
666 4.33797235757e-08
663 4.33337061414e-08
665 4.33332804129e-08
667 4.30332613603e-08
668 4.30243653791e-08
670 4.28244841293e-08
662 4.25901227254e-08
671 4.24682004744e-08
669 4.24611759942e-08
675 4.24168687029e-08
673 4.2203663427e-08
676 4.20483858945e-08
677 4.20029910237e-08
679 4.19575374562e-08
672 4.15720020248e-08
682 4.13464786649e-08
684 4.12818387281e-08
674 4.12435011843e-08
678 4.09341126341e-08
680 4.09002765487e-08
686 4.0761108791e-08
683 4.0753639832e-08
681 4.06850281335e-08
687 4.04424144253e-08
688 4.02733389626e-08
692 4.02631572173e-08
696 4.02427761602e-08
689 4.02366557729e-08
693 4.01111227742e-08
697 3.99718937549e-08
691 3.99688911357e-08
685 3.99161719745e-08
695 3.9812069781e-08
700 3.9673041137e-08
704 3.96688573854e-08
703 3.96500368626e-08
705 3.9616708878e-08
702 3.95715672286e-08
690 3.95540143038e-08
706 3.94402650214e-08
717 3.93943785907e-08
698 3.92085957232e-08
707 3.91897980978e-08
694 3.91690952397e-08
713 3.90781039497e-08
711 3.90663944212e-08
712 3.90627913662e-08
709 3.90212197682e-08
714 3.90122925945e-08
701 3.89358820735e-08
708 3.88563222168e-08
699 3.8841148491e-08
710 3.88153348832e-08
715 3.87004010643e-08
718 3.79936523469e-08
719 3.79518579437e-08
716 3.79137354778e-08
720 3.79108459769e-08
724 3.78869503043e-08
729 3.78648176911e-08
723 3.76901118966e-08
727 3.75079469753e-08
730 3.74665941086e-08
722 3.74306571019e-08
731 3.74275599121e-08
721 3.73912372895e-08
725 3.73371986946e-08
735 3.72009158967e-08
726 3.70246765387e-08
738 3.69358178205e-08
728 3.68880314075e-08
737 3.68877773146e-08
732 3.68445017898e-08
741 3.68440629988e-08
734 3.6728121925e-08
739 3.66645595579e-08
736 3.66388353343e-08
733 3.65925118023e-08
740 3.65628419596e-08
742 3.65044309459e-08
744 3.64576212858e-08
750 3.62284771365e-08
752 3.61543788347e-08
747 3.6150775454e-08
745 3.61326969207e-08
743 3.61136663332e-08
746 3.59930312008e-08
753 3.59800143655e-08
754 3.58453332092e-08
749 3.56869912141e-08
751 3.55926313122e-08
748 3.55086272897e-08
756 3.54263403378e-08
761 3.54010205702e-08
755 3.53201061072e-08
757 3.50930734353e-08
759 3.5025086049e-08
764 3.50186131076e-08
763 3.49839970026e-08
762 3.49507995601e-08
758 3.48954275225e-08
765 3.47965161251e-08
760 3.47294952079e-08
766 3.47217801438e-08
768 3.46323330045e-08
767 3.44219275655e-08
772 3.43921195367e-08
775 3.42297231042e-08
227 3.41904327599e-08
770 3.4181035945e-08
771 3.41778630461e-08
778 3.41657769629e-08
773 3.40983297783e-08
769 3.40269231374e-08
776 3.40008629484e-08
780 3.39761005965e-08
779 3.39114098137e-08
795 3.37113744717e-08
782 3.36222167503e-08
777 3.35490145472e-08
786 3.34699215473e-08
774 3.34679906038e-08
784 3.34297708632e-08
799 3.32969004138e-08
783 3.32943327053e-08
789 3.32338470051e-08
793 3.32338115011e-08
787 3.32281364166e-08
792 3.31988993821e-08
785 3.31803257249e-08
790 3.31612442504e-08
791 3.315959427e-08
805 3.31374923519e-08
797 3.305365687e-08
798 3.30243807524e-08
801 3.30028190511e-08
781 3.29523341751e-08
811 3.29348021787e-08
813 3.29134160026e-08
816 3.29121415971e-08
807 3.29035766825e-08
830 3.28640583361e-08
804 3.28605998109e-08
829 3.28574205808e-08
820 3.28225740383e-08
788 3.28117954813e-08
817 3.28108375647e-08
794 3.27844118923e-08
823 3.27572219909e-08
812 3.27551264886e-08
796 3.27291850503e-08
822 3.27213712409e-08
828 3.27191093535e-08
803 3.27145244214e-08
843 3.2694119877e-08
833 3.26928950202e-08
818 3.26829658147e-08
839 3.26780014557e-08
847 3.26693987757e-08
834 3.26657881046e-08
810 3.26579076983e-08
814 3.26406758982e-08
800 3.26312967023e-08
842 3.26300814008e-08
826 3.26109045761e-08
824 3.26091096113e-08
836 3.26058968816e-08
827 3.2597535749e-08
815 3.25971923054e-08
802 3.25949026487e-08
819 3.25901565219e-08
848 3.25892638159e-08
808 3.25886818949e-08
844 3.25813446422e-08
849 3.25639523294e-08
825 3.2554768676e-08
835 3.25467387607e-08
821 3.253099616e-08
806 3.25173048449e-08
809 3.2516657246e-08
838 3.24995430756e-08
846 3.24981718126e-08
840 3.24743299133e-08
837 3.24681451442e-08
841 3.24320519019e-08
845 3.2423368806e-08
831 3.24232905245e-08
832 3.24232861825e-08
226 3.20038793011e-08
225 2.2865031424e-08
850 7.55746674504e-10
852 6.21142700991e-10
851 3.23032074793e-10
216 1.35362086966e-10
218 1.33813985901e-10
221 1.31086203344e-10
219 1.16513112829e-10
214 1.13069800687e-10
211 1.11982197351e-10
207 1.04408673201e-10
206 1.03695230524e-10
208 1.03152457164e-10
205 1.0217869629e-10
204 1.01655196534e-10
201 1.00498125504e-10
197 9.95067235412e-11
200 9.90298472506e-11
198 9.77620819834e-11
192 9.35710239189e-11
193 9.25907308744e-11
187 9.05981812448e-11
184 8.71751416071e-11
181 8.70726660399e-11
183 8.68517516247e-11
180 8.66486505903e-11
177 8.48423179129e-11
172 8.34832394292e-11
175 8.30611243038e-11
171 8.18502369783e-11
168 7.88057507062e-11
162 7.32660822243e-11
161 7.32255007077e-11
160 7.24462913062e-11
156 6.97642055476e-11
154 6.97575079042e-11
165 6.80407285591e-11
158 6.7543280828e-11
145 6.70412333602e-11
151 6.68357604459e-11
146 6.56970229745e-11
155 6.56350477051e-11
157 6.55912081868e-11
144 6.55486087129e-11
153 6.53851530467e-11
150 6.50442186993e-11
148 6.43087883487e-11
147 6.42724430417e-11
142 6.29309952934e-11
139 6.25175812029e-11
141 6.19719453483e-11
137 5.56635716849e-11
131 5.34410473852e-11
130 5.09982267054e-11
128 5.00212179098e-11
129 4.91498396842e-11
127 4.91467401509e-11
122 4.42053264996e-11
121 4.41163040154e-11
126 4.39269047001e-11
118 4.22639738809e-11
117 4.13479521818e-11
116 4.13479506133e-11
113 4.12975385676e-11
112 4.09557940796e-11
111 4.08541851479e-11
109 4.02771624934e-11
107 3.97712402639e-11
105 3.97073316892e-11
108 3.96360762363e-11
104 3.93992866686e-11
106 3.93303729816e-11
101 3.8495817234e-11
97 3.79453331785e-11
100 3.75809814974e-11
98 3.74684894719e-11
95 3.621807042e-11
90 3.41479510599e-11
84 3.05033046809e-11
82 3.02087051553e-11
87 2.98414582788e-11
854 2.92579863308e-11
79 2.91998734677e-11
81 2.82190607727e-11
76 2.80521646442e-11
72 2.6269849871e-11
73 2.57984409629e-11
69 2.5188896195e-11
71 2.51856121254e-11
70 2.51693780232e-11
67 2.47201097428e-11
61 2.44677786413e-11
59 2.43010918987e-11
62 2.41882577497e-11
57 2.41301350402e-11
58 2.36898211918e-11
55 2.26143103963e-11
54 2.16891475958e-11
50 2.00174802272e-11
49 2.0017474771e-11
51 2.00133495603e-11
47 1.71158921322e-11
44 1.66403099382e-11
46 1.66045607873e-11
43 1.65827792515e-11
35 1.65103553035e-11
42 1.64898589409e-11
32 1.64895465969e-11
34 1.64813828661e-11
33 1.64742247159e-11
37 1.64609898919e-11
40 1.64584366462e-11
31 1.64567548571e-11
30 1.6404288126e-11
13 1.63925705404e-11
6 1.62950678958e-11
27 1.62812187492e-11
28 1.62429669671e-11
25 1.6238891381e-11
24 1.62209802795e-11
22 1.61849871167e-11
21 1.61725311424e-11
15 1.6136452677e-11
16 1.61321257285e-11
12 1.60939201215e-11
856 1.57365926348e-11
4 1.54258051338e-11
0 1.53356632534e-11
858 1.45060007698e-11
864 1.43289167276e-11
866 1.43131643159e-11
857 1.4310832767e-11
862 1.42028020114e-11
865 1.40153374394e-11
861 1.39333951427e-11
867 1.35793382961e-11
870 1.35611518712e-11
868 1.32379707423e-11
869 1.31644565759e-11
872 1.31308325777e-11
874 1.29456291123e-11
876 1.22684114018e-11
886 7.63814276087e-12
890 7.61735607645e-12
883 7.61018496178e-12
888 7.36951419019e-12
896 7.226114358e-12
894 6.8224643875e-12
895 6.81249007572e-12
898 6.23507016003e-12
903 5.70213385981e-12
904 5.44532051054e-12
907 5.2081456432e-12
911 4.64008164503e-12
917 4.45503719315e-12
915 4.42386865786e-12
919 4.23705826219e-12
923 4.1204995537e-12
924 4.06201491366e-12
922 4.04448775486e-12
925 4.04243115232e-12
853 3.66242078186e-12
926 3.64409888251e-12
930 3.46539061416e-12
933 3.23916894516e-12
936 3.23025305252e-12
934 3.21176983017e-12
938 3.13255890898e-12
945 3.10635837329e-12
943 3.1045573999e-12
944 3.1045573999e-12
947 3.03534250344e-12
953 2.81951519445e-12
954 2.71620798575e-12
956 2.69581985894e-12
951 2.64044490406e-12
961 2.39998083922e-12
962 2.32144158264e-12
968 1.93223155832e-12
973 1.70565865926e-12
974 1.54574981575e-12
978 1.47262147426e-12
985 1.39675050772e-12
982 1.381490304e-12
979 1.38038729997e-12
981 1.34508943728e-12
984 1.3299883308e-12
989 1.28228652151e-12
988 1.27698727765e-12
987 1.27681703737e-12
990 1.26587928192e-12
992 1.16245479143e-12
996 1.14840975218e-12
995 1.06168107324e-12
1002 1.03801631396e-12
1004 9.93553814679e-13
1008 9.85762570878e-13
1011 9.76526313124e-13
1006 9.65176845856e-13
1009 9.65115913284e-13
1013 9.64802586451e-13
1015 9.55159885393e-13
1010 9.53530939646e-13
1016 9.237660371e-13
1019 9.11125493047e-13
1017 9.10134174961e-13
1020 9.06603385599e-13
1022 8.96360412773e-13
1024 8.68285468056e-13
1025 8.67868153531e-13
1026 8.63843290617e-13
1027 8.59987635163e-13
1029 8.59895191717e-13
1031 8.54298926074e-13
1032 8.50687359272e-13
1035 8.45657665214e-13
1037 8.28295175124e-13
1040 8.22067966259e-13
1039 8.18135367709e-13
1045 8.1526516679e-13
1041 8.14150148613e-13
1048 8.08863796855e-13
1054 8.07378169528e-13
1043 8.06505298065e-13
1050 7.98205905293e-13
1049 7.98205905293e-13
1051 7.92457247047e-13
1055 7.70674100538e-13
1060 7.68505294463e-13
1057 7.67933163051e-13
1062 7.64775913979e-13
1063 7.61657077736e-13
1061 7.60136638912e-13
1067 7.53444188539e-13
1068 7.44854419898e-13
1084 7.37081202987e-13
1073 7.35072780537e-13
1074 7.34577063951e-13
1080 7.28947515665e-13
1085 7.22498819281e-13
1087 7.16161868638e-13
859 1.18602765766e-13
860 1.17945146868e-13
863 1.0539553176e-13
855 1.04417662344e-13
873 5.13561411241e-14
877 4.84657772128e-14
875 4.73250424435e-14
871 4.48259210577e-14
880 4.01170385603e-14
879 3.999264303e-14
878 3.96715441757e-14
881 3.67113716525e-14
882 3.65062413049e-14
887 3.62835663745e-14
884 3.59033004408e-14
885 3.58444865884e-14
889 3.54818805707e-14
891 3.4987901524e-14
892 3.35541385987e-14
893 3.30242475783e-14
900 3.29428724791e-14
897 3.27978618757e-14
899 3.22642270443e-14
901 3.11474060023e-14
902 3.09707576563e-14
905 2.86936125509e-14
906 2.82723258345e-14
908 2.77792405491e-14
909 2.77792405491e-14
910 2.76164849694e-14
912 2.69817118725e-14
913 2.69435790438e-14
916 2.67300026318e-14
918 2.56244359958e-14
914 2.53537281889e-14
920 2.3156335347e-14
921 2.05570216234e-14
928 1.64387191097e-14
927 1.56751245117e-14
929 1.56379430892e-14
931 1.55760378276e-14
932 1.55649754059e-14
937 1.52348950385e-14
935 1.5064259136e-14
939 1.48514123107e-14
941 1.46906123402e-14
940 1.46287830118e-14
942 1.44945062939e-14
948 1.41872330023e-14
949 1.41667087946e-14
946 1.41171994641e-14
950 1.40465796911e-14
952 1.36875888714e-14
955 1.3545842317e-14
957 1.34736737432e-14
958 1.33623442326e-14
959 1.33617248459e-14
960 1.33514012034e-14
964 1.28917850232e-14
963 1.28917850232e-14
965 1.27570687457e-14
967 1.26922336954e-14
966 1.26653805537e-14
969 1.24345522543e-14
972 1.24093481252e-14
970 1.22722483271e-14
975 1.21844815422e-14
971 1.21286743626e-14
976 1.19828260818e-14
977 1.18467818702e-14
980 1.07995031714e-14
983 1.03265094843e-14
986 9.66307639771e-15
991 8.98474577942e-15
994 8.58569353696e-15
993 8.47895711931e-15
1000 8.14047937985e-15
998 8.01190536539e-15
997 7.89763478832e-15
999 7.88333271057e-15
1003 7.81631401732e-15
1001 7.78560628994e-15
1005 7.70864624368e-15
1007 7.61324608049e-15
1012 7.50419906452e-15
1014 7.50350407142e-15
1018 7.28764966754e-15
1023 7.12302008111e-15
1021 7.08964816097e-15
1028 6.76128905808e-15
1030 6.27340508173e-15
1034 6.20416245503e-15
1036 6.08644088262e-15
1033 5.9181304158e-15
1044 5.84066544716e-15
1038 5.81380310152e-15
1042 5.75641895768e-15
1046 5.74984716501e-15
1047 5.66637850382e-15
1053 5.51130500535e-15
1052 5.47371283171e-15
1059 5.33021492514e-15
1058 5.23392464242e-15
1056 5.1681083649e-15
1064 4.85238140728e-15
1065 4.83015459489e-15
1066 4.74207966034e-15
1069 4.65625288127e-15
1072 4.57522748813e-15
1071 4.57016993703e-15
1070 4.56398933185e-15
1075 4.53984088802e-15
1078 4.51618623391e-15
1076 4.49963712227e-15
1079 4.49278589213e-15
1081 4.48930552459e-15
1077 4.47308566822e-15
1082 4.44712569175e-15
1088 4.44216993396e-15
1083 4.43158794944e-15
1086 4.39754022399e-15
