300 1.0
265 0.717438311841
283 0.708674183334
290 0.707778988252
297 0.706772213264
301 0.704324547037
270 0.70357799472
261 0.703301959647
276 0.702008041627
243 0.701615834685
302 0.697949228205
299 0.695393277164
315 0.694704070027
235 0.693737125311
269 0.693476652002
298 0.693394154268
314 0.693290035062
228 0.691836357473
230 0.691034207856
307 0.690579354315
310 0.687341544023
257 0.685759437218
323 0.684131475807
250 0.683763833179
247 0.682945753812
252 0.682856345464
232 0.67965516612
239 0.678878421964
313 0.678666623973
236 0.677917356927
246 0.677254940171
259 0.677012018917
242 0.676999393496
240 0.676608412232
234 0.675873013916
231 0.675742739325
255 0.675629451424
286 0.675552194882
293 0.675383898602
229 0.675380455136
233 0.675369652712
244 0.67536004813
296 0.675350880566
248 0.675297151857
266 0.675253755503
268 0.675158905812
238 0.675096781076
264 0.675007106693
241 0.674864323671
249 0.674708993325
256 0.674572094481
245 0.674472746471
260 0.674467801848
237 0.674357208182
262 0.674166236331
263 0.674145922811
282 0.674124135394
258 0.674066947505
294 0.674046900902
267 0.674037995629
253 0.673896529011
251 0.6738733844
254 0.673782806508
279 0.673656046368
324 0.673588927878
284 0.673311368323
272 0.67324673104
291 0.673133640822
275 0.673129086613
271 0.673121360543
292 0.672907293668
277 0.67283375404
273 0.672149935773
285 0.67195039629
274 0.671921691066
281 0.671850537407
278 0.671848123663
287 0.67149762363
280 0.67032045421
304 0.670300701708
289 0.670261245002
288 0.669903967055
306 0.669431278726
303 0.668033087537
309 0.667159335045
295 0.666814130253
318 0.663708768465
308 0.663504705674
305 0.662800459687
335 0.661380525171
311 0.660738256388
317 0.660368710899
327 0.660239252257
321 0.658933162943
316 0.658120293541
312 0.657555690689
322 0.656884671402
320 0.656238554237
334 0.654965152352
325 0.653080204046
340 0.652596437819
329 0.651071297958
319 0.650313709473
346 0.650183154173
337 0.649540551663
338 0.648717286825
332 0.648439549892
336 0.647832301236
342 0.64728696473
341 0.646925639672
333 0.646111215401
345 0.646027527175
344 0.644862593864
326 0.643707220781
331 0.643246684906
328 0.642861400442
330 0.642617986899
339 0.640915850119
343 0.63921531272
353 0.63855515552
348 0.638048476076
361 0.636159137661
355 0.634611828506
347 0.634501916177
351 0.631966786517
364 0.62945883824
360 0.628933700402
356 0.628729986712
349 0.628134247641
350 0.627806948104
354 0.626652479374
358 0.626479545188
368 0.626075877577
357 0.62548094072
352 0.625334851309
367 0.624946641948
363 0.62448314703
362 0.624231607958
365 0.622911671474
366 0.62204632701
369 0.621075791059
359 0.620513626758
370 0.617905443761
372 0.615952575143
371 0.614373095526
375 0.613242149943
374 0.611982492424
379 0.61038021753
376 0.608551062754
377 0.607817279733
380 0.607610899461
373 0.606611610459
378 0.605886040452
382 0.6017716104
387 0.60166622659
385 0.600554518225
383 0.598886364608
381 0.598353093864
386 0.598140301679
388 0.596335710056
384 0.59359170957
390 0.588198362069
397 0.58674228228
392 0.58672388572
396 0.586246342923
394 0.585364719612
391 0.584368618545
401 0.584023610905
393 0.582912644799
389 0.582748786065
398 0.581123949953
399 0.579745622669
395 0.579604931093
404 0.576519172951
411 0.575214099717
417 0.573394376368
408 0.573290329803
402 0.572283680733
407 0.571800574349
412 0.57180001732
403 0.57137445917
400 0.570259108833
413 0.570096594665
405 0.569831281467
406 0.569777553152
420 0.569320024749
415 0.569266614814
422 0.567096693024
414 0.566390762934
410 0.563369725474
421 0.56292109243
409 0.562855517823
419 0.561935795452
416 0.560080981671
429 0.559667713481
431 0.557651004914
432 0.556117273677
433 0.553688043963
440 0.553225262633
425 0.553167631025
430 0.552369958331
437 0.55081975611
418 0.550275363861
428 0.550156895727
443 0.549752270303
441 0.549725456744
424 0.549399543595
427 0.548972544912
435 0.548713480322
426 0.546818342961
423 0.54659126551
439 0.545773792302
434 0.544961189462
448 0.544477219297
442 0.543788110649
449 0.542803895296
436 0.542733993949
438 0.542339699916
444 0.541965740526
445 0.541209069235
450 0.540205831932
453 0.540008267416
459 0.538764720013
456 0.538586836339
451 0.537744931292
457 0.537418829246
452 0.53727973872
458 0.536196954931
461 0.536045631727
447 0.535901092203
455 0.535898260188
446 0.535110809983
460 0.534528777939
462 0.533916837381
463 0.533231226597
465 0.532908651763
454 0.532877037941
467 0.531869589147
464 0.531399523678
471 0.530379346382
472 0.52945306407
466 0.529194567474
469 0.528735882974
476 0.527846271043
475 0.527674952215
478 0.527002871194
468 0.526708969032
470 0.526613592149
474 0.52569163166
473 0.5255398187
481 0.525530554404
480 0.524710065731
477 0.5239103755
492 0.522927492403
488 0.52194843384
494 0.521689426671
491 0.521613019794
482 0.52127105032
490 0.521017531112
485 0.519866201894
486 0.519866201159
505 0.519829578494
483 0.519113689539
479 0.518800270208
484 0.518681043514
489 0.518669134404
493 0.518580642841
487 0.518504159139
504 0.51735370904
499 0.516980132914
498 0.514031727143
500 0.513244367007
502 0.512513632245
509 0.511589330181
496 0.510969615018
497 0.510651943705
507 0.510505344335
501 0.510188720835
503 0.509423900189
495 0.509175521012
515 0.507239749298
508 0.506899865282
506 0.50459006537
510 0.504272115253
512 0.504112075448
514 0.503421080243
528 0.499100657133
518 0.498623548311
521 0.498229018727
511 0.497203634853
516 0.497164265633
532 0.495745314953
513 0.494149427897
522 0.493938773183
534 0.492489943853
535 0.490828200433
523 0.490424908194
517 0.490262036232
536 0.490180075723
520 0.48875668128
525 0.488544733937
519 0.488443308537
529 0.487653045079
526 0.486915344374
531 0.485817115286
527 0.485403588882
524 0.483965908941
530 0.480094406302
537 0.478313584125
533 0.478244958629
538 0.476984330694
543 0.476776673591
540 0.47603133776
542 0.475803857938
541 0.474375975712
539 0.472671077913
545 0.471757713594
544 0.471426551592
547 0.470349484145
551 0.467756946917
556 0.466205696975
553 0.464812794194
554 0.464579216685
550 0.464315484569
546 0.463965940329
549 0.462617623872
548 0.462179899116
558 0.462157942776
555 0.461232330259
557 0.460069897875
560 0.459379264592
552 0.458026656066
561 0.457641759125
559 0.456875312305
565 0.456707189701
562 0.456031055141
564 0.454898110679
563 0.454728364461
567 0.453866601275
566 0.453115439526
569 0.453026883856
570 0.451787759165
576 0.451082256015
577 0.451039011298
575 0.450031739912
572 0.449838420809
574 0.449611141906
573 0.4493808019
578 0.448745962001
568 0.448651049467
571 0.448315319695
585 0.44781062637
581 0.446781907437
586 0.44657277305
579 0.446393720132
580 0.446391273624
583 0.446178211441
588 0.446102579235
589 0.445890770527
590 0.445858336451
591 0.445636834067
592 0.445451965206
582 0.445366233288
584 0.445093002661
599 0.445091905678
601 0.445073509839
597 0.444046649548
596 0.443956357771
606 0.443589157532
593 0.443439646396
598 0.442787653485
604 0.442706555252
600 0.442204213314
595 0.442071542976
587 0.441754129802
594 0.441577507688
608 0.441364886997
615 0.441123092539
614 0.440990929913
617 0.440645397595
609 0.440503595447
605 0.440100602043
611 0.439942306478
603 0.439695848794
626 0.439185070402
623 0.438814676044
602 0.43846600693
616 0.438266476426
627 0.438266104933
619 0.437732696574
629 0.437588630455
621 0.43692475746
612 0.436912005242
630 0.43682223885
631 0.43682223218
607 0.436691362045
610 0.435207677938
613 0.435054969247
633 0.434895536579
620 0.434832839996
618 0.434496305217
634 0.434018607101
628 0.433983734874
625 0.432293384562
622 0.432273896599
632 0.432247209545
624 0.432116500725
644 0.431955621026
649 0.431126556306
638 0.4306510517
636 0.430650842136
635 0.430390417973
637 0.430122056763
639 0.429689399467
640 0.429507064758
645 0.429460080976
641 0.429440889215
646 0.4291222186
642 0.428566860218
643 0.428394331557
647 0.427790981695
648 0.42731973559
652 0.427153027699
656 0.426970904709
650 0.426692168697
654 0.42533558871
659 0.425055900714
653 0.424758329185
660 0.424216320341
658 0.423871802675
655 0.423000439813
664 0.422670033926
651 0.422510934009
661 0.421771198296
657 0.421530069138
666 0.42139764819
663 0.421201577849
665 0.421175842952
668 0.419897245414
667 0.41987476073
670 0.419081406933
662 0.418057495818
671 0.41757991997
669 0.417546297093
675 0.417338958369
673 0.416401921288
676 0.415813738421
677 0.415632812109
679 0.415438142261
672 0.413756460435
682 0.412838152122
684 0.412591528957
674 0.4123773958
678 0.411081091505
680 0.410932884087
686 0.410369444053
683 0.410321876795
681 0.410057714846
687 0.409000290855
688 0.408315289768
692 0.408216085929
696 0.408158243469
689 0.40813649486
693 0.407616188402
697 0.407025432751
691 0.406992139778
685 0.406753198754
695 0.406326534999
700 0.405723653664
704 0.405707063261
703 0.405654449426
705 0.405538868235
702 0.405345793436
690 0.405268213827
706 0.40478509889
717 0.404539320847
698 0.403752680569
707 0.403708175488
694 0.403615685622
713 0.403161191397
711 0.403147536534
712 0.40313546996
709 0.402922503262
714 0.40291788484
701 0.402609652299
708 0.402275955048
699 0.402182073641
710 0.402055452801
715 0.401590093605
718 0.39848054597
719 0.398296176764
716 0.398159513039
720 0.398121252856
724 0.398041057082
729 0.397965746838
723 0.397222396603
727 0.396427093134
730 0.396249822862
722 0.396099777439
731 0.396055011516
721 0.395898028738
725 0.395640413018
735 0.395090813903
726 0.39431120884
738 0.393874122567
728 0.393724128647
737 0.393694199231
732 0.393529296388
741 0.39352529416
734 0.393019823147
739 0.392720241687
736 0.392630355382
733 0.392399515467
740 0.392295231362
742 0.392021543362
744 0.391836019795
750 0.390808758465
752 0.390507472162
747 0.390477501817
745 0.390371561717
743 0.390298963773
746 0.389743839491
753 0.389725843822
754 0.389072346132
749 0.388421468004
751 0.387988562634
748 0.387635534904
756 0.387274418012
761 0.387164458506
755 0.386791490352
757 0.385805458237
759 0.385494294354
764 0.38546424443
763 0.385313341844
762 0.385159341074
758 0.384930476346
765 0.384494620101
760 0.384194627137
766 0.384145768712
768 0.383765740945
767 0.382815232152
772 0.382699418459
775 0.381960988307
770 0.381752820553
771 0.381740759375
778 0.381688266634
773 0.381378047106
769 0.381058112757
776 0.380949410251
780 0.380843620321
779 0.380551319993
795 0.379665223311
782 0.379264664112
777 0.378911128859
786 0.378575831525
774 0.378538447371
784 0.378398018693
799 0.377810365918
783 0.377779087756
789 0.377524879044
793 0.377524727187
787 0.377494955458
792 0.377364501356
785 0.377280562471
790 0.377197035188
791 0.377195643723
805 0.377097976126
797 0.376716264223
798 0.376575267153
801 0.376482863342
781 0.376244166919
811 0.37618302338
813 0.376087567441
816 0.376084152248
807 0.376041681536
830 0.375870669919
829 0.375841833271
804 0.375840831418
820 0.375685456242
817 0.37562762409
788 0.375621122664
794 0.375497149614
823 0.375390527137
812 0.375368937903
796 0.37525047098
822 0.375226596304
828 0.375214212732
803 0.375191126173
843 0.375108317939
833 0.375102993006
818 0.375051415342
839 0.375035705641
847 0.374996909439
834 0.374973007016
810 0.374937101631
814 0.374859790918
842 0.374819570701
800 0.374813540171
826 0.374726811072
824 0.374720204128
836 0.374699297966
827 0.374667001229
815 0.374661956559
802 0.374651107008
848 0.374635869346
819 0.374630592854
808 0.374622501885
844 0.374598524211
825 0.374471569446
849 0.374450137614
835 0.374439279934
821 0.374366379537
806 0.374302269752
809 0.374299408281
838 0.374228994666
846 0.374221882109
840 0.374114329321
837 0.37408247468
841 0.373923448503
845 0.373883848724
831 0.37388222508
832 0.373882206523
227 0.146953256098
226 0.137885844076
225 0.0985177998809
850 0.00901066926903
852 0.00743977894945
851 0.00379180659694
216 0.000794020821295
218 0.000787320676874
221 0.000775692166322
219 0.000712738794398
214 0.000697645185086
211 0.000692796570301
207 0.000659671473186
206 0.000656554511302
208 0.000653900877967
205 0.000649581107992
204 0.000647332998783
201 0.000642225134412
197 0.000637808224629
200 0.000635539451637
198 0.000629849846949
192 0.000610859039102
193 0.000606470443654
187 0.000597336256967
184 0.000581508246931
181 0.000581051297037
183 0.000580069414129
180 0.00057914763556
177 0.000570525420387
172 0.000564315093908
175 0.000562217214056
171 0.000556544733871
168 0.000542007233466
162 0.000515254429284
161 0.000515064035009
160 0.000511283152701
156 0.000498189021318
154 0.000498157694959
165 0.00048929376921
158 0.000487138267262
145 0.000484536686734
151 0.000483555017317
146 0.000477888612175
155 0.000477447370954
157 0.000477361362884
144 0.000477084407006
153 0.000476306860228
150 0.000474485694087
148 0.000470755736632
147 0.000470564883238
142 0.000463373489629
139 0.000460923640413
141 0.000458128684559
137 0.000423866212662
131 0.000411729782267
854 0.000403748978816
130 0.00039819508412
128 0.00039287119335
129 0.000388049190132
127 0.000388032682712
122 0.000360408769933
121 0.000359901315241
126 0.000358651438129
118 0.000349214741329
117 0.000344214454673
116 0.000344214444581
113 0.000343910185291
112 0.000341917061905
111 0.000341377444816
109 0.000337747000901
107 0.000335010326343
105 0.000334671547887
108 0.000334194838895
104 0.00033280391892
106 0.000332394328959
101 0.000327190426346
97 0.000323892778329
100 0.000321574023266
98 0.000320984081162
95 0.000313170391945
90 0.000300138431881
84 0.000277116750563
82 0.00027526127469
87 0.000272913503201
79 0.000268815217375
81 0.000262467573698
76 0.000261465374923
72 0.000249920748591
856 0.000247671760685
73 0.000246936002836
69 0.00024296237844
71 0.000242912443124
70 0.000242803130294
67 0.00023986872932
61 0.000238212593017
59 0.000237141881587
62 0.000236290592473
57 0.000236013995863
58 0.000233053031696
858 0.0002328975476
864 0.000230581411171
857 0.000230520380181
866 0.00023039053115
862 0.000229107011081
865 0.000226884497974
861 0.000225913108328
55 0.000225837055811
867 0.000221441083349
870 0.000220956675421
54 0.000219580471655
868 0.000216877642977
869 0.000215910071742
872 0.000215110905673
874 0.000212758312208
50 0.000208279855201
49 0.000208279821536
51 0.000208239415956
876 0.000203294525554
47 0.00018855172885
44 0.000185309081155
46 0.000185064503019
43 0.000184917708932
35 0.00018442282156
42 0.000184282943546
32 0.000184281087983
34 0.000184225045139
33 0.00018417763502
37 0.0001840858623
40 0.000184068940744
31 0.000184058289505
30 0.000183700079408
13 0.000183621544373
6 0.000182957187691
27 0.000182859328948
28 0.000182597767039
25 0.000182569998038
24 0.000182447346277
22 0.00018220093209
21 0.00018211550009
15 0.000181868786451
16 0.000181839107546
12 0.000181577246093
4 0.000176911538013
0 0.00017628234819
890 0.000137287578755
886 0.000137141753517
883 0.000137001956821
888 0.000133672866124
896 0.000131610181322
894 0.000125666299322
895 0.000125487415003
898 0.000116699559539
903 0.000108849927801
904 0.000104938731435
907 0.000101329325239
911 9.263115573e-05
917 8.9756374524e-05
915 8.92521746716e-05
919 8.62946514103e-05
923 8.4488546242e-05
924 8.35662501042e-05
922 8.33012996868e-05
925 8.32510753465e-05
926 7.67785134363e-05
930 7.38265333605e-05
933 7.01128345408e-05
936 6.9969481072e-05
934 6.96437098248e-05
938 6.82246142772e-05
945 6.78467798329e-05
944 6.78233662648e-05
943 6.78233662648e-05
947 6.66521115605e-05
953 6.28194316068e-05
954 6.10185993693e-05
956 6.05971237915e-05
951 5.96354659204e-05
961 5.52845919938e-05
962 5.38603478323e-05
968 4.67069199433e-05
973 4.25406664499e-05
853 4.23887824185e-05
974 3.95745553976e-05
978 3.82215876117e-05
985 3.68020395173e-05
982 3.6517202645e-05
979 3.64995208785e-05
981 3.58365014039e-05
984 3.55532432194e-05
989 3.46590276921e-05
988 3.45568654377e-05
987 3.45484783915e-05
990 3.43403870761e-05
992 3.23735781409e-05
996 3.21047340523e-05
995 3.04366810827e-05
1002 2.99824883713e-05
1004 2.91219321128e-05
1008 2.89695551189e-05
1011 2.87925538277e-05
1006 2.8569976499e-05
1009 2.85688557548e-05
1013 2.85643223143e-05
1015 2.83780924062e-05
1010 2.83444295525e-05
1016 2.77666654647e-05
1019 2.75169716563e-05
1017 2.75001112897e-05
1020 2.74308201968e-05
1022 2.72290443868e-05
1024 2.66779337383e-05
1025 2.66698619773e-05
1026 2.65901066554e-05
1027 2.65138034904e-05
1029 2.65120302823e-05
1031 2.63987553015e-05
1032 2.63297032564e-05
1035 2.62288641982e-05
1037 2.58851155049e-05
1040 2.57599571854e-05
1039 2.56810666166e-05
1045 2.56244164694e-05
1041 2.56011332368e-05
1048 2.54959038993e-05
1054 2.54662387845e-05
1043 2.54456302034e-05
1049 2.52811422355e-05
1050 2.52811422355e-05
1051 2.51654020169e-05
1055 2.47244918948e-05
1060 2.46805180685e-05
1057 2.46690167943e-05
1062 2.46048625143e-05
1063 2.45407225603e-05
1061 2.45095379283e-05
1067 2.4373544087e-05
1068 2.41975052101e-05
1084 2.40384038763e-05
1073 2.39973392438e-05
1074 2.39870881289e-05
1080 2.38716847696e-05
1085 2.37388477598e-05
1087 2.36080549945e-05
220 2.61596131979e-06
217 2.5794356476e-06
212 2.51874965249e-06
222 2.48152433273e-06
223 2.47085805977e-06
213 2.43388638332e-06
224 2.42675744487e-06
215 2.3856268512e-06
210 2.36424802659e-06
209 2.2883304548e-06
203 2.25279641353e-06
202 2.22039574396e-06
199 2.21191864713e-06
196 2.19631921246e-06
194 2.18531417439e-06
191 2.17564486335e-06
189 2.17282940747e-06
195 2.17186629825e-06
188 2.17178034529e-06
190 2.16717246138e-06
186 2.14676592816e-06
185 2.14665735993e-06
178 2.14302809878e-06
182 2.13840386556e-06
179 2.12864136808e-06
176 2.12442200393e-06
173 2.12078835476e-06
174 2.12060319642e-06
170 2.09726282982e-06
169 2.08340031607e-06
166 2.07903120133e-06
167 2.07830084686e-06
164 2.07353292268e-06
163 2.05640876062e-06
159 2.01502254877e-06
152 1.85591490857e-06
149 1.79873140052e-06
143 1.69648189937e-06
859 1.59363791817e-06
860 1.58580926301e-06
138 1.55414234923e-06
140 1.52559356281e-06
135 1.50866760665e-06
136 1.49441002615e-06
134 1.47600712106e-06
133 1.4668766939e-06
132 1.4668766939e-06
863 1.44092584058e-06
855 1.43000186681e-06
125 1.32578442163e-06
119 1.29188333e-06
123 1.27042757557e-06
120 1.24832001172e-06
124 1.23508091311e-06
115 1.23056424323e-06
114 1.18104472835e-06
110 1.13192486234e-06
103 1.05911104117e-06
102 1.01543282214e-06
99 1.01457902406e-06
94 1.00398631034e-06
96 1.00230277499e-06
92 9.99001571766e-07
93 9.91089669833e-07
91 9.9026689674e-07
88 9.72315531718e-07
89 9.7117015913e-07
85 9.68312956494e-07
83 9.66912648887e-07
86 9.57761031421e-07
77 9.48838901175e-07
80 9.4672008565e-07
78 9.46647260027e-07
75 9.22882326416e-07
74 9.20353589382e-07
68 9.03395020947e-07
66 9.02558707302e-07
65 9.02062520612e-07
64 8.97838620597e-07
63 8.9779114247e-07
56 8.89668847682e-07
60 8.83999761252e-07
53 8.29731371766e-07
52 7.9815716974e-07
873 7.97780772858e-07
877 7.63130978445e-07
875 7.49881411523e-07
48 7.39749464533e-07
871 7.19222306934e-07
41 7.03678000117e-07
45 7.01073852887e-07
38 6.93894816923e-07
36 6.93894816923e-07
39 6.87698876157e-07
29 6.80514954091e-07
26 6.77865170582e-07
18 6.74342197506e-07
23 6.74253827563e-07
19 6.73466256146e-07
20 6.72616301572e-07
17 6.72556847752e-07
14 6.72126705299e-07
11 6.67619014393e-07
880 6.62665256995e-07
879 6.61269280237e-07
10 6.58615534331e-07
878 6.57619771662e-07
8 6.57422996983e-07
9 6.5234806054e-07
7 6.47609508131e-07
881 6.21476494676e-07
882 6.18662763451e-07
887 6.15970023118e-07
884 6.11366109918e-07
885 6.1044818105e-07
889 6.05635138986e-07
891 5.99517039705e-07
892 5.81473974591e-07
893 5.7439345703e-07
900 5.73406318302e-07
897 5.71205656495e-07
899 5.64537563615e-07
901 5.49935172443e-07
902 5.47022445533e-07
905 5.17325313904e-07
906 5.11878094443e-07
909 5.05017663917e-07
908 5.05017663917e-07
910 5.02699661948e-07
912 4.94236593432e-07
913 4.93716347708e-07
916 4.90745556616e-07
5 4.83559803195e-07
918 4.75053222536e-07
914 4.70433799075e-07
920 4.40054858432e-07
921 4.02727440327e-07
928 3.43722713568e-07
927 3.32678933329e-07
929 3.32158053299e-07
931 3.3125126227e-07
932 3.31012323322e-07
937 3.26265778961e-07
935 3.23702951909e-07
939 3.20623894911e-07
941 3.18223077122e-07
940 3.17315613383e-07
942 3.1532081881e-07
948 3.10699968825e-07
949 3.10380820935e-07
946 3.09606323257e-07
950 3.08619906459e-07
952 3.03153317392e-07
1 3.01636838036e-07
2 3.01623627993e-07
955 3.00883733286e-07
3 3.00033825294e-07
957 2.99767658905e-07
958 2.98099581962e-07
959 2.98090834304e-07
960 2.98009548595e-07
964 2.9073848854e-07
963 2.9073848854e-07
965 2.88559191179e-07
967 2.87500388651e-07
966 2.87087593985e-07
969 2.83426569981e-07
972 2.82953867061e-07
970 2.807061635e-07
975 2.79328096471e-07
971 2.78315154234e-07
976 2.75882806281e-07
977 2.7362827818e-07
980 2.55919358857e-07
983 2.47816157682e-07
986 2.36231297206e-07
991 2.2478151636e-07
994 2.17864153768e-07
993 2.16009999298e-07
1000 2.10145470384e-07
998 2.07918966414e-07
997 2.05909308494e-07
999 2.05683419647e-07
1003 2.04468996113e-07
1001 2.03916302265e-07
1005 2.02540877133e-07
1007 2.00864955688e-07
1012 1.98931545353e-07
1014 1.98905360461e-07
1018 1.94979732345e-07
1023 1.9197188876e-07
1021 1.91320294605e-07
1028 1.85285463011e-07
1030 1.7617291642e-07
1034 1.7491369312e-07
1036 1.72716811038e-07
1033 1.69556811308e-07
1044 1.68072462445e-07
1038 1.67587211795e-07
1042 1.66476090765e-07
1046 1.66369905377e-07
1047 1.64781371698e-07
1053 1.61809400447e-07
1052 1.61119227247e-07
1059 1.58361179309e-07
1058 1.56488270903e-07
1056 1.55189446924e-07
1064 1.49040909897e-07
1065 1.48615484887e-07
1066 1.46893785683e-07
1069 1.45221355403e-07
1072 1.43636557971e-07
1071 1.43537673792e-07
1070 1.43415102454e-07
1075 1.42941879463e-07
1078 1.42480080085e-07
1076 1.42153550527e-07
1079 1.42020313335e-07
1081 1.41952114753e-07
1077 1.41629954614e-07
1082 1.4112004773e-07
1088 1.41026337878e-07
1083 1.40814363234e-07
1086 1.40142342154e-07
