35 1.0
13 0.952535172591
6 0.952427591596
27 0.950828606846
25 0.949613085157
34 0.948490587996
30 0.948409032794
16 0.947667579106
15 0.94762513112
24 0.947217411818
0 0.947124853434
4 0.947116195136
22 0.946990318332
12 0.946926994002
33 0.9464685082
40 0.94636339002
31 0.946084661041
21 0.945645223503
46 0.944614641242
28 0.944536283318
44 0.944509868718
37 0.941209424249
32 0.940575734555
42 0.940484852684
43 0.939696408804
47 0.929477794575
51 0.876562629076
49 0.875569211123
50 0.875569158721
54 0.844658075963
55 0.827645326014
58 0.809414573258
62 0.803149192705
57 0.801715441883
59 0.799336754132
61 0.797480333999
67 0.793927092595
70 0.787996706047
71 0.787715879615
69 0.787001217193
73 0.779089902675
72 0.774665709504
76 0.752621528998
81 0.751674549484
79 0.739973081892
87 0.732791667136
82 0.72895593212
84 0.726061398957
90 0.689332794029
95 0.669005886291
98 0.657301642455
100 0.657157601404
97 0.653522430642
101 0.649491947858
106 0.641740226494
104 0.641289262487
108 0.639759017322
105 0.638883300184
107 0.63876816802
109 0.637372848479
111 0.631913964308
112 0.631702809956
113 0.629658358924
116 0.629251024473
117 0.629251004878
118 0.626227055795
126 0.618080624464
121 0.616236083547
122 0.615786061265
127 0.594970829108
129 0.594960030589
128 0.591558297702
130 0.58811616924
131 0.578592629603
137 0.570782832388
141 0.549395550007
139 0.548246292156
142 0.54601945621
147 0.541860258517
148 0.541758830211
150 0.540272022535
153 0.53923400128
144 0.539193933326
155 0.539189020451
157 0.538787506211
146 0.538697513677
151 0.536856934994
145 0.536723242777
165 0.535551207745
158 0.535453694624
154 0.531889600998
156 0.531884608515
160 0.528399508434
161 0.527470661427
162 0.527438131011
168 0.521167020946
171 0.518194687066
175 0.517290960069
172 0.516673004621
177 0.516074419228
180 0.514285825561
183 0.514193676769
181 0.514192774636
184 0.514165656162
187 0.512076027462
193 0.511075225772
192 0.510855434027
198 0.509122618311
200 0.508735795532
197 0.508354374069
201 0.508129425202
205 0.507916249778
204 0.507904102488
208 0.507712813218
206 0.507199744849
207 0.507147281654
211 0.506393708506
214 0.506113142692
219 0.505744334189
218 0.505690469622
216 0.50563086522
221 0.505502996661
225 0.428324462804
226 0.397360394845
227 0.390913103634
232 6.49209053063e-05
239 5.95187657641e-05
234 5.92834803191e-05
242 5.64532810103e-05
231 5.62634098814e-05
255 4.59423173678e-05
249 4.45139725705e-05
244 4.41682444719e-05
228 4.30546151362e-05
236 4.20069933882e-05
268 4.09229500952e-05
238 3.85953275282e-05
243 3.85112616979e-05
240 3.83480371321e-05
237 3.8103212328e-05
246 3.80915902608e-05
235 3.75604025244e-05
248 3.73725893724e-05
258 3.73196480183e-05
229 3.70197855597e-05
233 3.70176315837e-05
253 3.69855283427e-05
241 3.69615684062e-05
245 3.68664917191e-05
282 3.68381650295e-05
256 3.67591519691e-05
251 3.63747757036e-05
254 3.62494114094e-05
252 3.61338288028e-05
260 3.57683740717e-05
259 3.57340441963e-05
230 3.57318558799e-05
247 3.57178775198e-05
273 3.5536372333e-05
267 3.55234185007e-05
257 3.548017125e-05
250 3.53750328323e-05
270 3.51662592164e-05
262 3.48484752154e-05
285 3.43419056718e-05
287 3.42910462882e-05
266 3.42671063268e-05
274 3.42478034686e-05
269 3.4230183653e-05
271 3.41566275784e-05
264 3.3918150927e-05
278 3.38738854192e-05
277 3.3688820775e-05
292 3.36763662882e-05
280 3.36439640283e-05
272 3.35739160839e-05
263 3.35703652121e-05
281 3.35482446289e-05
291 3.34655034499e-05
276 3.3401695491e-05
288 3.3393179135e-05
279 3.3252407199e-05
296 3.31842103738e-05
261 3.30890950522e-05
265 3.29712018688e-05
302 3.29049526028e-05
275 3.27907613734e-05
286 3.27461820697e-05
295 3.25528456734e-05
305 3.22530961405e-05
284 3.22523144284e-05
283 3.21491147566e-05
293 3.21337310064e-05
289 3.21025535535e-05
303 3.20288053663e-05
290 3.18988696321e-05
294 3.1889381824e-05
299 3.17257133659e-05
298 3.16737657792e-05
306 3.16577467132e-05
309 3.1474144919e-05
300 3.14490186622e-05
301 3.13833299591e-05
304 3.13652760002e-05
297 3.12165063132e-05
314 3.10768986256e-05
308 3.10740933094e-05
307 3.09466997563e-05
316 3.09294578751e-05
311 3.06438833752e-05
312 3.04683532239e-05
315 3.04485683792e-05
318 3.03558293588e-05
313 3.01264697342e-05
310 3.00121243436e-05
317 2.99641285897e-05
320 2.99085106902e-05
327 2.98843527078e-05
319 2.98761111192e-05
322 2.98184639274e-05
321 2.97374112099e-05
323 2.94356931247e-05
332 2.91992004111e-05
329 2.90887899251e-05
325 2.90727588413e-05
335 2.90627809051e-05
333 2.88881294664e-05
324 2.88881280024e-05
346 2.87101656359e-05
330 2.86324353287e-05
341 2.85355152271e-05
336 2.85231228445e-05
340 2.84280265573e-05
334 2.83718712523e-05
328 2.83360012401e-05
331 2.83334545052e-05
326 2.83334377353e-05
344 2.83042473791e-05
338 2.79055145953e-05
337 2.77887236104e-05
339 2.77437656204e-05
343 2.75555140069e-05
345 2.74865241705e-05
342 2.74165954853e-05
347 2.73573264059e-05
355 2.70394528688e-05
351 2.69408775374e-05
348 2.6791368804e-05
353 2.67171459762e-05
356 2.66770965875e-05
361 2.6603425886e-05
349 2.65239881898e-05
350 2.65119966925e-05
358 2.63232532271e-05
357 2.62639048097e-05
364 2.62430649708e-05
354 2.62225768529e-05
367 2.61581914486e-05
352 2.61085599807e-05
362 2.59467591782e-05
360 2.5898734258e-05
366 2.58880423023e-05
365 2.58855665685e-05
368 2.58641339647e-05
359 2.584016914e-05
369 2.57475084995e-05
363 2.56790904358e-05
372 2.53606612508e-05
370 2.51189856625e-05
375 2.51151650367e-05
371 2.49788277491e-05
374 2.49219853855e-05
379 2.46646422381e-05
376 2.44767047277e-05
377 2.44497894559e-05
378 2.42650658094e-05
373 2.4263803209e-05
380 2.4222631775e-05
387 2.38916151863e-05
382 2.3714076601e-05
383 2.36475188772e-05
381 2.36089329688e-05
385 2.3606866287e-05
388 2.34317340575e-05
386 2.33848032152e-05
384 2.31178540644e-05
390 2.25654193959e-05
392 2.24910874753e-05
397 2.24133512229e-05
396 2.23555107915e-05
394 2.23453696688e-05
391 2.21598207127e-05
401 2.21596258143e-05
393 2.21244418844e-05
389 2.20952601037e-05
398 2.19897426243e-05
399 2.18342387773e-05
395 2.18143578705e-05
404 2.15134324223e-05
411 2.14003875602e-05
408 2.12889091789e-05
417 2.12559600692e-05
402 2.12232107245e-05
407 2.11045422509e-05
412 2.11044992375e-05
403 2.10874357655e-05
400 2.10571119284e-05
413 2.10350044157e-05
406 2.09689114938e-05
420 2.09195359248e-05
405 2.09114472018e-05
415 2.08873031153e-05
422 2.06931261129e-05
414 2.06459202672e-05
421 2.03726999273e-05
410 2.0368903423e-05
409 2.03218827498e-05
419 2.02436937143e-05
416 2.01426603072e-05
429 2.0046970641e-05
431 1.99078239211e-05
432 1.97798469336e-05
433 1.95696834964e-05
440 1.95224991192e-05
425 1.94948849664e-05
430 1.94217437014e-05
437 1.93230036454e-05
428 1.92891041403e-05
418 1.92843659266e-05
443 1.92315853097e-05
441 1.92216559274e-05
424 1.91910989725e-05
427 1.91590573446e-05
435 1.91112305953e-05
426 1.89792165622e-05
423 1.89582612612e-05
439 1.8874155183e-05
434 1.8818546956e-05
448 1.8776352222e-05
442 1.86979129461e-05
449 1.86406288087e-05
436 1.86159580983e-05
438 1.86080361932e-05
444 1.85613187809e-05
445 1.84912171313e-05
450 1.84366605462e-05
453 1.83938151339e-05
459 1.83132653372e-05
456 1.82757220793e-05
451 1.81997966057e-05
457 1.81897563924e-05
452 1.81658094839e-05
458 1.8083287879e-05
447 1.80823213328e-05
461 1.80701874859e-05
455 1.80423272898e-05
446 1.80047573771e-05
460 1.79350047446e-05
462 1.78887952777e-05
463 1.78443912103e-05
454 1.78273905136e-05
465 1.78130473745e-05
467 1.77153740181e-05
464 1.77088129202e-05
471 1.76137787694e-05
466 1.7545670551e-05
472 1.75300930126e-05
469 1.74841707006e-05
476 1.73981438464e-05
475 1.73856677703e-05
478 1.73684089816e-05
468 1.73248198596e-05
470 1.73178881182e-05
481 1.72467026813e-05
474 1.72216623577e-05
473 1.72138036782e-05
480 1.71514333958e-05
477 1.7097614788e-05
492 1.70181097754e-05
488 1.69305557323e-05
491 1.69301439259e-05
494 1.69049177888e-05
482 1.68952865217e-05
490 1.68602889105e-05
485 1.67718034477e-05
486 1.6771803397e-05
505 1.67611596438e-05
483 1.67354697038e-05
489 1.66999356706e-05
479 1.66987815213e-05
484 1.66939327514e-05
493 1.66932133817e-05
487 1.66807093493e-05
504 1.65760732623e-05
499 1.65537891366e-05
498 1.63299159481e-05
500 1.62563099991e-05
502 1.62261000492e-05
509 1.61428165646e-05
496 1.60909779644e-05
507 1.60660484496e-05
497 1.6062419979e-05
501 1.60539807091e-05
503 1.59735437155e-05
495 1.59645964139e-05
515 1.57969013909e-05
508 1.57907635974e-05
506 1.56314685057e-05
510 1.55956354931e-05
512 1.55696720403e-05
514 1.55140236767e-05
528 1.52107264641e-05
518 1.51534187991e-05
521 1.51325660432e-05
511 1.50794401099e-05
516 1.50588965291e-05
532 1.49406495119e-05
513 1.48386281735e-05
522 1.48063103132e-05
534 1.47012649694e-05
535 1.45911585729e-05
523 1.45670356256e-05
517 1.4556385377e-05
536 1.45301207534e-05
520 1.44309623948e-05
525 1.44138316091e-05
519 1.44115153743e-05
529 1.43604378814e-05
526 1.42977644696e-05
531 1.42124261502e-05
527 1.41859133704e-05
524 1.40789362753e-05
530 1.3794340687e-05
537 1.36613678624e-05
533 1.36607228398e-05
538 1.35717550735e-05
543 1.35537709272e-05
540 1.34920438508e-05
542 1.34779753895e-05
541 1.33770068807e-05
539 1.32502053003e-05
545 1.31830384298e-05
544 1.31585446339e-05
547 1.30836293354e-05
551 1.29025243953e-05
556 1.2787531846e-05
553 1.26816772627e-05
554 1.26759303579e-05
550 1.26461538753e-05
546 1.26198074731e-05
549 1.25241324483e-05
558 1.24997905135e-05
548 1.24892965383e-05
555 1.24301771432e-05
557 1.23431491071e-05
560 1.22929792928e-05
552 1.21905934122e-05
561 1.21651573509e-05
559 1.21087613324e-05
565 1.20982943687e-05
562 1.20507276175e-05
564 1.19807241971e-05
563 1.19541316192e-05
567 1.19022986873e-05
566 1.18444121994e-05
569 1.18412996527e-05
570 1.17509919494e-05
576 1.16957109255e-05
577 1.16942058178e-05
575 1.16268126312e-05
572 1.16144050733e-05
574 1.159548985e-05
573 1.15785367771e-05
568 1.15370474322e-05
578 1.15340785722e-05
571 1.15116336387e-05
585 1.14676250349e-05
581 1.13942109108e-05
586 1.13810460478e-05
580 1.13771181471e-05
579 1.1374689278e-05
583 1.13564315846e-05
588 1.13485799635e-05
590 1.13372507647e-05
589 1.13312694988e-05
591 1.13152423424e-05
592 1.13052689472e-05
582 1.13049815027e-05
584 1.12872895959e-05
599 1.12793843519e-05
601 1.12769002965e-05
596 1.12039935706e-05
597 1.12036435588e-05
606 1.11751594903e-05
593 1.11646946093e-05
598 1.11210424934e-05
604 1.11138158419e-05
600 1.10824349637e-05
595 1.10710970005e-05
587 1.10521888699e-05
594 1.10385459416e-05
608 1.10217450944e-05
615 1.10059577441e-05
614 1.0995992958e-05
617 1.09730879531e-05
609 1.09636515448e-05
605 1.09351496693e-05
611 1.09280888813e-05
603 1.09109509305e-05
626 1.08728766713e-05
623 1.08455040443e-05
602 1.08279099682e-05
616 1.08188881224e-05
627 1.08107454026e-05
619 1.07787868206e-05
629 1.07690480023e-05
621 1.072484226e-05
612 1.07220577953e-05
630 1.07131219695e-05
631 1.0713121426e-05
607 1.07113029083e-05
610 1.06085603084e-05
613 1.05949341941e-05
633 1.05849329771e-05
620 1.05784347068e-05
618 1.05597486741e-05
634 1.05306526238e-05
628 1.05255658456e-05
622 1.04105371361e-05
625 1.04095596584e-05
632 1.04070964907e-05
624 1.03980297404e-05
644 1.03886655474e-05
649 1.03388826613e-05
636 1.03049404563e-05
638 1.03046801539e-05
635 1.02817587015e-05
637 1.02648060227e-05
639 1.02365392197e-05
640 1.02286524383e-05
645 1.02259290737e-05
641 1.02211387822e-05
646 1.02124119467e-05
642 1.01714010904e-05
643 1.01528168469e-05
647 1.01140423837e-05
648 1.00834775426e-05
652 1.00708689064e-05
656 1.00682098855e-05
650 1.00447261718e-05
654 9.95813702419e-06
659 9.93869606075e-06
653 9.91761869098e-06
660 9.88947550943e-06
658 9.86508108842e-06
655 9.81079030072e-06
664 9.78755007669e-06
651 9.78561527231e-06
661 9.7325968437e-06
657 9.71460817814e-06
666 9.70335844596e-06
665 9.69144014332e-06
663 9.69115427505e-06
667 9.61222200927e-06
668 9.60885810635e-06
670 9.55523906289e-06
662 9.49349011044e-06
671 9.46044155534e-06
669 9.45864037232e-06
675 9.4471955235e-06
673 9.39110789302e-06
676 9.34869542482e-06
677 9.33644339987e-06
679 9.32440102988e-06
672 9.22277556964e-06
682 9.16223055055e-06
684 9.14460457315e-06
674 9.13527834127e-06
678 9.05284256297e-06
680 9.04392810913e-06
686 9.00651585203e-06
683 9.00479555482e-06
681 8.98612719526e-06
687 8.9221510679e-06
688 8.87671399863e-06
692 8.87492521848e-06
696 8.86904202136e-06
689 8.86735218895e-06
693 8.83380685008e-06
697 8.79682947006e-06
691 8.79636762391e-06
685 8.78262577807e-06
695 8.75472200171e-06
700 8.7180091741e-06
704 8.71688005516e-06
703 8.71143382389e-06
705 8.70216006401e-06
702 8.69019705462e-06
690 8.68558772109e-06
706 8.65538281826e-06
717 8.64402927304e-06
698 8.59466568298e-06
707 8.58909496464e-06
694 8.58367526694e-06
713 8.56062337507e-06
711 8.55692607743e-06
712 8.55591715554e-06
709 8.54547550096e-06
714 8.54255805078e-06
701 8.52200693748e-06
708 8.50081076372e-06
699 8.49726721527e-06
710 8.49068902059e-06
715 8.45979683863e-06
718 8.27390700508e-06
719 8.26292230025e-06
716 8.25239000852e-06
720 8.25204477834e-06
724 8.24535145292e-06
729 8.23916752337e-06
723 8.19280638233e-06
727 8.14479088904e-06
730 8.13383756058e-06
722 8.12425607969e-06
731 8.1239457466e-06
721 8.11435013041e-06
725 8.10045897702e-06
735 8.0637967581e-06
726 8.01751132224e-06
738 7.99488724265e-06
737 7.98174132842e-06
728 7.98134050179e-06
732 7.96994495414e-06
741 7.96986263387e-06
734 7.93929170308e-06
739 7.92289775553e-06
736 7.91575211967e-06
733 7.90400945306e-06
740 7.89577637592e-06
742 7.88068460799e-06
744 7.86803927719e-06
750 7.80807680374e-06
752 7.78818642527e-06
747 7.78746831559e-06
745 7.78314152187e-06
743 7.77795727009e-06
746 7.74662202954e-06
753 7.74256022647e-06
754 7.70812184342e-06
749 7.66573506538e-06
751 7.64120336436e-06
748 7.61883988905e-06
756 7.59718094559e-06
761 7.59049709483e-06
755 7.56948983617e-06
757 7.50956670755e-06
759 7.49187944817e-06
764 7.49020099633e-06
763 7.48107441654e-06
762 7.47246932493e-06
758 7.45766895626e-06
765 7.43166321233e-06
760 7.41411842131e-06
766 7.41232802339e-06
768 7.38858455287e-06
767 7.33364309146e-06
772 7.32555576494e-06
775 7.28322692565e-06
770 7.27032498472e-06
771 7.26945979385e-06
778 7.26626919616e-06
773 7.24874608393e-06
769 7.23005924385e-06
776 7.22310676693e-06
780 7.21654253817e-06
779 7.19965306023e-06
795 7.14713520263e-06
782 7.12381805424e-06
777 7.1050727665e-06
786 7.08406473341e-06
774 7.08402051132e-06
784 7.07352047152e-06
799 7.03862495416e-06
783 7.03826632733e-06
789 7.02217132025e-06
793 7.02216191023e-06
787 7.02074400325e-06
792 7.01308304343e-06
785 7.00823655988e-06
790 7.00321139012e-06
791 7.0026801925e-06
805 6.99687064653e-06
797 6.9750330806e-06
798 6.96752278956e-06
801 6.9618178734e-06
781 6.94880349699e-06
811 6.94393820565e-06
813 6.93833517971e-06
816 6.9379636271e-06
807 6.93578820262e-06
830 6.92534409703e-06
804 6.9246647885e-06
829 6.92359116115e-06
820 6.91447151195e-06
788 6.91191573813e-06
817 6.91147987556e-06
794 6.90477160926e-06
823 6.89740710294e-06
812 6.89704379026e-06
796 6.89030486901e-06
822 6.88807801408e-06
828 6.88752256739e-06
803 6.88636633945e-06
843 6.88087222086e-06
833 6.88055170626e-06
818 6.87807786824e-06
839 6.87666993906e-06
847 6.87441223904e-06
834 6.87359305657e-06
810 6.87155198785e-06
814 6.86704689005e-06
800 6.86465909722e-06
842 6.86415452909e-06
826 6.85924856726e-06
824 6.85875317574e-06
836 6.85798920932e-06
827 6.85574827713e-06
815 6.85571430699e-06
802 6.85512401954e-06
819 6.85387033294e-06
808 6.85350037714e-06
848 6.8534726773e-06
844 6.85144031545e-06
849 6.84746217113e-06
825 6.84460647057e-06
835 6.84245376348e-06
821 6.83836999843e-06
806 6.83483419035e-06
809 6.83466405273e-06
838 6.83008063192e-06
846 6.82972802926e-06
840 6.82351025963e-06
837 6.82194502043e-06
841 6.81246713021e-06
831 6.81020810158e-06
832 6.81020695054e-06
845 6.81019965512e-06
850 1.56770398402e-07
852 1.28631375513e-07
851 6.75109857897e-08
854 5.81119888616e-09
856 2.9721141739e-09
858 2.71781868993e-09
864 2.68207917709e-09
866 2.67882464793e-09
857 2.67765392322e-09
862 2.65572786246e-09
865 2.6168427222e-09
861 2.59988012609e-09
867 2.5278979672e-09
870 2.52554776482e-09
868 2.45985037843e-09
869 2.44513386058e-09
872 2.44037738623e-09
874 2.40279515373e-09
876 2.27018627296e-09
886 1.37140858874e-09
890 1.36508230957e-09
883 1.36463790932e-09
888 1.31736349811e-09
896 1.28958723439e-09
894 1.21216003475e-09
895 1.21041230054e-09
898 1.10112392773e-09
903 9.98891224356e-10
904 9.50296130849e-10
907 9.05384162612e-10
911 7.98084495901e-10
853 7.68637373283e-10
917 7.63336117016e-10
915 7.57578101041e-10
919 7.22762557308e-10
923 7.00843778461e-10
924 6.89925274421e-10
922 6.86601040717e-10
925 6.86299842915e-10
926 6.12838489345e-10
930 5.80094994617e-10
933 5.3855382086e-10
936 5.36901915411e-10
934 5.33609125056e-10
938 5.19594186999e-10
945 5.14547763552e-10
943 5.14189087468e-10
944 5.14189087468e-10
947 5.01637192924e-10
953 4.63302817909e-10
954 4.4480482273e-10
956 4.4144695887e-10
951 4.31516942189e-10
961 3.89164065124e-10
962 3.75345118554e-10
968 3.07287293129e-10
973 2.67675785188e-10
974 2.39832494989e-10
978 2.27083043448e-10
985 2.13923557518e-10
982 2.11274211796e-10
979 2.11071168445e-10
981 2.04960030178e-10
984 2.02343727469e-10
989 1.94077719507e-10
988 1.93171459721e-10
987 1.93164031076e-10
990 1.91281529487e-10
992 1.73479506605e-10
996 1.71069238898e-10
995 1.56220306788e-10
1002 1.52164486259e-10
1004 1.44574697543e-10
1008 1.43251360405e-10
1011 1.41667295575e-10
1006 1.39742140427e-10
1009 1.39731487943e-10
1013 1.39671539159e-10
1015 1.38023796216e-10
1010 1.37754716578e-10
1016 1.32680621564e-10
1019 1.3054374115e-10
1017 1.3036497127e-10
1020 1.29766210589e-10
1022 1.28032364324e-10
1024 1.23271937023e-10
1025 1.23200678291e-10
1026 1.22521353176e-10
1027 1.21870114968e-10
1029 1.21854267003e-10
1031 1.20919364067e-10
1032 1.20299458395e-10
1035 1.19455290513e-10
1037 1.16523291717e-10
1040 1.15479353431e-10
1039 1.1481944604e-10
1045 1.14334077149e-10
1041 1.14150686766e-10
1048 1.13260333297e-10
1054 1.13010457381e-10
1043 1.1287659995e-10
1050 1.11475802439e-10
1049 1.11475802439e-10
1051 1.10512862957e-10
1055 1.06873500832e-10
1060 1.06511448805e-10
1057 1.06415538891e-10
1062 1.05889058044e-10
1063 1.05372023934e-10
1061 1.05119648164e-10
1067 1.04003643873e-10
1068 1.02577225167e-10
1084 1.01285586401e-10
1073 1.00951686349e-10
1074 1.00869733366e-10
1080 9.99350131955e-11
1085 9.88668333201e-11
1087 9.78181837253e-11
220 9.70752045064e-11
217 9.48456270441e-11
212 9.1233259084e-11
222 8.87127732683e-11
223 8.80669342681e-11
213 8.60694550536e-11
224 8.53224137592e-11
215 8.29202124795e-11
210 8.18026135437e-11
209 7.72138477182e-11
203 7.51936210431e-11
202 7.32138095631e-11
199 7.2697163658e-11
196 7.17817581056e-11
194 7.11623136385e-11
191 7.06255211213e-11
189 7.04870767168e-11
195 7.04168283773e-11
188 7.04155382463e-11
190 7.01546197929e-11
186 6.89950975115e-11
185 6.89903155943e-11
178 6.88032389533e-11
182 6.85574554218e-11
179 6.80424478132e-11
176 6.79079369958e-11
174 6.76614349028e-11
173 6.76592280093e-11
170 6.65407552443e-11
169 6.58712837405e-11
166 6.57042387938e-11
167 6.56601588536e-11
164 6.53942069378e-11
163 6.46373871391e-11
159 6.28079613287e-11
152 5.58767087599e-11
149 5.33973557444e-11
143 4.90064532777e-11
138 4.29475904574e-11
140 4.1739842604e-11
135 4.10408618644e-11
136 4.04243463444e-11
134 3.96970633346e-11
133 3.93135195682e-11
132 3.93135195682e-11
125 3.36422084486e-11
119 3.22816812727e-11
123 3.14403724411e-11
120 3.05697148104e-11
124 3.0071383569e-11
115 2.98924729233e-11
114 2.79546579143e-11
110 2.60583851121e-11
859 2.37905318596e-11
860 2.36540807729e-11
103 2.32747981539e-11
102 2.16109221798e-11
99 2.15879327758e-11
94 2.11817103486e-11
96 2.11143540388e-11
863 2.10194007531e-11
92 2.09915368455e-11
855 2.08116160171e-11
93 2.06984985606e-11
91 2.06773802942e-11
88 2.00074837203e-11
89 1.99656974328e-11
85 1.98645674908e-11
83 1.98046256242e-11
86 1.94875682576e-11
77 1.91636501242e-11
80 1.9092382237e-11
78 1.9089614799e-11
75 1.82553121888e-11
74 1.81683276587e-11
68 1.7596131454e-11
66 1.75671772132e-11
65 1.75507734513e-11
64 1.74108520449e-11
63 1.7408216104e-11
56 1.71676332099e-11
60 1.69671498018e-11
53 1.5264415592e-11
52 1.42832132671e-11
48 1.24703776053e-11
41 1.13574382184e-11
45 1.12763013714e-11
38 1.10561131726e-11
36 1.10561131726e-11
39 1.08648233026e-11
29 1.06458363819e-11
26 1.05657748448e-11
18 1.0458746995e-11
23 1.04571010183e-11
19 1.04322182588e-11
20 1.04067361898e-11
17 1.04048901934e-11
14 1.03940060745e-11
11 1.02591199429e-11
10 1.00028023635e-11
8 9.96791846899e-12
9 9.83971163246e-12
873 9.80650521407e-12
7 9.72798801077e-12
877 9.20837384261e-12
875 8.96959099755e-12
871 8.45701484679e-12
880 7.48297970356e-12
879 7.45671978559e-12
878 7.38903599326e-12
881 6.78057354338e-12
882 6.74028366615e-12
887 6.69431049865e-12
884 6.61592476231e-12
885 6.60501878789e-12
5 6.59649838755e-12
889 6.53277927865e-12
891 6.43174917687e-12
892 6.14023406159e-12
893 6.03493583396e-12
900 6.01815023069e-12
897 5.99089007891e-12
899 5.88212406865e-12
901 5.65825932669e-12
902 5.62630339917e-12
905 5.16949614341e-12
906 5.08472301237e-12
909 4.9882567756e-12
908 4.9882567756e-12
910 4.95671902577e-12
912 4.83043845621e-12
913 4.82291711947e-12
916 4.78112519811e-12
918 4.56658781766e-12
914 4.51843327515e-12
920 4.08742687751e-12
921 3.58544226728e-12
1 3.14643412598e-12
2 3.14618452109e-12
3 3.11610852896e-12
928 2.78925375083e-12
927 2.64219959201e-12
929 2.63494952721e-12
931 2.62308012234e-12
932 2.62134954353e-12
937 2.55762555912e-12
935 2.525254061e-12
939 2.48424456925e-12
941 2.45365108824e-12
940 2.44181775281e-12
942 2.41622238918e-12
948 2.35791489054e-12
949 2.35407229637e-12
946 2.34484014924e-12
950 2.33106431196e-12
952 2.26328660972e-12
955 2.23706943739e-12
957 2.22352864229e-12
958 2.20238088718e-12
959 2.20226040519e-12
960 2.19993547929e-12
963 2.11448594796e-12
964 2.11448594796e-12
965 2.0896682279e-12
967 2.07777906783e-12
966 2.07273005287e-12
969 2.02985639439e-12
972 2.02551738642e-12
970 2.00041530525e-12
975 1.98404179032e-12
971 1.97429271444e-12
976 1.94776344467e-12
977 1.92296194741e-12
980 1.73367673844e-12
983 1.64868239746e-12
986 1.53049718646e-12
991 1.40779794625e-12
994 1.33646884535e-12
993 1.31739882034e-12
1000 1.25687610834e-12
998 1.23388678398e-12
997 1.21359136337e-12
999 1.21093364115e-12
1003 1.19918560667e-12
1001 1.1937898367e-12
1005 1.18021402983e-12
1007 1.1632590374e-12
1012 1.14395758767e-12
1014 1.14389446608e-12
1018 1.10612238694e-12
1023 1.07737409243e-12
1021 1.07173065435e-12
1028 1.01454616306e-12
1030 9.3021831802e-13
1034 9.18100303823e-13
1036 8.9774393774e-13
1033 8.68723012809e-13
1044 8.55491069424e-13
1038 8.50778827339e-13
1042 8.41028827456e-13
1046 8.39821208366e-13
1047 8.25519198291e-13
1053 7.99036257993e-13
1052 7.92488731475e-13
1059 7.68016838026e-13
1058 7.51688425114e-13
1056 7.40606431547e-13
1064 6.87100107259e-13
1065 6.83302055867e-13
1066 6.68403272184e-13
1069 6.53862361714e-13
1072 6.40159911857e-13
1071 6.39304440516e-13
1070 6.3826627161e-13
1075 6.34186183254e-13
1078 6.3018223948e-13
1076 6.27395411956e-13
1079 6.26233585576e-13
1081 6.25645550626e-13
1077 6.22923051977e-13
1082 6.18541836527e-13
1088 6.17690363601e-13
1083 6.15921624157e-13
1086 6.10189042767e-13
