5 1.0
2 0.975514546416
1 0.975479990875
3 0.975198601651
7 0.0771819823087
9 0.0619471423188
8 0.0501663184077
10 0.0495602385366
11 0.0420694289272
14 0.0408144539977
17 0.0399762258014
20 0.0399717240201
23 0.0398181976463
19 0.0397858648667
18 0.0396169292766
26 0.0391259677817
29 0.0386487201452
39 0.0378172408413
38 0.0373408372822
36 0.0373408372822
45 0.036719890406
41 0.0366266126513
48 0.033835918583
52 0.0296715158648
53 0.0274989457868
60 0.0239336465805
56 0.0238004265661
64 0.023120289032
63 0.0231163654144
65 0.0229181250742
66 0.0228926358401
68 0.0228630135405
74 0.0221356659044
75 0.0220424853084
78 0.0212892935309
80 0.0212881563911
77 0.0212036493361
86 0.0209794655047
85 0.0206971095748
83 0.0206761333215
89 0.0206098449465
88 0.0205865663189
91 0.0202457721526
93 0.0201811807303
92 0.0200296531935
96 0.0199666701885
94 0.0199609072724
99 0.0198142328712
102 0.0197641622552
103 0.0191198522865
110 0.0180918388785
114 0.0174376999451
115 0.0168462431263
124 0.0167704044271
120 0.0165819660668
123 0.0163211646278
119 0.0160654258116
125 0.015698843864
132 0.014196395949
133 0.014196395949
134 0.0141128403293
136 0.0139045616751
135 0.0137969122054
140 0.0136347736717
138 0.0133908172868
143 0.0122039196774
149 0.0113771663483
152 0.0109303133386
159 0.00971190206742
163 0.00940678671927
164 0.00928086781547
167 0.00927082782143
166 0.00927070345696
169 0.00922661240324
170 0.0091510088704
176 0.00902677974712
174 0.00901991870811
173 0.00901396719702
179 0.00897295063499
182 0.008938888855
178 0.00892377256911
185 0.00890874988841
186 0.00890793729197
190 0.00887161865013
189 0.00886661555025
188 0.00886372962189
195 0.00886113626649
191 0.00885281088821
194 0.00882989139224
196 0.00880915690113
199 0.00879347494726
202 0.00879028380523
203 0.00878542089792
209 0.00872757389428
210 0.00869673935131
213 0.00867978826279
212 0.00865822457578
215 0.00863995202934
217 0.00861661800234
220 0.0086074530059
223 0.00860474594057
222 0.00860162470277
224 0.00860099265875
228 3.30850137294e-06
243 2.98102622539e-09
230 2.73560060649e-09
232 2.62732958085e-09
235 1.60152149515e-09
239 1.45305674371e-09
242 1.4411213643e-09
234 1.43407212714e-09
265 1.42556803971e-09
257 1.39993322052e-09
255 1.39043239321e-09
250 1.39036215861e-09
252 1.38053597684e-09
244 1.35983275908e-09
247 1.35480814726e-09
249 1.34485345447e-09
236 1.31416122392e-09
270 1.30793126848e-09
261 1.26535901873e-09
268 1.25858139042e-09
238 1.25673049466e-09
248 1.25159513059e-09
229 1.24955452164e-09
233 1.24947752679e-09
269 1.24609191837e-09
241 1.23791232759e-09
240 1.23669259418e-09
258 1.23434708182e-09
276 1.21801588941e-09
253 1.21589775129e-09
251 1.20843973202e-09
245 1.20792918671e-09
237 1.20538500497e-09
256 1.20292430783e-09
273 1.19588933556e-09
254 1.19275088979e-09
260 1.18931670183e-09
231 1.18917991132e-09
282 1.18669423733e-09
290 1.18584505764e-09
267 1.17121434363e-09
262 1.16522116593e-09
283 1.15875515173e-09
296 1.15811148685e-09
274 1.15607252099e-09
285 1.15243310072e-09
291 1.15136435506e-09
300 1.15111605337e-09
259 1.14971476775e-09
287 1.14907011515e-09
266 1.1485554351e-09
297 1.1460750811e-09
271 1.14414585875e-09
277 1.14408048242e-09
246 1.14312244727e-09
292 1.14281401635e-09
264 1.13674008362e-09
302 1.13281073338e-09
280 1.13239521344e-09
263 1.12983294828e-09
278 1.12920395726e-09
272 1.1279234569e-09
288 1.12761766519e-09
294 1.12691311309e-09
301 1.12624741823e-09
281 1.12469204623e-09
299 1.12239487055e-09
298 1.1199085318e-09
279 1.11819031508e-09
286 1.11437020355e-09
275 1.10981280357e-09
284 1.09659459408e-09
295 1.09098394539e-09
303 1.08410489306e-09
293 1.08248189251e-09
289 1.08194947219e-09
307 1.08137268915e-09
305 1.07975843539e-09
314 1.07847705253e-09
306 1.06715000957e-09
315 1.06315050847e-09
304 1.06237350308e-09
309 1.05906817494e-09
310 1.0540504197e-09
308 1.04963517561e-09
313 1.03674379655e-09
311 1.03416856809e-09
316 1.03321441094e-09
318 1.02892015995e-09
312 1.02657340875e-09
323 1.02405142141e-09
321 1.02161413615e-09
317 1.01180994747e-09
322 1.00669799516e-09
327 1.00331458816e-09
320 9.97713690253e-10
319 9.95494771068e-10
335 9.89561589386e-10
324 9.80550628193e-10
325 9.796639147e-10
329 9.77678549293e-10
332 9.75020366936e-10
333 9.62944080647e-10
340 9.61358922363e-10
346 9.60819792644e-10
334 9.60097418454e-10
336 9.57182938733e-10
330 9.53462871823e-10
341 9.51811289958e-10
331 9.48168457004e-10
326 9.4762488596e-10
344 9.4749422877e-10
328 9.45757594362e-10
338 9.39694452976e-10
337 9.38181098646e-10
339 9.32343110053e-10
342 9.28769751005e-10
345 9.24729752062e-10
343 9.19084731771e-10
347 9.09268873037e-10
355 8.99550507764e-10
351 8.96331889995e-10
348 8.95667054575e-10
353 8.94273109506e-10
361 8.89137314833e-10
356 8.83021051648e-10
349 8.79074032915e-10
350 8.77039733835e-10
364 8.740381603e-10
358 8.72494630412e-10
357 8.69688214862e-10
354 8.68514086407e-10
352 8.66941119914e-10
367 8.64944001889e-10
360 8.61688889167e-10
362 8.60759735774e-10
368 8.57799069844e-10
365 8.56318114559e-10
366 8.55247066528e-10
363 8.52342307753e-10
359 8.51523170236e-10
369 8.49452884649e-10
372 8.33695074926e-10
370 8.30192780382e-10
375 8.23593835226e-10
371 8.22009775218e-10
374 8.18400096428e-10
379 8.09066337117e-10
376 8.02626842877e-10
377 7.99492576245e-10
373 7.93834145046e-10
380 7.9302915524e-10
378 7.92456727039e-10
387 7.78177236691e-10
382 7.73295530621e-10
383 7.6961090918e-10
385 7.69139912302e-10
381 7.67639988204e-10
386 7.60476421646e-10
388 7.6031503271e-10
384 7.48640857049e-10
390 7.28403759832e-10
392 7.24664089871e-10
397 7.2237468706e-10
394 7.20698771158e-10
396 7.20409660644e-10
391 7.13488259681e-10
401 7.12863804013e-10
393 7.11946613806e-10
389 7.10220556877e-10
398 7.05770200046e-10
399 7.00053696176e-10
395 6.9938832375e-10
404 6.87971776213e-10
411 6.8459220799e-10
408 6.7911504876e-10
417 6.77919957743e-10
402 6.77077422738e-10
407 6.72858395773e-10
412 6.72856843618e-10
403 6.71926096492e-10
400 6.70599666543e-10
413 6.6999795762e-10
406 6.67147294563e-10
405 6.65587970981e-10
420 6.65553501274e-10
415 6.64205359853e-10
422 6.57021083361e-10
414 6.55107087474e-10
410 6.44677232882e-10
421 6.44583115396e-10
409 6.43256999956e-10
419 6.40174962643e-10
416 6.36239286287e-10
429 6.3265464673e-10
431 6.27370851747e-10
432 6.2222325343e-10
433 6.14854231593e-10
440 6.12729358285e-10
425 6.11677110535e-10
430 6.08910915153e-10
437 6.05159802331e-10
428 6.04252345402e-10
418 6.03742399448e-10
443 6.02088690837e-10
441 6.01503421668e-10
424 6.00174170264e-10
427 5.99032954092e-10
435 5.97370822187e-10
426 5.92172979859e-10
423 5.91519006125e-10
439 5.88359572951e-10
434 5.86170656588e-10
448 5.84995890994e-10
442 5.81724075029e-10
449 5.79679550912e-10
436 5.786282664e-10
438 5.78516819075e-10
444 5.76769964668e-10
445 5.74110333819e-10
450 5.72351800754e-10
453 5.70513657033e-10
459 5.67729248802e-10
456 5.66303159326e-10
451 5.63249224941e-10
457 5.63185535217e-10
452 5.62053214556e-10
447 5.59423113103e-10
458 5.59113253429e-10
461 5.58629082397e-10
455 5.57386799896e-10
446 5.56237973202e-10
460 5.53443686586e-10
462 5.51810139962e-10
463 5.50268868528e-10
454 5.49928298518e-10
465 5.49141203774e-10
464 5.45518682004e-10
467 5.45371716894e-10
471 5.41911856731e-10
466 5.39882174802e-10
472 5.38680835162e-10
469 5.3722467553e-10
476 5.33878633368e-10
475 5.33389173045e-10
478 5.33305958778e-10
468 5.31381022572e-10
470 5.31222840173e-10
481 5.28724184927e-10
474 5.27329584333e-10
473 5.27139457241e-10
480 5.24884684962e-10
477 5.23164776127e-10
492 5.20213578834e-10
491 5.17151851601e-10
488 5.16848977834e-10
494 5.15846019755e-10
482 5.1580010668e-10
490 5.1435065736e-10
485 5.11210744739e-10
486 5.11210742995e-10
505 5.10673018424e-10
483 5.10178460804e-10
489 5.08857211281e-10
479 5.08670194107e-10
493 5.08616630216e-10
484 5.08527989155e-10
487 5.08113936631e-10
504 5.04083110836e-10
499 5.03380076805e-10
498 4.95372262099e-10
500 4.92564555812e-10
502 4.91831897949e-10
509 4.88690758424e-10
496 4.86776658795e-10
507 4.86004579598e-10
501 4.85753724082e-10
497 4.85707428071e-10
503 4.82565184262e-10
495 4.82405882599e-10
508 4.76158790042e-10
515 4.7611132411e-10
506 4.70727296632e-10
510 4.69252499389e-10
512 4.68121264699e-10
514 4.66100610701e-10
528 4.55634112839e-10
518 4.53277730624e-10
521 4.52650167537e-10
511 4.51128113877e-10
516 4.5013493273e-10
532 4.45758041212e-10
513 4.4240409895e-10
522 4.41016841516e-10
534 4.37323005548e-10
535 4.33622674558e-10
523 4.32865718137e-10
517 4.3251381033e-10
536 4.31277781152e-10
520 4.27874916262e-10
519 4.27254310381e-10
525 4.27245624889e-10
529 4.25543274674e-10
526 4.23210582955e-10
531 4.20131106398e-10
527 4.1925140694e-10
524 4.1548312928e-10
530 4.05451213874e-10
533 4.00777355064e-10
537 4.00732135751e-10
538 3.97687855779e-10
543 3.97020730702e-10
540 3.94745162006e-10
542 3.94286647169e-10
541 3.90787771452e-10
539 3.86302466214e-10
545 3.83935893023e-10
544 3.83070635623e-10
547 3.80490256744e-10
551 3.7424940424e-10
556 3.70181768615e-10
553 3.66406992412e-10
554 3.66371458505e-10
550 3.65173756045e-10
546 3.64236295154e-10
549 3.60914899047e-10
558 3.6018584469e-10
548 3.59653073567e-10
555 3.57716330228e-10
557 3.54630283747e-10
560 3.52869318742e-10
552 3.49227615906e-10
561 3.48367991969e-10
559 3.46384335501e-10
565 3.46038392411e-10
562 3.4439435199e-10
564 3.42112771965e-10
563 3.40982928085e-10
567 3.39315361808e-10
566 3.37241420699e-10
569 3.37176410632e-10
570 3.34009303775e-10
576 3.32017723057e-10
577 3.31988061598e-10
575 3.29705915007e-10
227 3.29668251882e-10
572 3.29294641633e-10
574 3.28598376909e-10
573 3.28002422935e-10
568 3.2670746701e-10
578 3.26467200945e-10
571 3.25804986014e-10
585 3.24157575482e-10
581 3.21605563538e-10
586 3.21172899937e-10
580 3.21163631278e-10
579 3.21042734116e-10
583 3.20364545891e-10
588 3.20055227386e-10
590 3.19746171893e-10
589 3.19424835935e-10
591 3.18895304044e-10
582 3.18667376036e-10
592 3.18592408672e-10
584 3.18075652052e-10
599 3.17690293866e-10
601 3.17586594187e-10
596 3.15145813192e-10
597 3.15040663678e-10
606 3.14107482583e-10
593 3.13745857902e-10
598 3.12268210188e-10
604 3.11995997099e-10
600 3.10966662182e-10
595 3.10547816354e-10
587 3.09942446499e-10
594 3.09451958156e-10
608 3.0884381691e-10
615 3.08313627672e-10
614 3.07959590481e-10
226 3.07871067181e-10
617 3.07188186651e-10
609 3.0686960071e-10
605 3.0588358556e-10
611 3.05694779465e-10
603 3.05105666558e-10
626 3.03756720348e-10
623 3.02792918294e-10
602 3.02284144092e-10
616 3.02036929009e-10
627 3.01643178189e-10
619 3.00616756884e-10
629 3.00283008677e-10
621 2.98790703333e-10
612 2.98671217622e-10
607 2.98364315088e-10
630 2.98321453484e-10
631 2.98321433654e-10
610 2.94833708751e-10
613 2.94324903983e-10
633 2.93991973529e-10
620 2.93741190635e-10
618 2.93164336638e-10
634 2.92216203565e-10
628 2.92004979158e-10
622 2.88103113441e-10
625 2.8803704495e-10
632 2.87961505536e-10
624 2.87651526446e-10
644 2.87350476165e-10
649 2.85742203197e-10
636 2.84565946869e-10
638 2.84554359072e-10
635 2.837015571e-10
637 2.83140788727e-10
639 2.82192833341e-10
640 2.81985213814e-10
645 2.81897867716e-10
641 2.81688958605e-10
646 2.81566833268e-10
642 2.80126576991e-10
643 2.79398052405e-10
647 2.78107750467e-10
648 2.77085933972e-10
656 2.76678665132e-10
652 2.76637989399e-10
650 2.75818344317e-10
654 2.72943904887e-10
659 2.72274988477e-10
653 2.71545891273e-10
660 2.70703816358e-10
658 2.69859744331e-10
655 2.68077850616e-10
651 2.67330768441e-10
664 2.67273547671e-10
661 2.65484624537e-10
657 2.6485061116e-10
666 2.64435596784e-10
665 2.64073029742e-10
663 2.64035729999e-10
667 2.6149761191e-10
668 2.61317034125e-10
670 2.59515605397e-10
662 2.57518661839e-10
671 2.56383229807e-10
669 2.56328586165e-10
675 2.55974505144e-10
673 2.54165843312e-10
676 2.52688538244e-10
677 2.52271419176e-10
679 2.51877067256e-10
672 2.48586907423e-10
682 2.46547748528e-10
684 2.45935934215e-10
674 2.45688747485e-10
678 2.42958205006e-10
680 2.42669064196e-10
686 2.4140597249e-10
683 2.41367668724e-10
681 2.40722525747e-10
687 2.38648022175e-10
692 2.37119026265e-10
688 2.37116280645e-10
696 2.36893443826e-10
689 2.36834197559e-10
693 2.3571571288e-10
691 2.34506148891e-10
697 2.34498771236e-10
685 2.34072939712e-10
695 2.33135940883e-10
700 2.31941761507e-10
704 2.31903536071e-10
703 2.31693820783e-10
705 2.31360135791e-10
702 2.3096832575e-10
690 2.30820434864e-10
706 2.29826371781e-10
717 2.29508559711e-10
698 2.2788319298e-10
707 2.27660595358e-10
694 2.27487944508e-10
713 2.26803699935e-10
711 2.26642693519e-10
712 2.26606073986e-10
709 2.26302985004e-10
714 2.26169717322e-10
701 2.25476597938e-10
708 2.24774145596e-10
699 2.24690908115e-10
710 2.24492802805e-10
715 2.23451015575e-10
225 2.19922275376e-10
718 2.17455639028e-10
719 2.1710193813e-10
720 2.16744919815e-10
716 2.16728281681e-10
724 2.16501208606e-10
729 2.16276867503e-10
723 2.14754315691e-10
727 2.13198597091e-10
730 2.12840080923e-10
731 2.12546235764e-10
722 2.12522632131e-10
721 2.12234514985e-10
725 2.11808031576e-10
735 2.10570146687e-10
726 2.09082143863e-10
738 2.08402448107e-10
737 2.07944244721e-10
728 2.07900000553e-10
732 2.07536057372e-10
741 2.07535557744e-10
734 2.06544375091e-10
739 2.06037492513e-10
736 2.05781385138e-10
733 2.05432625233e-10
740 2.05137886611e-10
742 2.04669438977e-10
744 2.04239001834e-10
750 2.02325422266e-10
752 2.01657055324e-10
747 2.01649342259e-10
745 2.01538442151e-10
743 2.0135949662e-10
746 2.00375216546e-10
753 2.00201332099e-10
754 1.99156300081e-10
749 1.97740084833e-10
751 1.9696797125e-10
748 1.96228737835e-10
756 1.95529039497e-10
761 1.95311760471e-10
755 1.94652631971e-10
757 1.92705945158e-10
759 1.9214848661e-10
764 1.92095786979e-10
763 1.91800126254e-10
762 1.91530841711e-10
758 1.91037955242e-10
765 1.90199804186e-10
760 1.89639507284e-10
766 1.89597496479e-10
768 1.88817374255e-10
767 1.87071919157e-10
772 1.86794660725e-10
775 1.8545487324e-10
770 1.85032502275e-10
771 1.85002545592e-10
778 1.84898866626e-10
773 1.84348067118e-10
769 1.83751719855e-10
776 1.83520932686e-10
780 1.8330578545e-10
779 1.827694523e-10
795 1.81081949109e-10
782 1.80338735457e-10
777 1.79767813179e-10
774 1.79105894988e-10
786 1.79076710192e-10
784 1.78737663456e-10
783 1.77624932386e-10
799 1.77615788169e-10
789 1.77093790563e-10
793 1.77093482109e-10
787 1.77052580544e-10
792 1.76807442907e-10
785 1.76653774689e-10
790 1.76491313437e-10
791 1.76467713922e-10
805 1.76280508032e-10
797 1.75590430238e-10
798 1.75360506978e-10
801 1.75174478173e-10
781 1.74772108941e-10
811 1.74598576416e-10
813 1.74419325879e-10
816 1.74404901259e-10
807 1.74339847353e-10
830 1.73999669495e-10
804 1.73992686732e-10
829 1.73942641254e-10
820 1.73651433513e-10
788 1.73587534296e-10
817 1.73561037877e-10
794 1.73361036106e-10
812 1.73109682176e-10
823 1.73109447538e-10
796 1.72898367304e-10
822 1.7281519165e-10
828 1.72799874438e-10
803 1.727659289e-10
843 1.72579964259e-10
833 1.72569831045e-10
818 1.72499398702e-10
839 1.7244721103e-10
847 1.72374410236e-10
834 1.72356533687e-10
810 1.72293181269e-10
814 1.72149775227e-10
800 1.72077939889e-10
842 1.72049496855e-10
826 1.71900393996e-10
824 1.71882818136e-10
836 1.71862608134e-10
815 1.71791144961e-10
827 1.71788564015e-10
802 1.71772894559e-10
819 1.71732109597e-10
808 1.71721114699e-10
848 1.71708183722e-10
844 1.71646260057e-10
849 1.71539345966e-10
825 1.71435944315e-10
835 1.71364122366e-10
821 1.71236110971e-10
806 1.71126459444e-10
809 1.7112098476e-10
838 1.70967709098e-10
846 1.70956564092e-10
840 1.70759856524e-10
837 1.70712988373e-10
841 1.70408726659e-10
831 1.70338923125e-10
832 1.70338885377e-10
845 1.7033648299e-10
850 3.85983319602e-12
852 3.16040468779e-12
851 1.68096303634e-12
216 1.0629184829e-12
218 1.04809382185e-12
221 1.021650108e-12
219 8.82057768761e-13
214 8.49522848758e-13
211 8.39378924411e-13
207 7.67654840536e-13
206 7.60897943826e-13
208 7.56302312253e-13
205 7.47199954759e-13
204 7.42158804929e-13
201 7.31281930347e-13
197 7.22050313697e-13
200 7.17880880814e-13
198 7.06151058044e-13
192 6.67679311364e-13
193 6.58605129472e-13
187 6.40518392609e-13
184 6.09669476782e-13
181 6.08715334418e-13
183 6.06666671459e-13
180 6.04803376467e-13
177 5.88980031684e-13
172 5.76618506733e-13
175 5.73063590045e-13
171 5.62280032155e-13
168 5.35633162456e-13
162 4.8763173834e-13
161 4.87270502368e-13
160 4.80548350617e-13
156 4.57527202728e-13
154 4.57467448816e-13
165 4.43496572582e-13
158 4.38780844056e-13
145 4.34680415203e-13
151 4.32893679091e-13
146 4.23281094793e-13
155 4.22968099156e-13
157 4.22403750815e-13
144 4.22121611161e-13
153 4.20705365401e-13
150 4.18003036724e-13
148 4.11890570368e-13
147 4.11597413265e-13
142 4.01009168189e-13
139 3.98072626549e-13
141 3.93587078638e-13
137 3.44416223611e-13
131 3.27183882603e-13
130 3.08506703899e-13
128 3.00911743542e-13
129 2.94238911508e-13
127 2.94214170918e-13
122 2.56735399023e-13
121 2.56071582819e-13
126 2.54882309876e-13
118 2.42428117534e-13
117 2.35335189911e-13
116 2.35335179517e-13
113 2.34977571462e-13
112 2.32483447157e-13
111 2.3167975891e-13
109 2.27777704505e-13
107 2.23836277714e-13
105 2.23330815333e-13
108 2.22882345892e-13
104 2.21164385226e-13
106 2.20671013902e-13
101 2.14965242805e-13
97 2.1104673085e-13
100 2.08612357566e-13
98 2.07715316613e-13
95 1.99186186323e-13
90 1.8517194201e-13
84 1.60582544504e-13
82 1.58589143455e-13
87 1.56143881217e-13
79 1.51863473102e-13
81 1.45412152694e-13
76 1.44230255067e-13
854 1.37924864083e-13
72 1.32512724894e-13
73 1.29342731259e-13
71 1.25369965503e-13
69 1.25362147406e-13
70 1.25267540655e-13
67 1.22339526034e-13
61 1.20702999583e-13
59 1.19598163623e-13
62 1.18980801371e-13
57 1.18495814901e-13
58 1.15713999356e-13
55 1.08901886407e-13
54 1.03092807101e-13
50 9.25915785023e-14
49 9.25915407362e-14
51 9.2578488298e-14
47 7.44798523033e-14
44 7.15205471201e-14
46 7.12989535696e-14
43 7.11616588432e-14
35 7.07120932363e-14
42 7.05846910548e-14
32 7.05824520964e-14
34 7.05320465574e-14
33 7.04860853159e-14
37 7.0405298034e-14
40 7.03889181471e-14
31 7.03776141095e-14
30 7.00516190127e-14
13 6.99773392133e-14
6 6.93701791447e-14
27 6.92874664606e-14
28 6.90502022268e-14
25 6.90248223702e-14
24 6.89139028472e-14
22 6.86909454234e-14
21 6.86139450199e-14
15 6.83901743662e-14
16 6.83634281456e-14
12 6.81270679793e-14
856 6.69429164685e-14
4 6.40773718105e-14
0 6.35306903184e-14
858 6.07210993274e-14
864 5.98585702708e-14
866 5.97785655907e-14
857 5.97413795491e-14
862 5.92038926654e-14
865 5.8249382888e-14
861 5.78353110818e-14
867 5.61004967632e-14
870 5.60738626212e-14
868 5.44917197938e-14
869 5.41431718501e-14
872 5.40792344211e-14
874 5.31751009732e-14
876 5.0103774436e-14
886 2.94826360613e-14
883 2.92962178353e-14
890 2.92845397584e-14
888 2.81989999539e-14
896 2.75626301821e-14
894 2.58079087372e-14
895 2.57721771527e-14
898 2.33296149757e-14
903 2.10120915387e-14
904 1.99262368513e-14
853 1.92167443389e-14
907 1.89213099541e-14
911 1.65266714398e-14
917 1.57557049539e-14
915 1.56299517102e-14
919 1.48631235546e-14
923 1.4375872915e-14
924 1.41349350816e-14
922 1.40605537295e-14
925 1.4055599753e-14
926 1.2453555804e-14
930 1.1743628542e-14
933 1.08415280222e-14
936 1.0805327895e-14
934 1.07358499761e-14
938 1.04418737878e-14
945 1.03276348228e-14
943 1.03192840868e-14
944 1.03192840868e-14
947 1.00498530099e-14
953 9.24289771877e-15
954 8.85054808096e-15
956 8.78512132724e-15
951 8.57425544738e-15
961 7.68983552966e-15
962 7.40155228164e-15
968 5.99031946059e-15
973 5.16904797734e-15
974 4.59405444805e-15
978 4.33040252428e-15
985 4.0595939092e-15
982 4.00503601667e-15
979 4.00065863159e-15
981 3.87511333963e-15
984 3.82132459218e-15
989 3.65137703114e-15
987 3.63324541774e-15
988 3.63297553142e-15
990 3.59478394839e-15
992 3.2310999528e-15
996 3.18199351571e-15
995 2.88015853841e-15
1002 2.79763236898e-15
1004 2.64378581076e-15
1008 2.61708812517e-15
1011 2.58483633122e-15
1006 2.54604556657e-15
1009 2.5458246809e-15
1013 2.54448509598e-15
1015 2.51105089734e-15
1010 2.50576859082e-15
1016 2.40303873139e-15
1019 2.36011363994e-15
1017 2.35631389239e-15
1020 2.34425059418e-15
1022 2.30937966233e-15
1024 2.21348199655e-15
1025 2.21203710831e-15
1026 2.19841245081e-15
1027 2.18534040793e-15
1029 2.18501785503e-15
1031 2.16644339225e-15
1032 2.15381717329e-15
1035 2.13697335666e-15
1037 2.07813205118e-15
1040 2.05732330904e-15
1039 2.04415659512e-15
1045 2.03440438561e-15
1041 2.03081372716e-15
1048 2.01298985268e-15
1054 2.00799288413e-15
1043 2.00555558215e-15
1050 1.97745700151e-15
1049 1.97745700151e-15
1051 1.95827597373e-15
1055 1.88595621374e-15
1060 1.87876686266e-15
1057 1.87685498469e-15
1062 1.86641160391e-15
1063 1.85621004546e-15
1061 1.85122500254e-15
1067 1.82908626505e-15
1068 1.80089826093e-15
1084 1.7753587116e-15
1073 1.76875353891e-15
1074 1.7671406415e-15
1080 1.74867149141e-15
1085 1.72761127316e-15
1087 1.70695444376e-15
859 5.69541702555e-16
860 5.66181581456e-16
863 5.00326638814e-16
855 4.95054671366e-16
873 2.24248537927e-16
877 2.09568544905e-16
875 2.03628693511e-16
871 1.91187415259e-16
880 1.67282640401e-16
879 1.66626819535e-16
878 1.64931440935e-16
881 1.50114296838e-16
882 1.49183864298e-16
887 1.48056948862e-16
884 1.46142741006e-16
885 1.45907923944e-16
889 1.44208890069e-16
891 1.41761565112e-16
892 1.34746396686e-16
893 1.32276614107e-16
900 1.31865476818e-16
897 1.31267921974e-16
899 1.28644057361e-16
901 1.23339879137e-16
902 1.22670143777e-16
905 1.11840947509e-16
906 1.09825013312e-16
908 1.0759962227e-16
909 1.0759962227e-16
910 1.06879844297e-16
912 1.03912984215e-16
913 1.03737812119e-16
916 1.0277335502e-16
918 9.78687030031e-17
914 9.68794012497e-17
920 8.6907648323e-17
921 7.54923930293e-17
928 5.73622124789e-17
927 5.40278438641e-17
929 5.38613273469e-17
931 5.35931569097e-17
932 5.35627531266e-17
937 5.21137640821e-17
935 5.1390898114e-17
939 5.04598291339e-17
941 4.97741529136e-17
940 4.95077057185e-17
942 4.89330611742e-17
948 4.76292195068e-17
949 4.75444224147e-17
946 4.73419902849e-17
950 4.70257844554e-17
952 4.55178557455e-17
955 4.49462418265e-17
957 4.46468255334e-17
958 4.41737355356e-17
959 4.41709724201e-17
960 4.41110679103e-17
964 4.22381363851e-17
963 4.22381363851e-17
965 4.16988707131e-17
967 4.14419301031e-17
966 4.13301084925e-17
969 4.03911002411e-17
972 4.03030188048e-17
970 3.9761241418e-17
975 3.94009547065e-17
971 3.92005104091e-17
976 3.86308864969e-17
977 3.80976073998e-17
980 3.40608702793e-17
983 3.22586338243e-17
986 2.97743102453e-17
991 2.71555140736e-17
994 2.56509468133e-17
993 2.52485918353e-17
1000 2.39712892421e-17
998 2.3486316389e-17
997 2.30608048252e-17
999 2.30026708421e-17
1003 2.27592748998e-17
1001 2.26473493033e-17
1005 2.23643970644e-17
1007 2.20086150274e-17
1012 2.16051407322e-17
1014 2.16049453392e-17
1018 2.08237876633e-17
1023 2.02303996207e-17
1021 2.01175162984e-17
1028 1.89401675022e-17
1030 1.72164059486e-17
1034 1.69657373727e-17
1036 1.65494355004e-17
1033 1.59575676337e-17
1044 1.56899848547e-17
1038 1.55923860345e-17
1042 1.53962852197e-17
1046 1.53702152825e-17
1047 1.50801958762e-17
1053 1.45448471638e-17
1052 1.44100981769e-17
1059 1.39160675597e-17
1058 1.35881510738e-17
1056 1.33670870923e-17
1064 1.22932155137e-17
1065 1.22163993954e-17
1066 1.1917892009e-17
1069 1.16261310572e-17
1072 1.13516661656e-17
1071 1.13345270773e-17
1070 1.13138642934e-17
1075 1.12322076158e-17
1078 1.11519392806e-17
1076 1.10963382328e-17
1079 1.10730072772e-17
1081 1.10612393302e-17
1077 1.10070880028e-17
1082 1.09194970521e-17
1088 1.09021940226e-17
1083 1.08671515673e-17
1086 1.07527972837e-17
