0 0
1 0
2 1
3 1
4 0
5 1
6 0
7 1
8 3
9 2
10 2
11 2
12 3
13 3
14 2
15 2
16 3
17 3
18 3
19 2
20 3
21 3
22 3
23 2
24 2
25 2
26 2
27 3
28 3
29 2
30 2
31 3
32 2
33 3
34 2
35 3
36 3
37 2
38 3
39 3
40 3
41 2
42 2
43 2
44 3
45 2
46 3
47 3
48 3
49 3
50 2
51 2
52 2
53 2
54 2
55 2
56 2
57 3
58 2
59 2
60 2
61 3
62 3
63 2
64 3
65 2
66 2
67 2
68 2
69 3
70 2
71 2
72 2
73 3
74 3
75 3
76 3
77 2
78 3
79 2
80 2
81 2
82 3
83 2
84 2
85 3
86 2
87 3
88 2
89 3
90 2
91 3
92 2
93 2
94 2
95 2
96 2
97 3
98 2
99 3
100 3
101 3
102 2
103 3
104 2
105 2
106 2
107 3
108 3
109 3
110 3
111 2
112 3
113 2
114 3
115 3
116 2
117 3
118 3
119 3
120 2
121 3
122 2
123 3
124 3
125 5
126 5
127 5
128 5
129 3
130 5
131 5
132 5
133 5
134 3
135 5
136 3
137 5
138 5
139 3
140 5
141 5
142 5
143 3
144 5
145 5
146 5
147 3
148 3
149 5
150 3
151 5
152 5
153 5
154 5
155 5
156 4
157 5
158 5
159 5
160 4
161 4
162 4
163 5
164 4
165 5
166 4
167 5
168 5
169 4
170 5
171 4
172 5
173 4
174 5
175 4
176 5
177 4
178 4
179 5
180 4
181 5
182 4
183 5
184 5
185 5
186 4
187 5
188 4
189 5
190 5
191 5
192 5
193 5
194 5
195 5
196 5
197 5
198 4
199 4
200 5
201 4
202 4
203 5
204 5
205 5
206 4
207 7
208 6
209 6
210 7
211 7
212 7
213 7
214 8
215 8
216 8
217 8
218 8
219 8
220 8
221 8
222 8
223 8
224 8
225 8
226 8
227 8
228 8
229 8
230 8
231 8
232 8
233 8
234 8
235 8
236 8
237 8
238 8
239 8
240 8
241 8
242 8
243 8
244 8
245 8
246 8
247 8
248 8
249 8
250 8
251 8
252 8
253 8
254 8
255 8
256 8
257 8
258 8
259 8
260 8
261 8
262 8
263 8
264 8
265 8
266 8
267 8
268 8
269 8
270 8
271 8
272 8
273 8
274 8
275 8
276 8
277 8
278 8
279 8
280 8
281 8
282 8
283 8
284 8
285 8
286 8
287 8
288 8
289 8
290 8
291 8
292 8
293 8
294 8
295 8
296 8
297 8
298 8
299 8
300 8
301 8
302 8
303 8
304 8
305 8
306 8
307 8
308 8
309 8
310 8
311 8
312 8
313 8
314 8
315 8
316 8
317 8
318 8
319 8
320 8
321 8
322 8
323 8
324 8
325 8
326 8
327 8
328 8
329 8
330 8
331 8
332 8
333 8
334 8
335 8
336 8
337 8
338 8
339 8
340 8
341 9
342 8
343 8
344 8
345 9
346 8
347 8
348 8
349 9
350 8
351 8
352 9
353 8
354 9
355 8
356 8
357 9
358 9
359 9
360 8
361 9
362 8
363 8
364 9
365 9
366 9
367 9
368 9
369 9
370 9
371 8
372 9
373 9
374 9
375 8
376 8
377 9
378 9
379 9
380 9
381 9
382 9
383 9
384 9
385 9
386 9
387 9
388 9
389 9
390 9
391 9
392 9
393 9
394 9
395 9
396 9
397 9
398 9
399 9
400 9
401 9
402 9
403 9
404 9
405 9
406 9
407 9
408 9
409 9
410 9
411 9
412 9
413 9
414 9
415 9
416 9
417 9
418 9
419 9
420 9
421 9
422 9
423 9
424 9
425 9
426 9
427 9
428 9
429 10
430 9
431 9
432 9
433 9
434 10
435 9
436 9
437 9
438 9
439 9
440 10
441 9
442 9
443 9
444 10
445 10
446 10
447 10
448 10
449 10
450 10
451 10
452 10
453 9
454 10
455 10
456 10
457 10
458 10
459 10
460 10
461 10
462 10
463 10
464 10
465 10
466 10
467 10
468 10
469 10
470 10
471 10
472 10
473 10
474 10
475 10
476 10
477 10
478 10
479 10
480 10
481 10
482 10
483 10
484 10
485 10
486 10
487 10
488 10
489 10
490 10
491 10
492 10
493 10
494 10
495 10
496 10
497 10
498 10
499 10
500 10
501 10
502 10
503 10
504 10
505 10
506 10
507 10
508 10
509 10
510 10
511 10
512 10
513 10
514 10
515 10
516 10
517 10
518 10
519 10
520 10
521 10
522 10
523 10
524 10
525 10
526 10
527 10
528 10
529 10
530 10
531 10
532 10
533 10
534 10
535 10
536 10
537 10
538 10
539 10
540 10
541 10
542 10
543 10
544 10
545 10
546 10
547 10
548 10
549 10
550 10
551 10
552 10
553 10
554 10
555 10
556 10
557 10
558 10
559 10
560 10
561 10
562 10
563 10
564 10
565 10
566 10
567 10
568 10
569 10
570 10
571 10
572 10
573 10
574 10
575 10
576 10
577 10
578 10
579 10
580 10
581 10
582 10
583 10
584 10
585 10
586 10
587 10
588 10
589 10
590 10
591 10
592 10
593 10
594 10
595 11
596 10
597 10
598 10
599 10
600 10
601 10
602 10
603 11
604 10
605 10
606 11
607 10
608 10
609 11
610 11
611 11
612 10
613 11
614 11
615 11
616 11
617 11
618 11
619 11
620 11
621 11
622 11
623 11
624 11
625 11
626 11
627 11
628 11
629 11
630 11
631 11
632 11
633 11
634 11
635 11
636 11
637 11
638 11
639 11
640 11
641 11
642 11
643 11
644 11
645 11
646 11
647 11
648 11
649 11
650 11
651 11
652 11
653 11
654 11
655 11
656 11
657 11
658 11
659 11
660 11
661 11
662 11
663 11
664 11
665 11
666 11
667 11
668 11
669 11
670 11
671 11
672 11
673 11
674 11
675 11
676 11
677 11
678 11
679 11
680 11
681 11
682 11
683 11
684 11
685 11
686 11
687 11
688 11
689 11
690 11
691 11
692 11
693 11
694 11
695 11
696 11
697 11
698 11
699 11
700 11
701 11
702 11
703 11
704 11
705 11
706 11
707 11
708 11
709 11
710 11
711 11
712 11
713 11
714 11
715 11
716 11
717 11
718 11
719 11
720 11
721 11
722 11
723 11
724 11
725 11
726 11
727 11
728 11
729 11
730 11
731 11
732 11
733 11
734 11
735 11
736 11
737 11
738 11
739 11
740 11
741 11
742 11
743 11
744 12
745 12
746 11
747 11
748 11
749 11
750 12
751 12
752 11
753 11
754 11
755 11
756 11
757 12
758 12
759 12
760 12
761 12
762 12
763 12
764 12
765 12
766 12
767 12
768 12
769 12
770 12
771 12
772 12
773 11
774 12
775 12
776 12
777 12
778 12
779 12
780 12
781 12
782 12
783 12
784 12
785 12
786 12
787 12
788 12
789 12
790 12
791 12
792 12
793 12
794 12
795 12
796 12
797 12
798 12
799 12
800 12
801 12
802 12
803 12
804 12
805 12
806 12
807 12
808 12
809 12
810 12
811 12
812 12
813 12
814 12
815 12
816 12
817 12
818 12
819 12
820 12
821 12
822 12
823 12
824 12
825 12
826 12
827 12
828 12
829 12
830 12
831 12
832 12
833 12
834 12
835 12
836 12
837 12
838 12
839 14
840 12
841 12
842 12
843 14
844 14
845 14
846 13
847 13
848 13
849 13
850 13
851 13
852 13
853 13
854 14
855 14
856 13
857 14
858 13
859 13
860 14
861 14
862 13
863 13
864 13
865 13
866 13
867 14
868 13
869 14
870 13
871 13
872 14
873 14
874 13
875 14
876 14
877 14
878 14
879 13
880 14
881 13
882 13
883 14
884 14
885 13
886 13
887 13
888 13
889 14
890 14
891 14
892 14
893 14
894 14
895 14
896 14
897 14
898 13
899 14
900 14
901 14
902 14
903 15
904 15
905 14
906 14
907 15
908 15
909 15
910 15
911 14
912 15
913 15
914 15
915 14
916 14
917 14
918 14
919 14
920 14
921 15
922 14
923 15
924 14
925 14
926 14
927 14
928 15
929 15
930 14
931 14
932 14
933 15
934 14
935 15
936 15
937 15
938 15
939 14
940 14
941 14
942 14
943 15
944 15
945 14
946 14
947 14
948 15
949 15
950 15
951 15
952 15
953 14
954 14
955 14
956 15
957 14
958 14
959 15
960 15
961 15
962 14
963 15
964 15
965 15
966 14
967 15
968 15
969 14
970 14
971 15
972 15
973 15
974 14
975 14
976 15
977 14
978 14
979 15
980 15
981 14
982 15
983 14
984 14
985 15
986 14
987 14
988 14
989 15
990 15
991 15
992 15
993 15
994 16
995 15
996 15
997 16
998 15
999 15
1000 15
1001 15
1002 15
1003 15
1004 16
1005 15
1006 15
1007 15
1008 16
1009 16
1010 16
1011 16
1012 16
1013 15
1014 16
1015 16
1016 16
1017 15
1018 15
1019 15
1020 16
1021 16
1022 16
1023 15
1024 16
1025 16
1026 15
1027 15
1028 16
1029 16
1030 15
1031 15
1032 15
1033 16
1034 16
1035 15
1036 16
1037 15
1038 15
1039 15
1040 15
1041 15
1042 15
1043 17
1044 17
1045 17
1046 17
1047 17
1048 17
