53 1 0.6493281297754236 0.1343074751536215
206 0.2855157690245279 0.2756161111977484 0.03646844101638889
314 0.3801984802483775 0.3703829489447421 0.10650546536349632
2545 0.6643608728450847 0.6072549917965966 0.09546453100827698
2671 0.499546940371527 0.4242783972975104 0.09252345501459233
4072 0.496442387205103 0.4709425222954906 0.12824625628807984
4997 0.6660447653431128 0.5553541963538648 0.11080608177677868
5224 0.4272438599693535 0.4167373234316405 0.08792993867958747
6359 0.5985815156240472 0.5261594875950881 0.16752671535029837
6942 0.9961697995956074 0.8728926768571379 0.2141272112867589
7333 0.6581761132140409 0.5750214981749948 0.13452023168003865
9007 0.6662375679888353 0.6343520056061107 0.13945879138019832
9588 0.4283799800501418 0.3727775154231777 0.0869564063675743
10330 1 0.7740541412977215 0.1372281056686461
10575 0.4278942050198254 0.418251330855192 0.13592774024227317
11223 0.3808236405439857 0.2966613344452441 0.0620021140187787
12079 0.8317305887780096 0.7400692563994856 0.183829124312462
12411 0.6613687838724581 0.6313895644398411 0.11465685267733476
12841 0.499420187485921 0.4671318576225236 0.09639375409893489
13991 0.3799907586529443 0.3686321475520156 0.0799071968401075
14712 0.4992261403301309 0.4956273370678578 0.06863423359551432
14894 0.332941728940468 0.2749819136784629 0.09478449165231165
15059 0.4999809123819099 0.4944260831164883 0.11938264882493158
15355 0.4999035816148097 0.3795303677299525 0.1020157118937839
15427 0.3997140529833117 0.3885644512428906 0.09900491377491587
15826 0.6972439149446356 0.6690286633481192 0.14510750139177891
15895 0.499019841354511 0.4089714482391775 0.08012946600463652
17245 0.3985431407700629 0.3866657749441082 0.07228388984581885
17890 0.4636665924683209 0.3857227334295475 0.11076514652200459
18557 0.6988561632658746 0.3989421715754675 0.08644911394696632
19352 0.4654813891515879 0.4460157625038866 0.10562848686393111
20656 0.5996021286099562 0.558501704197363 0.13081152207155475
21901 0.8296591388664005 0.6266173362897833 0.13037225445140024
22148 0.9817992851958324 0.8911442660249926 0.19332447343998152
22420 0.5968637588857637 0.3871557971661536 0.08097580951085426
24880 0.4952548084392791 0.472051641599703 0.07477769366341315
25613 0.2218637185691506 0.183561780398182 0.02282674267704573
26094 0.2117777942792002 0.1935646955314 0.0211401564002965
26834 0.6657661675007542 0.4779621831809465 0.04636082986630339
27520 0.999129031989411 0.7902668602085248 0.19463734814552602
28317 0.6652980361393269 0.5857834235151822 0.14591922789059486
28572 0.6641089916575182 0.6359675710159158 0.1484686074394623
29192 0.4992126500022884 0.3804202046693477 0.07560562304793302
29420 0.4275123558689014 0.4078924181609949 0.07561166811365279
30190 0.8315241772142752 0.6728071998338832 0.11843875426964565
31796 0.5311414430207539 0.4029587488747894 0.09904565914197505
32006 0.5999322623406467 0.4676767337737347 0.11615259940917114
32012 0.5968758111860638 0.5113786150874694 0.1502243388286926
33216 0.5996632044006594 0.4806362846852153 0.1351107780204047
33669 0.4995218176720262 0.402825763936709 0.10829634593508754
34489 0.332975504759928 0.25613096337171 0.036117529173926834
34506 0.4659051289507026 0.4393759422945999 0.12300596199243903
35174 0.4637837225235612 0.4582921030090596 0.10190468793446006
35202 0.3605816991053125 0.280349110460915 0.08421631077155542
35557 0.3951674428782925 0.3411663777615917 0.09052905937539213
36890 0.3326014367167709 0.3061104201889727 0.05855086443134945
37863 0.6666569421860519 0.6495245253168953 0.08488895937532191
39169 0.6489158702515983 0.4214478148962327 0.10403000438017386
39229 0.3467626408281937 0.3218678842736368 0.05999301607107054
39550 0.6660246804842619 0.6274663178374361 0.14573485978913064
41718 0.6631927333445688 0.5829587244109764 0.14703835855757635
42781 0.9974733707979211 0.711146519567009 0.11588843631186285
43352 0.3988839762253309 0.3755224654595416 0.053089849034494534
45935 0.6528938964098672 0.3753456053329273 0.10069997175426956
46939 0.6650830143852138 0.630958215648738 0.13079350925930294
47583 0.822030288802226 0.5771898541030746 0.1045733485036009
48258 0.4994306255758133 0.3490918686326363 0.08777033659096616
48289 1 0.7651241416423118 0.10617872019229613
48338 0.6663472708814805 0.535892028075503 0.10432598427163732
50703 0.4989528325555834 0.4687115037239688 0.11329765478036141
51804 0.332961100767916 0.3259312882935143 0.08418469114434295
51960 1 0.7224884314991976 0.11773436341331954
52216 0.4997216210574559 0.431788996796129 0.053266941582793687
53415 0.6659761646276784 0.4525559759816377 0.12685386754832917
53447 0.3990145751690406 0.3646342967796821 0.052711057661614845
53925 0.466513600392536 0.3427167825361627 0.04496959910688799
54543 0.7990437586558533 0.7584977382335818 0.207726190344961
57996 0.5977616743290335 0.4640590639734779 0.09582607339819209
58693 0.3569429498232962 0.3267842164993608 0.08555085586779096
59756 0.6639305398647561 0.6638233826523465 0.16409309788358073
62282 0.2853995180534332 0.2114092639102357 0.027322047345789042
62638 0.6663533683680242 0.6481736311471692 0.11380402434842823
64183 0.3328680825017835 0.2776379812653571 0.033416545470776875
64439 1 0.9650657483799377 0.17790243864239297
67524 0.6661289947168611 0.5430730075792403 0.0840470987930565
69273 0.3321438075318113 0.2334620909696594 0.033493596004435446
69362 0.499220687307283 0.4880699973675691 0.1032824913733846
69413 0.2431560128854897 0.2081856699726797 0.04184064990259702
70090 0.6986688651301319 0.5302059881241453 0.11719606301827268
70373 0.4997272440596181 0.4982245556238254 0.10134931774438283
71137 0.8332785754043606 0.5678739767034764 0.11883967981258768
71150 0.7800057909801704 0.5611301604363753 0.14284008933075426
71187 0.5987037154986999 0.5534255572761175 0.11262665460455563
71335 0.9983389290427273 0.5830877690963089 0.08636193939201396
73189 0.5611790761560024 0.5122619707766775 0.1424564435070724
76217 0.4755896777576582 0.2114585928438763 0.029253138526554628
76958 0.5989651421309801 0.5379287102166224 0.09048422403446676
77701 0.6873153869831833 0.5626422748058069 0.10860575536244996
78323 0.3230746022154963 0.3068002092138355 0.035088667203733284
79261 0.497851530722494 0.4686948145264008 0.10640896773635673
81588 0.6637935648061906 0.6118498536267778 0.14888988146765875
84530 0.331938974114516 0.2645644031410995 0.028548153694078884
85990 0.3328070694451356 0.3232151004176661 0.042590064313561604
89210 0.699329833256752 0.628427756854025 0.1571225165238458
89560 0.3780227765940496 0.325903939971369 0.06908062345200609
89670 0.4995457200318971 0.4806171852077074 0.17155027957229188
89828 0.4978305514447555 0.4941266191728802 0.12054947816124574
90235 0.6658446916058772 0.6293339854074009 0.1449767291454001
90256 0.5977308135461378 0.4585208822179218 0.07062230361510764
90649 0.3981839516558529 0.3363031811713128 0.08663146850894823
91133 0.4989557555024735 0.3542904401423118 0.05631671670760089
91364 0.599849914449794 0.4466243489161027 0.09193126193160023
94052 0.4974012812796882 0.3934433189347872 0.10980412946676955
94065 0.6661627315587019 0.6381830828630897 0.1338007620149344
94092 0.4874162684397686 0.3830926378827721 0.0541106229621221
94675 0.5991760841259705 0.5409731004211534 0.13062816756103676
94774 0.4986992922935341 0.4723462125418122 0.0829798113520538
94952 0.8308551151626081 0.5926093344193721 0.09930379584990416
95825 1 0.6481777778701717 0.12447823892851163
97077 0.4994651112540638 0.3983995110863467 0.07014765409495086
98322 0.3996614351967068 0.3722242404296172 0.055570845374012336
98676 0.6658993805647077 0.5576742032475899 0.05992375224854269
99358 0.8316032851904124 0.7298051267143036 0.13581880245521671
99366 0.666509347916183 0.6283233232608044 0.11789677394907208
99373 0.6974867151928486 0.655651450550283 0.12559995575836663
100212 0.4997989606229345 0.4837437790743444 0.12108035319800783
100451 0.9953815082521258 0.6467301662137034 0.1366961773359719
100639 0.4996345185966395 0.4740432362801652 0.09253168853167018
101773 0.598740927129023 0.5429169147321428 0.12626263826260045
101913 0.5988090380201202 0.5366982518258299 0.16160225508512824
102332 0.5990501390516686 0.5589506329025565 0.12861078106612664
102602 1 0.9345442926885932 0.19445690607104033
103100 0.4660546698808908 0.3901256203804961 0.10357983393843748
103681 0.4996472881978372 0.4868947589684852 0.1298670758913837
104311 0.665912637055664 0.6568523961502482 0.16039532869003648
105200 0.6661415526926035 0.3660855864066524 0.0514445937737344
105424 0.3211085312723884 0.2827161102242191 0.035913620855862596
106338 0.9990013796708788 0.4728720073845986 0.1166335856246488
106707 0.3331250351013115 0.3329169136914282 0.08022354474906354
107306 0.6651901225349415 0.5830877690963089 0.07460556276592221
109327 0.1805182545193829 0.1330431561134541 0.017352962783219603
110364 0.2496465290793565 0.1829502247361075 0.028528339768256583
112290 0.4645085728612839 0.3853388295980783 0.0872389747536306
114459 0.2851430705077352 0.2689854848969352 0.04162497459920272
114895 0.6647679138553948 0.6356473654904907 0.12773996244577718
115802 0.999838883216394 0.6205490074652003 0.145053835552952
116385 0.5999423561790154 0.54909311313264 0.10223130444503747
119142 0.4216405496420663 0.2655161208043272 0.03591049340005699
120080 0.6653711152760503 0.4805753488683519 0.10401915795271266
120138 0.8326710666933706 0.6878301260707411 0.12212563636722713
120879 0.6663562504606872 0.6448723401529844 0.15423500664766032
121162 0.4646033836240745 0.3317640307960129 0.0463203801735807
122439 0.2995045770529607 0.2775368228048479 0.04185502522316004
122541 0.6661262054484962 0.4483893550724621 0.11189820205652005
125109 0.9964005119826459 0.7169592949313669 0.14778930086944175
125340 0.5987741941851954 0.543180565609785 0.15058893583538435
126156 0.599831319746889 0.5590977653769011 0.08637386307417032
126765 0.5994442328728711 0.5927842189871902 0.14252833717201108
126875 0.6662318629046253 0.4121596191014093 0.10875771837795094
126884 0.3995350195068451 0.3775751610336095 0.06852179459492523
127459 0.5311742361417477 0.3271415451948214 0.034000089811949144
127578 0.9976435135403229 0.5846105123889676 0.1213184433389549
128074 0.3330760596506275 0.3156903930861334 0.08477188810214584
128080 0.3319944959790707 0.2680368157110545 0.03590989000607612
128869 1 0.6650096223253218 0.11443565850589013
129312 0.2829659493355579 0.2411332338960497 0.02937599379647087
129878 0.2496420282728926 0.2330407372386152 0.029391690247795477
129898 1 0.6028193140006028 0.09200167720237427
130925 0.4275537263852973 0.4118589312726794 0.08950961107074112
134180 0.997485461278764 0.8558232952434852 0.15140165682719972
134371 0.4831402747878893 0.4367566302995774 0.11113145088369777
135440 0.3323137478050464 0.3305328654064606 0.04217187680078708
136057 0.4967057715141597 0.4691827968187577 0.08849960557944209
136124 0.6951440293206546 0.3458154040303948 0.07481010686701382
136542 0.4650419211974999 0.3484280438152694 0.08786384039507025
136667 0.5982193158529272 0.4626625980840923 0.09868187256612783
141323 0.4249544668730967 0.3697242812675195 0.1223029254937983
141619 0.3316001712804783 0.2827161102242191 0.03620273877332432
141930 0.1987146591002007 0.159138480581982 0.019354796730341083
143172 0.4984653953105997 0.361654580963029 0.09829312006302979
143237 0.4644695263440262 0.4523485737553334 0.1014600386375863
144391 0.5061444119419553 0.3425718637936338 0.08877131004469911
145414 0.526873597560855 0.431356167440408 0.13048787049431007
148923 0.3986086742387318 0.3607780365029211 0.05835734813974491
150987 0.6647415861363464 0.5537636661616671 0.09866092925105659
151377 0.6655176075581392 0.6348809533483768 0.12018581521467611
153454 0.4991505483716229 0.4121758264093957 0.07267634206583165
155013 0.8326179889319591 0.7233722307253846 0.1913399071878047
155762 0.5998994100645037 0.3236278650567623 0.033921676487023135
156315 0.5312705320798892 0.4606908189208997 0.1400595379192569
156650 0.999046535348065 0.6074654072731605 0.06815241812473906
156676 0.3991265471582421 0.3788663903169282 0.10842995403290359
156985 0.46653707759867 0.4362731457574266 0.07992761149128394
157206 0.9987726833448137 0.8517140047459315 0.1607137078347179
158195 0.4646675296027717 0.4512392633808713 0.0773478818957055
158657 0.4759767915601479 0.4291364051897063 0.07152255711899974
158693 0.6991213002495975 0.5021079853804961 0.12808844454289675
159123 0.5967940753628182 0.5923610623636233 0.13878839125814743
159278 0.9994270975629279 0.732645688485211 0.16444132644434148
159741 1 0.7556108966672094 0.16638747529088468
160202 0.3991973944358733 0.3771124885689151 0.07091653444520726
160457 0.3204230129935575 0.2592273399184839 0.028643389500493846
160861 0.5986129325312111 0.5528566418252066 0.1281651062869607
161431 0.9994553653984079 0.5851172748751138 0.1606621123860844
163504 0.4223670879016613 0.2792256912023525 0.05301690125455169
164623 0.6657129961544892 0.607357990028557 0.1453221126786961
165272 0.6992613659329946 0.6049938515378726 0.09406606465218104
166071 0.3971906818951064 0.3370366044771206 0.05223593970472762
167020 0.5992990108170183 0.5871810530885296 0.18636603148302802
167054 0.6606358744955036 0.4227419714712282 0.11222548514451094
167402 0.9964351997010002 0.7028414999047446 0.15290643894310166
168439 0.8068829830980072 0.7787628621991552 0.17650177165085762
168953 0.9984008172483269 0.7409841167845421 0.17043867538390498
169242 0.6663139148352009 0.5819542146495594 0.10274340839869385
169605 0.4998617037297881 0.3395690039911614 0.061811464354380403
169664 0.5970305895906701 0.5424396718768179 0.11909101702542131
170377 0.665493395544768 0.5893186918286153 0.14946725471318179
170707 1 0.7311267733706548 0.16238886465730873
170805 0.5316918294468914 0.5052786886199891 0.09574723517990616
174222 0.8310690125752363 0.6354574728531399 0.1087253610422052
174443 0.5984991442531698 0.5818827751177316 0.1585645633771466
175363 0.4094159938806852 0.4050254063713387 0.11914426704920164
175941 0.497335636877739 0.4074634156229187 0.09468722538816783
176730 0.3996035056530626 0.3454148646906695 0.06807644828514929
177071 0.6664004278326876 0.6539824190433186 0.1554087988255477
177714 0.6568183396526445 0.4398307956284306 0.10714239394736794
179568 0.5986722325422652 0.591733405333352 0.12495207590034466
179569 0.4984986360078314 0.3541953000530335 0.07709492179909333
180771 0.6967330582814503 0.2486222494441702 0.03390847342996883
181590 0.5245705044489685 0.2997084660322298 0.07749523896511394
183349 0.9953761547729885 0.5730673988562947 0.12752603036881438
185203 0.4962762176567729 0.4811448471092225 0.108017815250498
185209 0.8302857565972562 0.4160474262198196 0.12550640770538915
185499 0.498321533569826 0.4547576556391497 0.12675121432979491
185539 0.4273511068454666 0.2506775252188354 0.038034958695853965
186730 0.9947173274726104 0.5307085287374028 0.10694602586971638
186898 0.6626181310491929 0.4783333523484739 0.10592755613605646
186914 0.3810559713104765 0.3800512930495829 0.0918256252891824
186941 0.6662139605043262 0.5749891940655256 0.11684658115298227
187139 0.6652157582930558 0.5347144199309244 0.11446472242769938
187964 0.4997950794669214 0.4301292571650356 0.07081310959604224
190840 0.3329082470038491 0.2985593598071672 0.07091859636855588
191036 0.999123356391535 0.6650109164963615 0.12564106365719485
191281 0.5956407095544896 0.5666799210595626 0.1332704756366887
192681 0.2535012329995912 0.2481725780237921 0.07818615342184336
192816 0.597921720665038 0.5011602059906368 0.11187620435266091
193061 0.6645733918797347 0.632398174379396 0.0971479404346912
194101 0.4989826587566153 0.4652354296895823 0.09251059518591723
194469 0.4949884758966722 0.45495351309238 0.11349082259659192
195711 0.9986489489923112 0.552842765728793 0.0965516145835713
195788 0.8270346694086885 0.6411476475654678 0.13859317247141986
197068 0.6662448319600613 0.5785983292678786 0.11616633615242923
197293 0.5978612446182695 0.518303041765352 0.09755335358032685
197993 0.9963287908967755 0.5450930845432931 0.1333644878580742
198742 0.3808428229202561 0.35929688859665 0.0463280656304183
199374 0.9956867321463469 0.781808301775214 0.2003627694201249
199709 0.6664405088080272 0.5723049535630723 0.0613666852621055
200308 0.8272236345834612 0.5728470885424087 0.10981100746297577
201961 0.4992445713705355 0.3644943158817218 0.05511898462119054
203628 0.6997438690658411 0.5708518442461 0.1062224997510178
203958 0.5990201593121184 0.5108854456495759 0.09379008276648784
205230 0.398172118947998 0.3458910566181282 0.06192499355499701
205860 0.5995846765022214 0.4817620274117537 0.12295898999231257
205928 1 0.923972253626875 0.14922995688058172
206087 0.6630145609570579 0.5131859152598267 0.10764415624960047
206810 0.4992162942621881 0.4518829316963552 0.0767770337434369
207038 0.3997505215741228 0.3944551771516496 0.10759978205136653
207172 0.4275644205549786 0.3444211364118292 0.054242448435091385
207343 1 0.8723810338771852 0.1454828278353441
207432 0.3332692988903393 0.2782294268178958 0.06758670269894304
207576 0.4652208080763411 0.3940223646365167 0.08743100512218249
207927 0.6645657861648525 0.5120030539582562 0.11821021659687747
207961 0.6602410418414866 0.6182944613236891 0.14529765966146213
208855 0.5985963625383613 0.2702397292909969 0.037941571649446885
209597 0.3209932656039405 0.2769905647123817 0.03970199716709461
209950 0.2773453842224543 0.2716767238478764 0.07483275899033444
210717 0.2493448102126972 0.2203583491592633 0.026669675417288412
210982 0.5994103003115223 0.5032322086912826 0.11813265262690512
211239 1 0.7517576497852996 0.1529352312758824
211421 0.66489179386813 0.5576662546114312 0.11495721427804279
212199 0.5213774515557506 0.4611318955045134 0.11345087029913743
212602 0.24860850276239 0.1871291463017812 0.023652692846276267
213374 0.2493146403461828 0.2222914021663746 0.02837953306749405
213401 0.2591551914395117 0.2014457805212244 0.02441838523379198
213420 0.3998847652167761 0.394877273072431 0.08826977205018054
213796 0.2331516727724519 0.2033261158062445 0.030537295730083912
214274 0.6993758596281008 0.6159142281854031 0.16383147383770774
214868 0.9995116050121455 0.7064799031784158 0.17791777374710177
214957 0.3993152629457287 0.3815238945648913 0.08684120495276453
215883 0.2763232318182839 0.2413939516820529 0.033710790479062724
216288 0.6661784318079358 0.5843167963385215 0.12350018916158803
216596 0.5327303313167729 0.353946591788151 0.09745753358895806
217821 0.7937005640136734 0.7388856701799277 0.1677696503392902
218099 0.3202348274038441 0.3112542707305427 0.04809526992158374
219637 0.3991224037371324 0.2770996172933513 0.03684055755556723
221523 0.6662854159502116 0.5028446180317785 0.11075370477147975
222037 0.8233582870370755 0.6649549251641219 0.13393923498407614
222650 0.9979774602161738 0.6560988269713678 0.14637705545380403
222659 0.8267373613396073 0.5457082228042199 0.13602179616504775
223124 0.9981400742096515 0.7244582904480046 0.1521245642627585
223950 0.4649722621568003 0.4607084106828853 0.09433128669548888
224980 0.5971307873119566 0.5157720861573797 0.11857669134025285
225517 0.5992474235809146 0.5663655234650602 0.13923342092715424
225673 0.8303667404039308 0.410490345261387 0.05703040569234274
225760 0.5965245935565175 0.5485778232174193 0.11314985642786984
228969 0.3046123238461247 0.2129047272443914 0.0278390543478748
229395 0.4661891798118803 0.3981144392397621 0.07862156070367399
229853 0.6996990223288517 0.5431583993726974 0.10841754788188361
231654 0.6998293023162487 0.5056084537071753 0.0799802741225627
231959 0.6662948895974194 0.5302528495600688 0.07592636361468766
232501 0.5987361111084745 0.5212196845270197 0.12950527763135217
233019 0.4992046082170202 0.4068350595167822 0.04921657419875003
233920 0.5955264293549466 0.5121619806350637 0.10986836165163776
234429 0.4700621190996949 0.4579698527697721 0.10887488536253488
235045 0.5968601124105977 0.5795701977257468 0.10882950087887719
235216 0.6652179267899986 0.5563998621554488 0.12488619911178023
236633 0.6660072124784491 0.4118994595530268 0.0496556210398002
236806 0.3973221324001704 0.375721371944958 0.09444095077469028
237149 0.4652594413688092 0.3915359093467516 0.08337212012822041
237400 0.4646465583152743 0.3229249559051285 0.08231530456318815
