3435 0.1663631484155837 0.6053947963075608 0.17211124975641642
3982 0.1157251309065535 0.5341490868111546 0.16897006175661705
4048 0.1195905599996563 0.3197050648291 0.12547707761257118
8448 0.1647963171334668 0.5637020817361083 0.21117320567810932
9117 0.04693409948783036 0.2170962639649776 0.09688693386204172
11230 0.1558322835623036 0.5081998987828464 0.16407066524814998
12925 0.08295889845104153 0.3579576489207538 0.11874018184364579
13277 0.1123703537993041 0.366365025293124 0.16361675772991455
13597 0.1813528298776357 0.5296855777728318 0.18845735272831862
19719 0.1522087933308303 0.5854160767922499 0.15706259811705225
23896 0.1811321531556848 0.6486508603539399 0.196897217831153
25759 0.2216874727364386 0.8113702301421583 0.22529206828252477
26220 0.1702983364110562 0.5732551320624774 0.1851714522292368
26452 0.1205150225026762 0.4040508974652017 0.13202967401653323
27548 0.1090932246342934 0.3882470629518368 0.14220920790393352
31844 0.1394758597210132 0.4781371853257641 0.14445719797279244
33456 0.165904549831758 0.656800694153402 0.1857642231159975
34551 0.1462110985901847 0.4357541262163022 0.1491983610792708
38141 0.1309064474751106 0.4302882015076851 0.1790736457959596
40567 0.1032235486743964 0.657825355303427 0.2586961322959556
40892 0.1639273563455422 0.545699864277069 0.18927315234653885
43090 0.1316989480113197 0.4890002283405902 0.17195664103513614
43143 0.09825868893975099 0.3820354153730319 0.11882568803697216
43150 0.1246854284218328 0.4914938975752726 0.13229450700509307
43157 0.1160619895965234 0.4741778912695155 0.2024892443075269
44193 0.1488738148564894 0.576550902006497 0.16976829281324798
44325 0.1577540857080181 0.5819860154921062 0.18591536703136927
46789 0.1626196134505288 0.4926587264490077 0.17962980343076687
48984 0.1400734349601117 0.5947502319959908 0.1973650822017176
49034 0.1953450189900667 0.6795834384944899 0.21989694160348014
49203 0.2496313197621107 0.8567299936766318 0.29299981257835583
53658 0.1223782699912355 0.4400014147440931 0.16857453213200935
54101 0.1430020767681947 0.5345980305381436 0.1870542080860681
55696 0.2475976686569973 0.9644571457418679 0.3000630246605457
56349 0.1792229027424085 0.6619179271269097 0.1999522705374797
58152 0.09896014232003697 0.4500261647109546 0.13284236927155535
60230 0.1016666270044998 0.3086929648627205 0.10282973310762426
63414 0.1922504759410739 0.7070221571112162 0.21030860112348576
68887 0.06363336613825524 0.2908570842852458 0.12592692244853698
68899 0.1315660682196621 0.5294001110443326 0.14754159419008128
70488 0.2632782108442551 0.8424384819468359 0.267901288274352
72784 0.1604248309392045 0.6151805925163732 0.20976592035396863
74113 0.1064971165649003 0.2889132836153493 0.12861797399087951
80982 0.223395220138369 0.8211157000429018 0.2762912540138588
81547 0.08851578045222247 0.3588740485918889 0.10732645099030526
84204 0.09877495338294926 0.3440049891264442 0.1161829988887762
84444 0.1754033015367311 0.5686411278299738 0.19204408094234943
87634 0.1747784494360244 0.6024860642797181 0.22645346627902954
87915 0.2102258601607276 0.8003114122006412 0.22943151872709044
89844 0.2079793883814249 0.7742861479823608 0.2594959240654451
90506 0.1458185909792443 0.441061052464723 0.16889714006262668
92065 0.1195816258814543 0.3568537135693342 0.13878238559352843
92304 0.09946988887876316 0.3649050109253215 0.12321622087434779
93315 0.0802733331353779 0.268788471717949 0.1076472434608178
93518 0.1607395435807887 0.4767738456477069 0.16295062121776657
94560 0.1378169279984071 0.4750882280393299 0.1858444899731001
97129 0.1155120767249178 0.5392602457990395 0.16603893532902467
97994 0.2517741898545741 0.8278937626563005 0.2740858725032738
98456 0.1100322117814244 0.3398823625759006 0.1342412011057704
100222 0.132059845365824 0.4224914935651469 0.13764441619451387
100623 0.247640674345848 0.796087421525765 0.24785478827207652
101598 0.1221217141506853 0.3136432964311159 0.12630733934020785
102043 0.1643875479771012 0.5150360438472233 0.19008597760819906
102258 0.1089702371472845 0.407402200522777 0.1415134240743211
103245 0.2401454131107885 0.7963067983290589 0.26009037664963663
107341 0.1611425251304448 0.4841561261365004 0.16752680730105618
108356 0.1824095631430778 0.5702485180888145 0.2232253746813989
109844 0.1588759656617735 0.6326375925069176 0.24032189402170448
111311 0.1316467967182853 0.5147970008174167 0.19472325977323857
111709 0.1037255016509525 0.4344160180514181 0.10595551236672973
112825 0.2334957665626023 0.7079267342474397 0.23803764260210608
121809 0.1897393860456427 0.5132527530095559 0.19802372603240082
122028 0.2478964261598912 0.7177817969248727 0.24890395053349088
122363 0.2221084088465058 0.7576333089630019 0.22911523216171584
122666 0.1535798870276507 0.5563005734870705 0.18688882522461447
122806 0.1745494554304872 0.6815188899412727 0.24044959453787382
123953 0.2159829280525031 0.7524834368458129 0.2502240812436198
124138 0.1612779232926486 0.4707876276436708 0.16190144651152055
124430 0.1710075436250958 0.5439808279907573 0.20747669676870026
124686 0.1762110259922938 0.5368578655234835 0.20883900564108923
124846 0.1161388869502661 0.4056466243394357 0.1325794454828615
124908 0.1986953182479792 0.7321696680106771 0.265360946807464
124926 0.1643687546362843 0.5323482875952946 0.17520504064359216
125809 0.1214972582538806 0.3867396276126338 0.15673905602035546
126094 0.17471720987675 0.5395095223545088 0.20504708368422142
128828 0.1515483974072796 0.5379167943615406 0.15411383737710185
128968 0.1998561555481007 0.6539790061546426 0.20032620573290086
129780 0.1307830500182618 0.4415013553674907 0.15288691328018844
131024 0.1985526394299713 0.7005304138646701 0.21873990619706238
131194 0.170901109397805 0.5853450936276856 0.20060625698234638
131648 0.1513061738601039 0.6640084351549886 0.24430560166022922
132046 0.1329757437762068 0.4819416320449265 0.14930731384669307
133184 0.08345402338725954 0.3285947929555434 0.11454275565547137
133533 0.09090914161385237 0.3081704650947211 0.12231733162152092
135351 0.1283896035611021 0.3691704326056481 0.14505506426203632
137341 0.09083128924246054 0.324143855968576 0.10356711755978579
140370 0.1960786021252624 0.675648580825591 0.2333490359704195
140474 0.2485559815313645 0.9948187978121028 0.29271118974755683
140569 0.1664232054644735 0.5484587568689926 0.2077884090315998
140995 0.1803000876647204 0.6463310948205073 0.19928292258294525
141577 0.07269854063399172 0.2221770195093894 0.09873048834050709
141759 0.2086161480581009 0.7328155885484074 0.2132774269342201
141768 0.1115793240965855 0.3167405259184064 0.12856259017747132
142466 0.1814334471999594 0.6146686413414654 0.18620594437422927
143590 0.1179571045556332 0.4740685379958936 0.17326464631326824
144981 0.1792094133284483 0.5461779067913605 0.19190907430508727
145600 0.1263647206739329 0.4914959775649414 0.13258462301030752
147284 0.1979506230335013 0.6766375096437347 0.21053818621339146
147396 0.09808773165127739 0.4026452890385496 0.1415854211347987
147591 0.1106539111461048 0.3123608212387023 0.13469636016504208
150715 0.1237726986127707 0.576538029170617 0.20773495124515898
151253 0.1172037059952071 0.4436384153992912 0.17455026632427048
152209 0.1095834535671249 0.3943077643138401 0.15754482418041468
152842 0.1695977161297563 0.5036469884500044 0.17716914766479247
153030 0.1049932381385873 0.3929154684351586 0.14580575290528083
153197 0.1183365069448942 0.4619439921475528 0.15297956379985214
154215 0.1086164064528533 0.3607065066687595 0.13180517091372465
155597 0.2163753305043095 0.7464862196634281 0.22569101740275105
156302 0.151566867877097 0.5294980332566787 0.1641551959163612
158405 0.1895834282023687 0.6070310485623746 0.19262084490182962
158977 0.09850479432461073 0.3229814729002354 0.11106356293130804
159803 0.1520479962024507 0.6121742220235278 0.1623872666444278
162904 0.1009747902502055 0.3636067911467066 0.14378728046692835
163707 0.2668391898459305 0.8335075236806659 0.28617466157615024
164522 0.09912093422209125 0.3181819066978786 0.11554653159030896
164996 0.1645301191539974 0.4894306240641384 0.17508078965294716
165108 0.199649082846988 0.7063438371336309 0.2471164857941903
169366 0.106313335848197 0.3416690819692976 0.1137572698796331
169384 0.1356706202593188 0.4392110597269442 0.15246943725065826
170761 0.153683854027707 0.4890304370656512 0.1596241545313462
171343 0.1657827329501718 0.6741783083779777 0.20969877516445876
172026 0.1971366681905821 0.6010103762582095 0.21206822500214206
172290 0.1101037476487702 0.4558744735452882 0.1538323621122389
173355 0.1013135562060404 0.3092559569305014 0.10376404963683453
174493 0.1663506540851809 0.5694801398263314 0.1915695243404715
175808 0.1296031771061263 0.4427222740589973 0.16664711641536822
177486 0.1744632167510438 0.6908236919082335 0.237671353764764
177891 0.110900078412867 0.4173240085019247 0.1329198679125387
178476 0.09777303085753048 0.3759350428928271 0.14168308369526025
179140 0.09583076618600527 0.2548554965199912 0.10903635097875328
179522 0.1917159496398722 0.6352851533408411 0.22458023145732023
179791 0.1164026815857976 0.3589682929545733 0.1288393031389484
180042 0.0974555090403465 0.4510247775675811 0.17020108695103864
180865 0.1661174578770525 0.6950927342424036 0.19802549304110792
181158 0.1958556138527253 0.726285102313938 0.23760540066649816
181912 0.1574779649438633 0.748271543114911 0.25593642945016626
181916 0.1619100523009851 0.6042849875322416 0.22900019813688768
182867 0.2477624364400612 0.8733676565525391 0.27795911406702256
184046 0.1412240852463744 0.4943894697784998 0.18798764384098568
184141 0.2045564774663352 0.6665963480941689 0.2134581787921768
184978 0.1882629882390161 0.6081508410781717 0.2143870875351272
186508 0.1786450761276254 0.6429905801007628 0.19219380255665997
187493 0.1312385988063347 0.4480878942706172 0.13509009696393987
189777 0.1356392713467489 0.4490893971612048 0.16810426546065607
190744 0.1173019704361058 0.5528080473777767 0.17455720575906472
190800 0.1534381314230602 0.5877819649211069 0.1905042851018762
191018 0.1810770638939027 0.5703901233731852 0.18147852240950918
193245 0.2164395142254454 0.6238690946896074 0.21771724701503828
195462 0.1966507997955352 0.6554859877538158 0.22689285757393304
195866 0.221624752610683 0.7396839605943851 0.2666313644632971
201760 0.1422080537657363 0.3605126807441772 0.1483121080676317
204410 0.1282516847071545 0.3892877044154877 0.14020086414994637
205853 0.1524866054589451 0.5031975698272337 0.18394745677047622
206670 0.1345249672148165 0.4277955353965942 0.13630677789625226
207120 0.2217290749498569 0.7877912568696633 0.2501056374124629
207805 0.1984670674224444 0.665221886028461 0.22012630025876723
209557 0.19450550561301 0.635168957168336 0.20701127049014661
210664 0.1320057435625119 0.5578032455309297 0.19621778391859204
212289 0.09679537574570346 0.3250297942475105 0.11452457936346991
213320 0.146764917992317 0.4880921097499336 0.17072435392999344
214073 0.2389816209341897 0.7456343753954197 0.2701344995329677
217314 0.1202716096248148 0.3559634399901303 0.12125086564807862
217891 0.1654749422544748 0.4935437223998704 0.17206094220101487
220059 0.1075513233997957 0.3381579488945168 0.13766261921407594
220566 0.1119561889263692 0.4090612928806048 0.14239368135072103
221048 0.1525436214810455 0.5565801576719158 0.15469746690150382
224412 0.04815792772264426 0.2124802028132586 0.07787624995601196
225982 0.1638591230047044 0.7070933657223681 0.23756998746951136
229399 0.2036832996733323 0.5446501671051512 0.20821776381492843
229649 0.1775889180473209 0.5832380183461303 0.1834709470258015
229679 0.1571896349392688 0.7113778053570013 0.1864005522355019
230321 0.1105322839995696 0.4769904330758861 0.1748140616796177
232301 0.1771196841945842 0.5862341878167237 0.17793757576036187
234815 0.1104407974694861 0.4205113892384142 0.12082523280958213
236106 0.1317985712355323 0.4001520686983036 0.13820634626328315
236243 0.1814434840416613 0.6109739236474206 0.18493915624077154
237278 0.1718429788822609 0.6708899147780685 0.20732574654790614
