929 0.02976142594498224 0.03973271373519136 0.0023910117038915537
2626 0.07995619067052844 0.08553062469340339 0.004740421705097454
3812 0.0007213615533043486 0.00375032633844162 0.0005455370353450922
3982 0.006924560274515555 0.03528826733510095 0.003623198368942309
4029 0.001569634861734221 0.004369255514353597 0.00026927496604402766
4473 0.002843616286753353 0.02316948190173783 0.0020891948908033694
5658 0.01071135908355246 0.01359574892266669 0.0007341179852741215
7683 0.01778692629083069 0.02397560782745463 0.0017197483526649225
8448 0.005264621359620683 0.01310840014737722 0.0028214725263848847
8903 0.03000612759645351 0.03036101562776642 0.001977570709867622
9117 0.0002443102443438866 0.005413105490884292 0.0015946857153224423
9144 0.05271724739546787 0.06629971958966077 0.005036926104907691
10254 0.02334587835841573 0.03603217112716582 0.0024625117453174993
11230 0.008099951850159149 0.01513206177885174 0.0020285075218240164
12072 0.01017630983387181 0.02522068218924847 0.002193709007876721
13555 0.01907822652902321 0.03082274251385313 0.003611382565426443
13597 0.02082962891647957 0.07679938154693192 0.005062261035285174
17135 0.009634290146003091 0.03280614962060075 0.002941774450881112
17435 0.1410964021896317 0.2095132373642474 0.007888299271041017
17723 0.01922253877902638 0.02429379506469165 0.0009300358780244209
17851 0.2169490083479555 0.2384518479901953 0.004278929292571249
18232 0.02762282767492145 0.04881346551624445 0.004166368681342313
18546 0.01772409392210289 0.05969642288529336 0.003999247889257583
22022 0.0105563723220073 0.03184461623489062 0.005234571097239053
24775 0.06105345886454036 0.06665101703377431 0.00279637988053068
25368 0.08712422991468206 0.08930149917864975 0.004193570139820429
25759 0.1228254994652232 0.1323562029930903 0.00761492185354196
26061 0.0100501921684997 0.01645114360718456 0.0010427465999399504
26815 0.08731256143251791 0.2381093646617816 0.009009128425650407
27697 0.1412391858700584 0.2653879053818757 0.005681380307016234
28658 0.0232095644422149 0.04392506042899409 0.003103948103423146
28904 0.001775122769638792 0.01028703918335724 0.00116979560984707
31844 0.01496863490899227 0.01835527271168022 0.0021249869031808445
32393 0.02497524289058371 0.06457566772645543 0.00519743678716358
33122 0.006835550495854069 0.00882610100504488 0.0013357555819761356
33565 0.01971011330659274 0.04809117034552813 0.003625110430522849
38261 0.04316165527321543 0.04628839595917776 0.004122323633207797
40567 0.01288213328318108 0.07874206213126678 0.006173214343679714
40874 0.01160399289708699 0.01471899022068138 0.0016399548920747339
43157 0.00354472678622972 0.01053943486398288 0.00255958414989257
45223 0.01932499519574635 0.0194525932801583 0.0014246899368981047
46789 0.02788018505155103 0.02919541766792455 0.0030559863944852692
48905 0.01820398502747052 0.02174928581599343 0.002526430334106274
49034 0.05165231636278928 0.05319391642125151 0.0044134068711343295
49077 0.02179263705444657 0.0348764132424158 0.0011764743057121419
50054 0.008783422377423837 0.01417395332127759 0.001550517323440799
52526 0.07484621854700595 0.1852966379049056 0.0066119506315460985
53107 0.007047322609111861 0.009364701207910818 0.0012137959369665173
54309 0.009222685296069343 0.02074525761415495 0.0022105793786361856
54703 0.01678294385006228 0.07789248098024319 0.0028927706816218183
55145 0.01527418262597078 0.03315517056304665 0.0023243969296228816
55696 0.05567357269820706 0.2257395342043177 0.010244446751155096
56349 0.1176708984741244 0.1467509619034524 0.005091259667812077
58152 0.02104947644277182 0.02409540653566372 0.001865520625546567
60230 0.008154662913000099 0.01059476075613682 0.0011603990340775276
60835 0.07639505404324545 0.07665761595902804 0.004616732268777703
61151 0.02586716174986464 0.03139494213896766 0.0021504711875037445
62983 0.005503722926434643 0.005547729683580035 0.0009359139447146347
63414 0.02216746048450171 0.03646822965943566 0.004005018111301898
64016 0.03602624046837522 0.03942677088027359 0.004003138797925
64634 0.003554849346464824 0.0157313986482579 0.0023394674886800994
64760 0.01578453525077104 0.03635014419802224 0.0036777209568476083
65723 0.05635307897054239 0.06850795381087683 0.0015060076798323087
66062 0.008709601746882168 0.01263167145041286 0.0018057530302653558
69274 0.004250180980651646 0.0189031316639878 0.0014882180287953733
69738 0.03406058845118669 0.03904339597618623 0.0035108648037222995
70488 0.04827631891756843 0.136875979612136 0.009795902021774211
71064 0.05355423687081683 0.07844620403008523 0.004171972722826797
72053 0.007171711394643443 0.02921961183801184 0.0021734902903763993
72784 0.0423468422311057 0.05957889992226434 0.0056304445280382235
73189 0.02307994891837187 0.03317445837186879 0.0024819173931392015
73197 0.03682427103090041 0.1058059151290137 0.006541451368588449
74129 0.01995293081683964 0.02955535308310227 0.0035854230037525455
74238 0.2871767861665631 0.5313891566662554 0.011944645695270805
75171 0.03149147312714985 0.04282672697402113 0.00171175279303367
75953 0.1317675259364313 0.1456686483445432 0.003659783268890676
76572 0.04164344865979049 0.05477187765080815 0.0029386402236860317
77333 0.01230602206880783 0.02012077104936243 0.0027769709357568662
77463 0.02029744888305772 0.0906267411297596 0.005406750276694787
77915 0.04078967906085369 0.04145084051445304 0.00514619919510116
79267 0.00828260222218057 0.0494028614710001 0.0027763822529341966
80672 0.08199827119525604 0.1175733422603856 0.0028148076172850502
80982 0.03047941650341431 0.1788126703931604 0.01048903042440757
81547 0.02460718614506614 0.02559533283311733 0.001270256257686209
82560 0.01619707310031634 0.02809798560519303 0.003036312642458812
83073 0.1016005917068459 0.1402260866486282 0.005717545729206328
83560 0.01245997562337691 0.02044187695329904 0.0016082328150187895
84622 0.008648594890894686 0.02952225103149128 0.0019251193021513281
84810 0.06351680824104696 0.08347009523218694 0.002011982403532229
86375 0.05320917761523953 0.06985769852761067 0.0027009691481634838
87168 0.01043668273025931 0.02129919895411853 0.002049442157324828
87312 0.02454304524864456 0.03323598075855724 0.002852774111947524
87634 0.04838522006447855 0.07496754244884483 0.007012131739953041
87915 0.05018101871672591 0.06054360857596763 0.004552932877192669
88358 0.08693319535000746 0.1660548655675465 0.005660460201554652
88904 0.02258330646032037 0.02855756226585681 0.00237620274344747
89844 0.03138780612556164 0.08560264806409561 0.0076752453149173516
90506 0.007109721786271516 0.03171020971563322 0.003791499546426054
90549 0.05273240672500438 0.06392819254596017 0.005959121474992576
90875 0.07442132183157892 0.09322030441424652 0.005592254870366202
91213 0.02520310240991778 0.02794837240668333 0.0019133939768049663
91583 0.004220465241536579 0.01378743425019346 0.0010171308467276279
91837 0.1638976589787785 0.1685710158721561 0.002913414899480567
92568 0.03975672607124612 0.05177805690457761 0.002863113219631004
93518 0.01710915459520895 0.0225684300378418 0.0030245257646381186
94012 0.1012778444399895 0.1437531425026053 0.006733223834567704
94290 0.04183423764364783 0.04456689448329762 0.0023807860556758677
95950 0.008069688462039666 0.01122831505110255 0.0018334306681655104
97129 0.02184505722156819 0.03800550122502918 0.0028398518767291103
97994 0.03449620125240542 0.1320675841022868 0.008615355337754545
98456 0.01022445541612161 0.01883407893053053 0.0018314545422450249
99741 0.1262498231667132 0.1522009457666294 0.005477615043949238
100090 0.02118907852789111 0.0418801902015635 0.0024377175469593878
100222 0.03070970452069544 0.03121592782284406 0.0029858945535337937
101234 0.02303622205958223 0.03838428429999092 0.0022865217630223407
101610 0.01227054878167783 0.02088775629841506 0.00146736160631919
102407 0.03676159308428196 0.04408758639046172 0.0013183941383060399
103269 0.02017420947638893 0.07466016186244152 0.005108202074764116
105422 0.004089355559687072 0.02573638668376527 0.002801541132152905
106330 0.2022973163891419 0.2452583637120721 0.009969846815678045
106693 0.09041190090803419 0.1783614305252304 0.0031566087904423812
107564 0.03432494504660733 0.04910685411688109 0.004355687621670243
108356 0.01390897397095146 0.05774955082966261 0.005516701049099227
109389 0.009279673126520786 0.02429375226300721 0.0019023888871882205
109928 0.01485077662914785 0.02859835308271833 0.0030203939836913707
111023 0.02297200095983118 0.02741394788064153 0.003177894089424803
112339 0.02477891533139749 0.02491442154286634 0.001257422451966678
112505 0.03156250427071937 0.03373668799026202 0.0026561569023146455
112876 0.001041136108215256 0.00932927679653456 0.0011068286145153392
112979 0.02638946365042688 0.03047642562625013 0.0035628842438873206
113673 0.03194311845226388 0.03317263994230139 0.0030281072967755884
114462 0.07179675611138281 0.07360210174076508 0.0038138197951870876
114505 0.03344905341680572 0.0809626293986678 0.004841930807480066
115165 0.0268897434972257 0.03404483570550286 0.0036548568790573167
116262 0.02084863141912765 0.02199855524763503 0.001397535391800131
119266 0.04001775728082249 0.04305923454150576 0.0012482276492614265
119268 0.0248153833952873 0.0327293968849415 0.001933272667057486
120284 0.01979471340028375 0.04407019749221346 0.003126376960677182
120922 0.003482420420751686 0.005844211675429261 0.0005998213857018624
121302 0.03306996856449848 0.05843008315710543 0.0029871517120090866
121956 0.003330655472763097 0.01377566894204689 0.0013252900681086511
122028 0.06102775274829949 0.08619978119666297 0.00662383069771461
122806 0.05484738239506872 0.07286546781257715 0.006600198662375189
123599 0.001787329624080343 0.01018347356758211 0.001365707761139143
123953 0.05398878376632146 0.1514739834997776 0.006314922799791157
124686 0.01664057338990984 0.022757201821721 0.003165518446057513
125300 0.05763684294313545 0.1832773420226045 0.0068442085066940245
125663 0.04387585545679253 0.05757281092162321 0.002168009925940095
125995 0.01188542201314736 0.01821997953028924 0.0030040830169104937
126633 0.2702871231120862 0.4730096754265939 0.009095893094575213
128146 0.02410535513245299 0.1110021900285236 0.008147616451334244
128635 0.3028480993321235 0.5313891566662554 0.01357174313584195
129780 0.02796459453901177 0.03159557915685557 0.0030514377947444896
129941 0.08131167016017932 0.08236278484132586 0.002544232017130465
131024 0.05746035386879977 0.06471827430515414 0.00434543400454841
131648 0.05621457257716364 0.05782954320716738 0.0045155005390488745
131943 0.01161641033828831 0.01295048695163401 0.001818095774273009
132126 0.01884703916324295 0.03256126916997529 0.005710787313276359
132564 0.02250969773474543 0.02601125414472886 0.002465836996628312
132701 0.02972981873989853 0.039459751475547 0.002514377770340436
133311 0.03897636694898637 0.06986320566404158 0.003963235188916276
133533 0.007376698094955588 0.009986485206068344 0.0015413786524397521
134870 0.007442220124105476 0.01189318680618496 0.001459663276715618
134968 0.03529612378033831 0.07260654331791366 0.004917156793681152
135241 0.05763452462207133 0.08945518964210478 0.006340253840455206
136560 0.04902921397924046 0.06000472984841355 0.0030146677610723965
137954 0.300047843233671 0.505764918188751 0.012351713303341838
139352 0.08027404492086919 0.08601007254760154 0.003532695319924609
139465 0.02206734503512117 0.02224466190091597 0.0023955254084271557
139978 0.05446663613256871 0.07000220388550461 0.0034811194372029335
140282 0.006081135422527275 0.01232386423645927 0.0014605598100712104
140474 0.09594686227468733 0.3194413673999167 0.011823019094536764
140995 0.04810717337706387 0.09047819954813319 0.004778515294089107
141216 0.002180292807140365 0.0260598598159461 0.0024509779875412888
141759 0.01027783430018844 0.05817918404945616 0.0050851333019401555
142395 0.01044946201478659 0.01174560152508873 0.0014498695438400339
142876 0.01383707057032642 0.02579984834163272 0.0018928783091512575
144217 0.02004509692100125 0.02069865350366105 0.0012904942625580128
144981 0.02058690164461735 0.02229229830002598 0.002814654377204464
146179 0.02004610637784327 0.0459962990400009 0.003527451822780931
152209 0.02404190021206846 0.03726383555871991 0.0022200127053671652
152842 0.03532256987180224 0.05965747801035417 0.005315986772407156
155597 0.05611978602385268 0.08407429945096362 0.005929869926550103
156268 0.01290446236514572 0.02225158499338236 0.0012534273040800156
156673 0.02026064120354719 0.026879508102058 0.0012267768293957669
158405 0.002251316184792417 0.03258817377641884 0.005390833863084677
159435 0.01294044532546329 0.03368560532539544 0.0025199884373018145
160648 0.0107074853457507 0.01304755853122321 0.0010621916344393091
162461 0.03271263919073373 0.04112792473470319 0.0027496908821621102
162767 0.01558790314437755 0.02899292870162518 0.0019563739461005277
163359 0.02201561266917659 0.04085975453362417 0.003248638981420383
163523 0.01513354273131903 0.02873335371517574 0.0012408641627895559
163707 0.03655800467174233 0.1892918961217858 0.010802711376178794
164522 0.006189211986057237 0.01110792116359137 0.0015359786825348538
164811 0.03172466520684168 0.1440313945208825 0.004416666849334882
165108 0.1233112124282868 0.1402610151023318 0.007844858051716553
166314 0.006343455116996808 0.04282534204719959 0.0022089138843854545
166831 0.007775350698651646 0.02453471064059349 0.0020528320987097757
167838 0.01381615614814438 0.01389431794286844 0.0011449302887670074
169627 0.08554125808914374 0.1028274627029213 0.005450652649094055
169764 0.06105188276880172 0.07027836316982151 0.0025246516535966496
170876 0.06234033657046481 0.06382475748036508 0.0025570850513854902
171155 0.01578172997408725 0.07621126980669317 0.0036528817306313716
171724 0.008691581747253844 0.0159093182137391 0.0014100328635589926
172835 0.02121157269792391 0.0395086047448769 0.002966404583753207
174110 0.1770997766667513 0.2262360001813835 0.0034707417357880514
174336 0.001487504574205689 0.006645208001557926 0.0007406534515973977
175100 0.008309374846160865 0.04583654913777083 0.0026631569118868038
175383 0.0159832215807311 0.01791497229432676 0.0014299839612867701
176679 0.04282943895009061 0.06413107656954999 0.0037700772831828467
177486 0.01655865554282802 0.07421502234624847 0.007900466933571267
177852 0.04305661647587961 0.05757025157501834 0.002212787580254025
179140 0.001675509613424862 0.003545851709169537 0.0009968759091343428
179497 0.02667974191623599 0.03392688927304488 0.0027398856481043858
179742 0.0461998388167523 0.06116816901715547 0.0020052991441819787
180042 0.01656678596056236 0.03558396841209512 0.00403679882577256
180716 0.03401923620454582 0.05028937586532615 0.0027562211149220637
180855 0.01403392552562565 0.0570840483188989 0.0036292781042109143
180865 0.0812395641004908 0.1842121549444523 0.005503373962444099
181158 0.06445319902570716 0.07567297420712488 0.0068273376548582225
181726 0.007064375040089364 0.07544920651726741 0.006013480887732635
181912 0.05314179885971376 0.08200044773143735 0.006014596462565494
181916 0.03296443671428231 0.1346725835298484 0.007241876388924326
181952 0.003396045129821957 0.01979202229944821 0.002542224136650579
182867 0.06270066474364128 0.1162134875318749 0.008148001035849997
183681 0.03598058128238375 0.07332812275496388 0.0036726734985109317
183700 0.04357560458470875 0.04740732707417745 0.005170752097325049
183952 0.003026658707226139 0.01328594839937221 0.0010350775149509071
185847 0.1049655186764359 0.1295015742182219 0.004722949855376278
186196 0.01913004297597965 0.02153363674148706 0.0019178417076498695
187397 0.003903606615344541 0.005721148602915045 0.0007318548023769778
189841 0.1203408446712018 0.2628771908486371 0.0054637893727595924
191429 0.04470537704660188 0.209480369527994 0.009055061074054774
191514 0.01147238430673742 0.01704190616526118 0.0025462281858489545
191645 0.01389039932706351 0.02291146974772604 0.0011799398214608848
192162 0.04765959319895857 0.08648297967546215 0.006309672738183187
193245 0.05784602989646629 0.06277857515540382 0.005978057810412586
193684 0.0241156461633309 0.03553310432132176 0.004251679748410572
194189 0.06397744815891342 0.1111632229855747 0.005242297230564057
195646 0.02246119056597487 0.02249092793945242 0.000625313577136693
195866 0.1131138594974306 0.2222121445037633 0.008864566400729482
197310 0.03633014684135613 0.1071931994076879 0.008550510907898358
197516 0.05939457734290372 0.08360214241586912 0.004013422923390873
197672 0.08229833023370104 0.1430662206881545 0.00677258500144044
199180 0.007057164592782258 0.01143445398834026 0.0007954156763557941
199198 0.04336580362730134 0.04397479413304217 0.004179028811944227
199786 0.1529946553440097 0.1759476814215847 0.0028963661288527354
199947 0.00311122133816033 0.02484024562562422 0.002670040565298053
199956 0.05997793878298273 0.08891403500070831 0.006334460691367002
199982 0.143819241761955 0.2349029339840933 0.006049907207114737
201747 0.05945417129984162 0.07327726620868698 0.006452170341220116
201803 0.0808618346873609 0.2652443089244758 0.00805750530703552
202027 0.08039326562094225 0.09349959859280561 0.002361929453007076
203364 0.01811822378283563 0.02205300009348157 0.0014253824549969624
204601 0.01686338839641512 0.03652756573708755 0.0030265482552094772
206526 0.003633851164123687 0.01614482962254932 0.0007177464166835853
207120 0.1235668722619383 0.2548353050455485 0.009547887600742839
209557 0.01942463878560246 0.03985528491093754 0.003916014561951516
210356 0.01116060284228876 0.01658647248557801 0.0011464670882460736
210387 0.09967401621782876 0.107092132998117 0.0035434201917817995
210670 0.0103445670773577 0.01108121181362912 0.0011796132891280311
211844 0.03676297255285032 0.04188063500837005 0.0025299632372084812
213320 0.01717596670205433 0.03113829147982375 0.0034836835166911517
213882 0.01268560474951375 0.01868378867984769 0.002220867784118287
213951 0.05850514102245486 0.066760442113227 0.002655752980655395
214073 0.0438677651298078 0.1020602901461056 0.008340924202074758
215287 0.0214821672451114 0.044476521744865 0.003356694047051347
215305 0.01600363665130504 0.05420992664221468 0.007308214872913237
216232 0.02508806751487738 0.08179534813584403 0.004993431681124249
216840 0.02237988106439067 0.02472204601314168 0.0016548500042122942
217777 0.005293960158231812 0.0129860419485411 0.0013557450065910664
218685 0.07695667570714676 0.08047736681903332 0.006332097934860476
219593 0.0167619334729244 0.02821277770271218 0.0015241993713578424
219649 0.07743702360161412 0.09092687124406361 0.005913222602170968
220059 0.005584743337660836 0.008050486779346281 0.0015462331235389132
220309 0.006552760510023172 0.01103029682011308 0.0014104272042937088
220566 0.009804768804455406 0.01482824056806945 0.0018305263787578693
222641 0.02357696110497106 0.02751811270783135 0.0015958241957435926
222702 0.02091279305041868 0.03103671031986249 0.0028135280630080454
223138 0.04037037755156999 0.06540705326087881 0.0017125031474614404
223617 0.04049881246957782 0.04273828907662317 0.003130565733623533
223645 0.05487074381721792 0.06785977778032275 0.0033546394161374457
223979 0.001919918504257737 0.01187744516112279 0.0011058821605480858
224033 0.06359007043001571 0.2104621152351565 0.007093030505974095
224124 0.06509840831118187 0.06627731035870461 0.001334124484371189
224129 0.032501660418726 0.0412825956934553 0.0035765447693062867
225982 0.0243213219067748 0.08585606841404839 0.007352930031211317
226024 0.1846786575886488 0.281649014467526 0.005770199819099625
226397 0.05144198228386073 0.05364047550467893 0.003938692366666172
228129 0.04578978110636375 0.0477320085726472 0.003084588503335912
228517 0.0298352703076871 0.03297679812230244 0.0024424688491789495
229649 0.01990230999982037 0.03337879384584029 0.003841107970221898
232301 0.02040877705808511 0.07147230569323006 0.005145696592364045
232489 0.03615388821965414 0.04269152728651868 0.0019146769713748889
233231 0.07931034180096031 0.1858041311998259 0.0038486856105254667
234429 0.006196402403220847 0.01190606190147321 0.0017500064683724614
234538 0.03937866732224343 0.04890597782724078 0.005088984524265126
235064 0.0842481031170545 0.2339199106281239 0.005946882211087239
237278 0.009163841522930629 0.05423361430382668 0.005796707543175297
