110 1.0
103 0.886254616741
102 0.886198226017
92 0.885521597974
96 0.885338397994
83 0.885152197927
94 0.884224366799
89 0.883952545701
78 0.883852356123
88 0.883838215575
77 0.883836072238
80 0.883782838642
85 0.883770799944
86 0.883576380613
56 0.883496888375
75 0.883383100349
74 0.883343581877
36 0.883312448234
38 0.883310757016
52 0.883205287995
11 0.883091115512
39 0.88308822605
45 0.883064567166
60 0.88304703283
20 0.883045058054
29 0.882988861929
17 0.882980931693
23 0.882964358579
53 0.882936583568
10 0.882928664965
14 0.88292115044
18 0.882920161814
99 0.882885276113
8 0.882882943698
66 0.882868960264
68 0.882867560634
7 0.882862840321
3 0.882756391595
9 0.882738970875
1 0.882735091218
2 0.882724957159
5 0.882709204522
19 0.88270022618
26 0.882572625715
41 0.882443584872
114 0.882421192497
48 0.88235897011
65 0.881832541869
64 0.881811187628
63 0.88180017261
124 0.881177448248
91 0.879239582855
93 0.879161594714
120 0.878534857645
115 0.872947430622
132 0.870304562486
133 0.870304556875
119 0.869644103101
123 0.869400574401
125 0.868119455315
134 0.86291186485
140 0.862822533779
136 0.862156595756
135 0.861873858486
143 0.860434984785
138 0.859418385953
149 0.855743164741
152 0.853262048801
163 0.850997237583
159 0.850821876253
164 0.849800135861
169 0.849265458366
166 0.848869224753
167 0.847897706131
170 0.846916696601
176 0.846585254305
179 0.845423905451
173 0.845322730331
174 0.845160772917
178 0.844492110676
182 0.844270937851
185 0.843557861786
188 0.843462448132
186 0.843430673057
191 0.843068800548
190 0.842821312592
196 0.842293377108
189 0.842235457301
195 0.842097936799
199 0.841596759155
194 0.841077333899
202 0.84080243271
203 0.839271485855
209 0.838490155022
213 0.836252143249
210 0.835659377646
215 0.834367096883
212 0.832064888442
223 0.82743129133
224 0.827224597171
217 0.826758697894
220 0.825886146112
222 0.825746645935
228 0.109555396592
230 0.0330961608565
243 0.0325548678931
232 0.03199867488
265 0.0309458895409
236 0.0308093166118
239 0.0307003214455
234 0.030692437291
270 0.0306692867587
235 0.0305701743233
276 0.0303657801669
257 0.0303105155812
269 0.0302767606343
252 0.0301935170212
250 0.0301517374501
240 0.0301365572259
290 0.030040648743
247 0.0299851710572
297 0.0299750727809
296 0.0299284939783
300 0.0299211567198
259 0.0296384414922
256 0.0296278863168
310 0.0296244086587
260 0.0295907188281
302 0.0295868804883
261 0.0295440748333
267 0.0294852971848
264 0.0294737473554
266 0.0294669118518
283 0.0294058747691
323 0.0293925369653
294 0.0293331052402
285 0.0293011219384
292 0.0292981126875
272 0.0292870638828
271 0.0292294780219
279 0.0292199765732
291 0.0292017790346
287 0.0291897963939
301 0.0291882074329
342 0.0291603488757
299 0.0291452519808
324 0.0291323734735
286 0.0290994445804
313 0.0290716600702
321 0.0290546321476
305 0.0290523860256
307 0.0290380236937
242 0.0290351794283
298 0.0290310517764
306 0.0290185632547
303 0.0290081257278
314 0.0290034767379
255 0.028982731794
315 0.028982190971
244 0.0289743974685
338 0.0289250509418
348 0.0289147186838
337 0.0289077718173
360 0.028898227704
334 0.0288654149156
268 0.0288511162696
363 0.028840094393
249 0.0288332670444
345 0.0288283921619
258 0.0287867926027
352 0.028761746275
330 0.0287367269064
335 0.0287339952186
353 0.0287264086778
229 0.0287094024613
332 0.0287059875493
233 0.0287039769427
241 0.0286912863394
325 0.028690972904
253 0.0286852750239
238 0.0286732546772
339 0.0286727948631
282 0.0286592681282
262 0.0286463988285
248 0.02864127726
340 0.0286292666751
368 0.0286081190433
273 0.0286027516133
336 0.0285839957835
331 0.0285678232885
373 0.0285572934752
274 0.0285489704337
365 0.028547691629
246 0.0285389555748
284 0.0285305214917
288 0.0285296485573
362 0.0285294703466
237 0.0285273384069
281 0.0285260982748
278 0.0285226963795
280 0.0285173370528
251 0.0285099674217
245 0.0285094745
263 0.0285000837328
380 0.0284989839505
277 0.0284983473464
293 0.0284927468409
275 0.0284896306856
254 0.0284891193222
295 0.0284786969478
316 0.0284718609231
304 0.0284662386319
349 0.028460415493
289 0.0284504517321
361 0.0284471260128
371 0.028447007134
231 0.0284364702767
370 0.0284358921957
308 0.0284310588628
359 0.0284276601346
309 0.0284240588883
318 0.0284221429524
312 0.0284078915437
327 0.0284065784591
382 0.0284031649448
385 0.0283981023289
364 0.0283841193749
397 0.0283790210784
322 0.0283779270906
386 0.0283777820312
357 0.0283772856521
333 0.0283767023116
320 0.0283684015572
311 0.0283664103443
319 0.0283630221852
376 0.0283609177968
379 0.0283554685036
329 0.0283548392665
317 0.0283488612893
369 0.0283432640943
341 0.0283336223173
326 0.0283204356966
372 0.0283013470238
346 0.0282924405703
374 0.0282921729407
377 0.028287916336
347 0.0282866805804
378 0.028278888581
391 0.0282750773731
396 0.0282655603782
344 0.0282655480068
381 0.0282605809346
328 0.0282564152679
351 0.0282489551447
384 0.0282449202534
367 0.0282314765634
411 0.0282260641718
354 0.0282230918735
401 0.0282218390684
350 0.0282174884966
355 0.0282150371121
358 0.0282107619709
390 0.0282051526077
343 0.0281969078105
356 0.0281859074842
366 0.0281595776313
392 0.0281500777749
394 0.0281495865954
420 0.0281330327426
408 0.0281298408513
375 0.0281278815623
393 0.0281075150394
407 0.0281042531773
412 0.0281019148418
398 0.0280946626496
387 0.0280929001529
405 0.0280732423582
422 0.0280673708016
417 0.0280472888478
399 0.0280465419451
402 0.0280325884377
419 0.0280244656417
421 0.0280020018544
389 0.0279820769085
388 0.0279802611354
409 0.027978292523
400 0.0279728740022
406 0.0279726114024
404 0.0279651726015
403 0.0279466088203
395 0.0279338035572
435 0.0279246777959
383 0.0279242300149
448 0.0279089003695
414 0.0278982165057
432 0.0278977865857
413 0.02789553645
415 0.0278881401298
429 0.0278670020236
410 0.0278662563448
433 0.0278486823376
437 0.027832823139
431 0.0278297474582
416 0.02782818
450 0.0278038220696
454 0.0277936162714
456 0.0277929963492
440 0.0277920540094
457 0.0277844533178
447 0.0277796905639
428 0.0277754886079
427 0.0277674612672
423 0.027757260914
441 0.027755977347
430 0.02775106068
443 0.027747252859
418 0.0277462110858
439 0.0277434249502
425 0.0277410140667
466 0.0277339961226
426 0.0277213213356
424 0.0277180794605
449 0.0277148817735
434 0.0276916487969
444 0.0276844144098
476 0.027684361112
445 0.0276820429703
438 0.0276814499774
477 0.0276802994861
453 0.0276772785625
442 0.0276675451271
446 0.0276666336709
451 0.0276604500632
436 0.0276547554944
458 0.0276484111549
461 0.0276465180031
472 0.0276439781708
459 0.0276421448678
452 0.0276360370489
485 0.0276265736473
486 0.0276259068476
487 0.0276232695484
460 0.0276137106408
478 0.0276076810025
462 0.0276052957413
455 0.0276049007545
470 0.0275998141291
480 0.0275961084215
469 0.0275942440622
473 0.0275929358979
464 0.0275913917602
463 0.0275802721184
494 0.0275791056723
465 0.0275715212388
468 0.0275705570377
475 0.0275697735103
496 0.0275692817982
467 0.0275690110478
484 0.0275598118802
471 0.0275582372785
489 0.0275540665941
497 0.0275538423226
506 0.0275502232494
479 0.027549360847
493 0.0275478255232
483 0.0275349026654
488 0.0275346142519
509 0.0275305949421
474 0.027529240251
481 0.0275256369909
500 0.0275220302627
482 0.0275210290679
495 0.0275152285167
502 0.0275083279819
492 0.0275063340553
490 0.0274992932589
491 0.0274942392178
507 0.0274871138485
499 0.0274870110968
505 0.0274813495888
504 0.0274605556398
501 0.0274566742583
515 0.02745399424
514 0.0274520386895
510 0.027449152744
518 0.02744825848
503 0.0274387629732
508 0.0274383189938
519 0.0274307364095
498 0.0274306787349
511 0.0274168516992
522 0.0274144088045
513 0.0274128804046
524 0.0273978485807
517 0.02739451487
512 0.0273869244059
516 0.0273779397491
536 0.0273741270377
523 0.0273708196842
532 0.0273685882254
526 0.0273631420035
528 0.0273620005894
534 0.0273520220114
529 0.0273473508408
525 0.0273456061275
520 0.027343318338
531 0.0273431216097
530 0.0273293367018
527 0.0273228366377
521 0.0273130762519
535 0.0273022550044
539 0.0272883000312
533 0.0272863333687
538 0.0272810838324
537 0.027276067879
543 0.0272739389743
541 0.0272682581572
548 0.0272672357507
547 0.0272632842789
550 0.0272494642661
540 0.0272414539323
542 0.0272408447709
544 0.0272382871329
556 0.0272371238561
552 0.0272354488069
545 0.0272340917105
546 0.0272263262001
549 0.0272257820618
559 0.0272242370207
554 0.0272194799756
553 0.0272088052627
563 0.0272017790249
551 0.0272017281231
557 0.0271832551
561 0.0271825188645
558 0.027164763818
555 0.0271647228998
562 0.0271574799318
577 0.0271566143689
560 0.0271524342375
576 0.0271461650395
565 0.0271376935618
582 0.0271340906011
574 0.0271321441997
564 0.0271267302009
569 0.0271250488728
567 0.0271247094351
571 0.0271224192786
570 0.027114574212
578 0.0271143771499
566 0.0271142240382
585 0.0271056525775
575 0.0271048095253
573 0.0271038626577
580 0.0271028312512
591 0.0271008765587
579 0.0270909447862
572 0.0270869116761
588 0.0270836187803
586 0.0270822176821
581 0.0270811296398
589 0.0270698440714
601 0.0270691905629
606 0.0270639725994
596 0.0270613846878
583 0.0270585893715
590 0.0270585241744
599 0.0270559831858
568 0.0270558855078
598 0.0270544286304
592 0.0270540315067
584 0.027052647989
587 0.0270486737802
605 0.0270480452733
595 0.0270450713336
597 0.0270437372277
593 0.0270392961774
612 0.0270308773653
609 0.0270267556608
600 0.0270261348494
594 0.0270195569239
608 0.0270174472769
617 0.0270174375837
604 0.0270156434385
621 0.0270149370671
615 0.0270103581532
611 0.0270036109367
629 0.0270030446258
626 0.0270024537341
614 0.0269984634493
627 0.0269980943379
616 0.0269968657004
602 0.0269944435101
619 0.0269918134804
603 0.0269914117864
632 0.0269841905335
607 0.0269828578709
613 0.0269777450577
638 0.0269765934029
634 0.0269765389863
618 0.0269738656914
623 0.0269734760124
624 0.0269730177582
633 0.0269726267954
622 0.0269636623995
610 0.0269590465206
628 0.0269528771038
635 0.0269463560527
642 0.0269450974586
620 0.0269402574402
630 0.0269390329144
631 0.0269386215702
644 0.0269278455014
641 0.0269230267137
625 0.0269227093865
653 0.0269194689571
650 0.0269172556361
649 0.0269164646853
640 0.0269103968423
646 0.0269094847899
647 0.0269092227328
656 0.0269059510637
659 0.0269019541262
643 0.0268996896771
648 0.0268985191164
636 0.0268938035598
651 0.0268925076468
660 0.0268906420962
655 0.0268892407701
637 0.0268874147071
652 0.0268872797971
654 0.0268833659453
639 0.0268833642911
661 0.0268821067868
645 0.026881865828
663 0.0268812499199
658 0.0268803900175
664 0.0268770963447
662 0.026874764541
676 0.0268710163041
665 0.0268703765109
669 0.02686077445
670 0.0268581033202
675 0.0268522318256
667 0.0268517428746
668 0.0268455287915
657 0.0268431894321
673 0.0268367476424
678 0.026828614285
672 0.0268282853033
684 0.0268279087139
666 0.0268253489329
677 0.0268069155741
682 0.0268035254899
679 0.0268011135031
686 0.0267988747578
680 0.0267972525537
671 0.0267961523239
683 0.0267952937905
688 0.0267818299231
693 0.0267809650555
696 0.026779133008
674 0.0267782786087
704 0.0267744607489
687 0.0267713867936
685 0.0267694285257
681 0.0267686516423
689 0.0267633698846
705 0.0267630097147
697 0.0267571719003
695 0.0267565881728
690 0.0267555711865
702 0.0267469296787
706 0.0267419312069
708 0.0267410091809
709 0.0267402922646
703 0.0267398769421
717 0.026737067485
692 0.0267366432342
694 0.0267361270569
698 0.0267358325881
714 0.0267355659952
707 0.0267336544113
710 0.0267309319435
701 0.0267280670773
713 0.0267254185181
691 0.0267236542183
711 0.0267176113386
715 0.0267145456046
699 0.0267144388538
712 0.0267120944841
700 0.0267102864261
724 0.0266915629633
716 0.0266895207772
721 0.0266757020699
718 0.0266753300493
731 0.0266726344044
719 0.0266721831275
725 0.0266716027343
723 0.0266699372868
733 0.0266692929604
729 0.0266680492693
739 0.0266672449106
720 0.0266671160287
727 0.0266627907063
722 0.0266598564083
742 0.026659034154
732 0.0266585419995
730 0.0266558581292
728 0.0266546397127
735 0.0266545745495
726 0.0266509968737
741 0.0266497605155
738 0.0266489067306
737 0.026630654445
734 0.0266276620123
736 0.0266244883833
753 0.0266233323295
744 0.0266213448027
740 0.026620823475
745 0.0266180646122
756 0.0266142061865
749 0.0266134279523
759 0.0266088200956
743 0.0266073452253
746 0.0266027846287
751 0.0266026480766
747 0.0266013391091
763 0.0266008052021
754 0.0265993845407
764 0.026594505567
755 0.0265939462407
757 0.0265936921644
748 0.0265927354569
758 0.0265909432037
750 0.0265899484891
752 0.0265887377688
760 0.026585383704
767 0.0265750736393
769 0.0265655236942
765 0.026564615971
761 0.0265634850209
772 0.0265597168875
773 0.0265588612543
771 0.0265546369764
768 0.0265531813821
762 0.026550500255
778 0.0265449462654
775 0.0265403218021
779 0.0265373497169
770 0.0265357415854
777 0.0265301330938
790 0.0265255843243
766 0.026520082794
796 0.0265181170625
774 0.0265164173571
811 0.0265129153079
813 0.0265105641753
818 0.0265095963541
783 0.0265094123866
814 0.0265082667933
794 0.0265064349637
787 0.0265049157353
776 0.0265045682226
785 0.0265043650771
795 0.026504202271
797 0.0265031022882
801 0.026502163446
806 0.0265019066979
826 0.0265009064649
827 0.026500605975
809 0.0265002400922
799 0.026496079536
789 0.0264959682481
788 0.0264957374337
781 0.0264954117719
793 0.0264929144457
803 0.0264914546778
815 0.0264885123513
782 0.0264866500357
786 0.0264851232598
819 0.0264838172529
804 0.0264827201696
807 0.0264816918996
816 0.0264804986035
800 0.0264766885986
802 0.0264762507676
780 0.026476163754
825 0.0264680226971
831 0.0264644627059
832 0.0264635765435
792 0.0264566686425
824 0.0264554335655
830 0.0264529444712
784 0.026448389983
835 0.0264437665594
791 0.0264403866839
808 0.0264402184721
812 0.0264389465564
834 0.0264338888185
823 0.0264311444038
840 0.0264304011232
821 0.0264258095844
842 0.0264231223694
810 0.0264198192159
839 0.026416978329
798 0.0264151539056
844 0.0264094222148
805 0.0264026083038
828 0.0263984808084
822 0.0263939741706
838 0.0263929314275
829 0.0263890240918
843 0.0263787672934
817 0.0263751554966
836 0.0263705353477
837 0.0263669365126
841 0.0263653258734
820 0.0263551391933
845 0.0263454507477
833 0.0263383750584
846 0.0263137060136
847 0.0263107773261
848 0.0263088223967
849 0.0261758709081
227 0.0224018348013
850 0.0171787607237
851 0.0158602221561
226 0.0156707307407
852 0.0127638137374
225 0.0121098903449
854 0.0104084567588
858 0.00946088221711
856 0.00940430292537
861 0.0093199700365
864 0.00925879397835
857 0.00925744239338
865 0.00921894186048
862 0.00918711133487
866 0.00918033767999
867 0.00917135869365
869 0.00909591054063
868 0.00902562605318
872 0.00899355726084
870 0.0089665204107
874 0.00896143663025
876 0.00882987500632
883 0.00858136409481
853 0.00856077757919
886 0.00855863449044
890 0.00850641080331
888 0.00843690217978
896 0.00836624936967
898 0.00834925876086
895 0.00829126481087
894 0.00828527296434
904 0.0082161932167
903 0.00817429748903
907 0.00814234764372
911 0.00803589730501
919 0.00802375314919
915 0.00800847146644
917 0.00799089990909
923 0.00792741128745
922 0.00791586009283
925 0.00790766456472
924 0.00790695246015
926 0.00787279820987
933 0.00780147114517
930 0.0077957229774
936 0.00778566349692
934 0.00777177311292
938 0.00773830006045
943 0.00773704818053
944 0.00773701800792
945 0.00773428492655
947 0.00771751160887
953 0.0076669684088
954 0.00765142740978
951 0.0076469235751
956 0.00764456222927
961 0.00757828515262
216 0.00756790619684
219 0.00756502721675
962 0.00756188328568
968 0.00753449492897
214 0.00753286972078
218 0.00752762226255
974 0.00750824253087
973 0.00749811446497
221 0.00748525648659
978 0.00747922366138
979 0.00745676344802
981 0.00744228109389
982 0.00743779493973
985 0.00743670196458
984 0.00743364520648
988 0.00742566257476
211 0.00741931640278
987 0.00741851527134
989 0.00741553709546
990 0.00740617436919
992 0.00738799222177
996 0.00738397912169
995 0.00737140853183
1008 0.00735651460067
204 0.0073543551338
1011 0.00735289369067
1002 0.00735118308068
205 0.00734958509373
1004 0.007348139063
1006 0.00734686980639
1013 0.0073456180204
206 0.00734553294161
1009 0.00734473732833
1015 0.00733992358226
1010 0.0073342107846
1016 0.00732549286762
1017 0.00732006466076
1020 0.00731704377996
1022 0.00731688704328
1019 0.00731462959468
1026 0.00730693453776
201 0.00730592953286
1027 0.007304849564
1029 0.00730434364126
1024 0.0072989930109
1025 0.00729850792018
1035 0.00729714747777
1031 0.00729585613789
1032 0.00729439196496
1037 0.00728935776621
207 0.00728802494383
1043 0.00728737302378
1040 0.00728471039355
1045 0.00728437155932
1048 0.00728177221934
1039 0.00728028785936
1041 0.00727995845058
208 0.0072791775607
1049 0.00727821273151
1050 0.00727821273151
1054 0.00727640952127
1062 0.00727582073858
1055 0.00727083076754
1060 0.00727007200016
1051 0.00726993293963
1057 0.00726825930826
1061 0.0072668432024
1067 0.00726085265379
1063 0.00726047989927
1068 0.00725983538234
1084 0.00725691729352
1073 0.00725631931379
197 0.00725560303444
1074 0.00725534857381
1080 0.00725409669208
1085 0.00724433681737
200 0.00723935821045
1087 0.00723101989498
198 0.00721992506914
192 0.00718679085986
187 0.00718318021088
183 0.00715447706741
193 0.00715326381834
180 0.00713107440946
184 0.00709942447714
172 0.00709238303043
181 0.00709059293963
171 0.0070858471992
177 0.00707862749371
175 0.00707600977707
168 0.00705383551587
162 0.00701385254443
161 0.00700695399051
160 0.00700364706406
156 0.00697223509468
154 0.0069709841574
165 0.00696968193712
145 0.00692768918997
158 0.00692033824486
155 0.0069143785907
151 0.00690818450723
157 0.00690578169487
146 0.00690469941391
153 0.00690142851106
144 0.00689967147021
150 0.0068970125045
148 0.00687842312637
147 0.00686900503911
139 0.00686854710331
142 0.00684795113139
141 0.00683721105029
137 0.00679416566585
130 0.0067771783743
131 0.00677560218917
128 0.00674990685085
129 0.00673100836525
127 0.00672676783299
126 0.00671410193182
118 0.00669755747579
122 0.00668206664731
121 0.00667830694895
117 0.00665409485222
116 0.00665377044762
113 0.00664462333996
109 0.00664195618245
112 0.00663426564692
108 0.00663425513206
111 0.00662946248498
107 0.00661780646019
105 0.00661140536428
106 0.00660682421838
104 0.00660466812336
101 0.00659014738326
100 0.00658948760204
97 0.00657240604101
98 0.00657187715835
95 0.00656702326583
90 0.00655166443062
87 0.00652149667317
84 0.00651257902752
76 0.00650240362679
82 0.00650067236096
81 0.00649931828446
79 0.00649428214563
72 0.00646908901052
69 0.00646576874228
73 0.00645839265516
67 0.00644860046277
71 0.00644769984495
70 0.00644676387237
62 0.00643694137717
57 0.00643530507491
61 0.00643495335759
58 0.00642824659884
59 0.00642350764017
55 0.00641938559025
54 0.00640823082585
50 0.0063913773683
49 0.00639082744014
51 0.00638297856317
47 0.00635953487555
46 0.00635584752362
42 0.00635460647886
35 0.00635271188742
37 0.0063526296364
13 0.00635236895507
43 0.00635179727539
34 0.00635147204421
31 0.00635109321378
44 0.00635084910108
32 0.00635023188752
40 0.00634805879125
6 0.0063470450691
33 0.0063437876389
30 0.00634163357241
27 0.00634135835078
28 0.00634049695172
21 0.00633770414256
24 0.0063375749268
25 0.00633672647224
22 0.00633562375709
16 0.00633293883395
15 0.00633281550745
12 0.00633238793718
4 0.00632471045485
0 0.00631529800216
859 0.00502164806116
860 0.00495732683443
863 0.00491497696589
855 0.00489573344066
873 0.00459535825605
877 0.00454198421814
871 0.00453759905624
875 0.00450463566268
880 0.00443861949867
879 0.0044290054522
878 0.00440848509485
887 0.00440339080548
881 0.00439218419976
885 0.0043904719233
889 0.00438780534516
882 0.00438650262495
884 0.00436971743428
891 0.00436283111046
900 0.00432911215797
892 0.00432666354052
897 0.00431690535816
893 0.0043119237563
899 0.00430075898904
901 0.00429177464446
902 0.00429062557319
906 0.00425349958467
908 0.00425018126609
909 0.00425018126609
905 0.0042475664848
912 0.00423130505206
910 0.00422993548529
913 0.00422729249017
916 0.00422229445237
914 0.0042197198365
918 0.00421871306881
920 0.00419177933001
921 0.00417114589253
927 0.00413393198698
928 0.00413384447465
929 0.00413223400271
931 0.004122066229
932 0.00412026691853
937 0.00411766450969
935 0.00411585930008
939 0.0041050433549
940 0.00410494636255
942 0.00410236861125
941 0.00409975512264
946 0.00409762438085
948 0.00409280603757
949 0.00409200858622
950 0.00408973511295
955 0.00408234163096
952 0.0040817917873
957 0.00407976013209
958 0.00407567312722
959 0.00407452252235
960 0.00407058550065
963 0.00406357501329
964 0.00406356825383
966 0.00405898999268
967 0.0040566386406
965 0.00405645524076
969 0.00405165507265
970 0.00405003390182
971 0.00404845303258
972 0.00404621688594
976 0.00404122792833
975 0.00403980752373
977 0.00403703896384
986 0.00401730900825
980 0.00401390006722
983 0.00400980482238
994 0.00399897697758
991 0.00399793861988
993 0.003991330555
997 0.0039905228407
998 0.00398417479943
999 0.00398137045029
1000 0.0039786452294
1001 0.00397606786379
1005 0.00397357084502
1003 0.00397214626293
1007 0.00397001886373
1012 0.00396598319158
1014 0.0039618903092
1018 0.00395956145866
1023 0.00395518847459
1021 0.00395515322323
1028 0.00394820427326
1042 0.00394286522326
1030 0.00393898787907
1034 0.00393711232895
1036 0.00393331554401
1033 0.00393143732471
1059 0.00392848141995
1044 0.0039259892483
1046 0.00392580558351
1047 0.00392562713661
1038 0.00392475999337
1052 0.00391911667182
1053 0.0039190551523
1058 0.00391189396692
1056 0.00390808747198
1077 0.00390641802068
1064 0.00390549752449
1065 0.00390520822825
1066 0.00390280697864
1070 0.00389935668327
1072 0.0038975386684
1069 0.00389672573668
1071 0.00389509230667
1076 0.00389466342497
1078 0.00389350937858
1081 0.00389341607653
1075 0.0038931241836
1082 0.00389264976993
1088 0.00389146101828
1079 0.00389034539874
1083 0.0038884661791
1086 0.0038883569701
