300 1.0
265 0.570935879328
290 0.567905993786
297 0.566908890628
243 0.56689512868
283 0.56579640883
235 0.56456125153
301 0.564155109578
230 0.563982928185
323 0.563869193602
261 0.563696413784
270 0.56328299716
276 0.562695844442
315 0.561947995441
310 0.561423134919
302 0.561043468408
314 0.560913880245
299 0.560822961102
307 0.560031439618
324 0.55898363538
298 0.55876160154
269 0.55807908497
257 0.557615613666
250 0.556836650764
313 0.556597121036
247 0.555597273909
252 0.555475263089
342 0.55348888296
335 0.552963243418
337 0.552865925559
345 0.552254535602
334 0.551940097913
338 0.551823609738
353 0.551581028197
361 0.551565779277
360 0.551531621602
340 0.551102446831
348 0.549967030078
370 0.548518595777
363 0.548486593069
368 0.547782483263
364 0.547726584826
380 0.546474161066
382 0.54539536049
385 0.545310453983
386 0.545111439159
294 0.543335655445
391 0.543166309795
396 0.542594249146
401 0.542244690009
394 0.542225008617
411 0.542214964805
296 0.542160761851
397 0.542032476111
321 0.541987093229
405 0.541935380019
293 0.541906236848
304 0.541418111139
275 0.541362942628
284 0.541222024761
263 0.541186688138
286 0.541176302848
339 0.541167005654
289 0.541020658952
245 0.54101943479
274 0.540980431171
246 0.540947074097
280 0.540923296158
317 0.540887740061
254 0.540854116171
308 0.540824511035
248 0.540809106445
318 0.540653218214
409 0.54062635209
277 0.540606998548
295 0.540599021552
229 0.540590504085
291 0.540585744434
292 0.540583466285
237 0.54056434894
233 0.540545840397
312 0.540486599039
232 0.54048612025
306 0.5404561569
231 0.540453152596
322 0.540434575174
241 0.540380865142
258 0.540376936139
271 0.540343057388
259 0.540321545246
262 0.540303062725
281 0.540284668024
272 0.54025326462
279 0.540203747667
266 0.540202262796
240 0.540137862721
278 0.540132367159
419 0.540099740814
309 0.54009136459
287 0.540052532045
264 0.539996978767
273 0.539944320988
326 0.539926087008
303 0.539909003731
311 0.539904088657
325 0.539871845235
251 0.53984127269
362 0.539828098664
327 0.539780330265
253 0.539771504443
256 0.53971289782
288 0.539680848712
260 0.539670489772
422 0.539663517925
352 0.539618301779
344 0.539588372614
285 0.539568357636
268 0.539487980214
331 0.539451652227
282 0.539424248483
365 0.539389090985
236 0.539344644459
267 0.539310497783
354 0.539291351502
329 0.539274467167
351 0.539256175323
343 0.539226216341
244 0.539207613708
242 0.539114135771
336 0.539110572102
355 0.539099445032
328 0.539021650997
238 0.539007668908
255 0.538997149024
347 0.538970082865
305 0.538957361254
316 0.538907877724
320 0.538860118343
346 0.538792443545
239 0.538736528562
249 0.538684440146
371 0.538657473563
376 0.538593605089
319 0.538573800115
357 0.538568434398
333 0.538531159703
330 0.53848728595
367 0.538436008931
332 0.538330801066
350 0.538286538649
366 0.538278481179
429 0.538277664075
349 0.538246686381
341 0.538240634269
435 0.538239450846
373 0.538226758346
358 0.538104476363
390 0.538033011553
379 0.537917743129
433 0.537599227864
369 0.537596748081
234 0.537580038334
359 0.53741696545
384 0.53738526872
356 0.537186033256
448 0.537151529998
374 0.537045691627
389 0.537028304808
377 0.537016085135
407 0.537000021975
412 0.536976252834
404 0.536955711586
378 0.53694570796
387 0.536939249626
381 0.536678514661
393 0.536601408389
395 0.536492259328
375 0.536464500378
372 0.536340939969
399 0.536146145558
456 0.53612677131
415 0.536009766997
403 0.535963675828
392 0.535929512462
417 0.535885897137
388 0.535791230393
457 0.535743311748
410 0.535738042204
383 0.535725742704
414 0.53548872482
420 0.535471588634
413 0.535394422998
402 0.535235627597
398 0.535069616056
431 0.535050669169
476 0.534860308501
406 0.534817449852
408 0.534684792512
416 0.534453232112
430 0.534413176254
440 0.534378600838
425 0.534335006958
400 0.534161373458
428 0.534134510151
443 0.534104311616
441 0.534095987362
487 0.534051630615
473 0.53398260684
421 0.533946803945
466 0.533527360573
432 0.533525479898
424 0.533478999258
479 0.533470233486
444 0.53346763287
442 0.533455807573
454 0.533450311583
447 0.533415635063
445 0.533388020189
427 0.533348538762
488 0.533310185379
423 0.533298431508
461 0.53325742039
418 0.533242957937
439 0.533214840973
437 0.533074794648
452 0.53299415992
506 0.532933831626
436 0.532922804932
451 0.532919336971
450 0.53290964121
477 0.532868501888
426 0.532856149123
509 0.532836188192
455 0.532775602431
497 0.532712668405
434 0.532626941503
478 0.532609998706
462 0.532609188498
453 0.532605729469
446 0.532577837508
438 0.53257443748
460 0.53253613655
470 0.532522042744
459 0.53248185368
458 0.532378076389
467 0.532368374666
469 0.532366152973
485 0.53231414212
486 0.532311830214
495 0.532279153846
449 0.532278953387
472 0.532244484605
475 0.532224670167
464 0.532129035964
465 0.532119591411
471 0.532064688962
519 0.532046661146
494 0.531996768449
468 0.531930836332
480 0.531831704004
483 0.531784216232
503 0.531771636138
474 0.531700291826
463 0.531665610639
492 0.53163335941
505 0.531405271491
499 0.531321169472
489 0.531288865313
490 0.531277220597
493 0.531222987568
496 0.531187457128
504 0.531048316154
481 0.531047064718
524 0.531032641542
500 0.530975295097
491 0.530915374
484 0.530893563077
482 0.530818377708
501 0.530678797062
502 0.530645974843
515 0.530552967034
511 0.530449243437
507 0.530429249239
530 0.530428923573
518 0.530392129163
498 0.53037570883
517 0.530226731959
514 0.530196999128
522 0.530188695072
508 0.530164719481
528 0.530090232551
510 0.530086638458
523 0.530050638052
526 0.529933328447
513 0.529906633438
533 0.529901273757
512 0.529895300606
543 0.529808017955
529 0.529793413284
525 0.529696846782
536 0.529636419188
516 0.529599895522
532 0.52950803583
539 0.529449558736
520 0.529407304164
534 0.529331716108
548 0.529322663188
540 0.529306974986
544 0.529280869559
535 0.529266581154
531 0.529251447639
550 0.529176187207
521 0.528965027223
552 0.528961209128
537 0.528947043657
527 0.528855704805
541 0.528698283707
559 0.528638095299
553 0.528579240064
545 0.52850070262
554 0.528402684773
542 0.5283724784
547 0.528338490525
556 0.528335354109
563 0.528300840751
538 0.528290684552
546 0.528286145666
551 0.52826702566
574 0.528038994316
557 0.527983970089
577 0.527938113592
549 0.527932839587
571 0.527843086991
567 0.527842724424
555 0.527797477188
558 0.527711088722
576 0.527700011515
580 0.527523231201
228 0.527514664562
560 0.527432432125
561 0.527414217183
585 0.527389713425
565 0.527363229015
569 0.527337046503
564 0.527300008405
562 0.527282786382
570 0.52717920517
582 0.527159699076
588 0.527134987793
566 0.527108980607
591 0.527101564365
575 0.526973601644
601 0.526968251984
578 0.526960167518
579 0.526895521918
573 0.526842780801
572 0.526806906084
598 0.526761849993
586 0.526718567607
590 0.526588261068
606 0.526538080834
612 0.526507824924
592 0.526507694183
581 0.526506937375
583 0.526498181079
599 0.526492125728
589 0.526475244584
584 0.526451054138
596 0.526417419782
595 0.526403477771
587 0.526399634489
593 0.526350627219
568 0.526347986658
611 0.526307237208
597 0.52628504456
605 0.52623984623
602 0.526206236924
600 0.526176120481
608 0.526122180876
619 0.52611785472
627 0.526051977922
609 0.526043961298
604 0.526029335456
594 0.52598029185
621 0.525966657794
613 0.525941297478
632 0.525918715808
629 0.525843495076
617 0.525834718814
603 0.52583185525
615 0.525831274147
616 0.525820711443
614 0.525715327324
634 0.525709822564
633 0.525697380602
607 0.525695624058
626 0.525607802738
618 0.525596653883
638 0.5255695193
628 0.525568539567
610 0.525489392572
624 0.52544267481
622 0.525410231026
623 0.525343751684
644 0.525320568802
642 0.525279724354
635 0.525149796836
620 0.525135056094
650 0.525134294905
630 0.525127614574
631 0.525124256638
640 0.525056359945
625 0.525000501748
659 0.524993185483
641 0.524947814027
656 0.524941830199
653 0.524841205745
649 0.524809225517
646 0.524799768036
647 0.524795257823
652 0.524769310275
658 0.524746443089
648 0.524742750958
636 0.524701558358
643 0.524674856183
651 0.524674192039
655 0.524672426315
663 0.524626072564
664 0.52459884238
637 0.524596173951
654 0.524563605542
639 0.524550632499
676 0.524452012279
660 0.524437282872
661 0.52441757201
665 0.524411083155
645 0.524397116602
669 0.524383367289
662 0.524366284817
670 0.524272253787
675 0.524148832751
657 0.524117385236
666 0.524056368213
667 0.524001521905
678 0.52395622218
668 0.52393582405
672 0.523921998078
673 0.52391064355
684 0.523901402655
677 0.523590297657
686 0.523587934536
680 0.52356659919
671 0.523524928721
679 0.523523241694
682 0.523521730339
696 0.523479922024
683 0.523437921614
704 0.523399933516
688 0.523386104429
674 0.523325739212
693 0.523312686677
681 0.523255849123
685 0.523212726644
705 0.523208704776
689 0.523118064367
690 0.523114104274
695 0.523109927039
687 0.523087771742
697 0.522979548786
702 0.522957898683
703 0.522933836595
709 0.522929002251
706 0.52289658168
698 0.522868625143
708 0.522856590825
694 0.522855586857
707 0.522835003442
692 0.522805323733
714 0.522769456859
701 0.52276397765
717 0.522731488178
713 0.52269827187
691 0.522695987373
710 0.522653432421
711 0.522592219772
699 0.522581712256
712 0.52255757516
715 0.522515632943
700 0.522504266654
724 0.522199608637
716 0.52213184929
718 0.52205991819
723 0.522038421836
733 0.522029215909
725 0.522013966855
719 0.522012547147
739 0.522004531675
731 0.521999715436
721 0.521956648672
720 0.521949807015
729 0.521935299369
732 0.521916959465
742 0.521915690825
728 0.521834168641
722 0.521786555233
726 0.521785993057
727 0.52173332077
735 0.521731718112
738 0.521687783119
741 0.521675474992
730 0.521645643993
734 0.521479823383
737 0.521475471182
753 0.521467315972
736 0.521441238865
745 0.521421897971
740 0.521397681127
744 0.52138047584
756 0.521340414127
759 0.521305363121
749 0.521297086036
743 0.521205445077
751 0.521205126877
763 0.521123134239
754 0.521099467494
764 0.521092868283
757 0.521071277629
747 0.521056207336
755 0.521027941143
748 0.521010563539
758 0.52100721701
746 0.520947652152
760 0.520934987926
752 0.52088340878
750 0.520811739023
769 0.520741141715
767 0.5207246227
765 0.520648184809
772 0.520620041667
771 0.520595310893
761 0.520583316745
773 0.520550997785
768 0.520488544074
762 0.520400314793
778 0.520381128101
779 0.520276251786
770 0.520261085648
777 0.520251977162
775 0.520225345517
790 0.520216768207
796 0.520105768305
814 0.520071728489
818 0.520036278604
806 0.520007622584
774 0.519989206186
794 0.519988541336
809 0.51998742749
826 0.519979577983
827 0.519975051587
811 0.519958660969
813 0.519924861978
785 0.51991480799
803 0.519814449456
795 0.51980636167
787 0.519801193788
797 0.519801009785
766 0.519776573417
788 0.519775083599
801 0.519770187117
783 0.519762950431
815 0.519737505228
781 0.519725822529
789 0.519694183439
799 0.519679755111
819 0.51966523378
793 0.519646908186
800 0.519641177648
802 0.519635018473
776 0.519596726818
786 0.519557083974
816 0.51947381237
807 0.519457203739
831 0.519437806368
804 0.519436169883
782 0.519433616147
832 0.519427186459
825 0.519311439623
780 0.519266210343
824 0.51924524632
835 0.519005039974
830 0.51899924506
792 0.518944729311
808 0.518933184565
784 0.518768865246
840 0.518725045892
791 0.51872431651
812 0.51870076719
834 0.518692322013
823 0.518676908513
821 0.518620330986
810 0.518546810916
842 0.518519464909
839 0.518365796623
798 0.518299172382
844 0.518299052875
838 0.518137113594
805 0.518059042204
828 0.518058680118
822 0.518003343828
829 0.517858856979
843 0.517800158013
837 0.517758000758
817 0.517730415086
841 0.517697038954
836 0.517568809366
845 0.517359306302
820 0.517292201665
833 0.517072147505
846 0.516636492544
848 0.516583412904
847 0.516495347072
849 0.514210651258
227 0.427387040092
850 0.358283674171
851 0.335345177983
226 0.31608373831
852 0.281657954916
225 0.252314631606
854 0.240759300637
858 0.224321640632
856 0.223339670106
861 0.221871426763
864 0.220791084693
857 0.220775729883
865 0.22011424122
862 0.219553602069
866 0.219425870809
867 0.219284210653
869 0.217967778139
868 0.216743947209
872 0.216177954491
870 0.215703035253
874 0.215622654918
876 0.213318706113
883 0.208981209494
886 0.208577921495
890 0.207668627828
888 0.20644653401
896 0.205213840419
898 0.204915045174
895 0.203898465048
894 0.203796838198
904 0.20258383226
903 0.201853353871
907 0.201292726107
911 0.19942685457
919 0.199211428139
915 0.198945448863
917 0.198635376139
923 0.197522558865
922 0.197315306052
222 0.19719116139
925 0.197176129919
220 0.197175636186
924 0.197162225026
217 0.196773614986
224 0.196564833169
926 0.19656276843
223 0.196130809382
933 0.195306615368
930 0.19520701641
936 0.195028696655
934 0.194783907292
212 0.194457040136
938 0.194196097616
943 0.194175431659
944 0.194174907941
945 0.194126973801
947 0.193829612772
215 0.193375708166
953 0.192939717459
210 0.192759036353
954 0.19266440439
951 0.192584391241
956 0.192544680302
213 0.192445165505
209 0.191464351517
961 0.191377075433
203 0.191253083013
962 0.191087278918
968 0.190605498611
194 0.190576706839
202 0.190542308506
199 0.190441728697
195 0.190325023845
196 0.190181878989
189 0.190143076483
974 0.19014208808
973 0.189963836528
190 0.189752379211
191 0.189654182264
978 0.189630497059
186 0.189622033365
185 0.189580033316
188 0.18953159177
182 0.189497664359
979 0.189233736798
178 0.189159299845
179 0.189131021482
173 0.189110108596
174 0.188985588493
981 0.188978378145
982 0.188899725469
985 0.188880417459
984 0.188825738676
988 0.188685582584
176 0.188685188051
987 0.18855938325
989 0.188506799567
853 0.188458758686
170 0.188402339622
990 0.188341374231
166 0.188122374069
167 0.188100608489
169 0.188059170702
992 0.188020289028
996 0.187949682177
163 0.187858346265
164 0.187825807077
995 0.187727202096
1008 0.187464704121
1011 0.187400707694
1002 0.18737002052
1004 0.187316345869
1006 0.187293936087
159 0.187291619624
1013 0.187272064163
1009 0.187256295023
1015 0.187171441759
1010 0.187070173255
1016 0.186916522806
1017 0.186820581017
1020 0.186767216698
1022 0.186764277659
1019 0.186724258621
1026 0.186588292278
152 0.186564568712
1027 0.186551451103
1029 0.186542503955
1024 0.18644788575
1025 0.186439300912
1035 0.186415424778
1031 0.186392389215
1032 0.186366639708
149 0.186324034788
1037 0.186277596434
1043 0.18624249205
1040 0.186195440993
1045 0.186189451512
1048 0.186143526721
1039 0.186117200363
1041 0.186111376839
1049 0.18608054117
1050 0.18608054117
1054 0.186048635669
1062 0.186038175639
1055 0.1859499231
1060 0.185936552701
1051 0.185934066166
1057 0.185904442246
1061 0.185879429022
1067 0.185773439668
1063 0.185766821847
1068 0.185755380267
1084 0.185703730974
1073 0.185693132979
1074 0.185675962813
1080 0.185653782405
1085 0.185481014062
1087 0.185245281103
143 0.185155824756
138 0.184840680294
140 0.184593175677
135 0.184176518079
136 0.184163053172
134 0.183909106427
133 0.183181267075
132 0.183181264819
125 0.182570756911
123 0.182255557134
119 0.182105205601
120 0.181820480354
124 0.181441890899
115 0.181247520783
114 0.181209121428
110 0.180181149058
103 0.180051064433
99 0.179801841988
96 0.179441588031
93 0.179436861909
91 0.179411834217
94 0.17933820275
102 0.179305802898
92 0.17929526555
86 0.178852204342
89 0.178818924216
88 0.178797324221
85 0.178753875012
83 0.178751649391
80 0.178501331756
78 0.17848545121
77 0.178411959576
75 0.178218555056
74 0.178196514787
68 0.177902411087
66 0.177891274295
64 0.177868634361
65 0.177845375436
63 0.177772997139
60 0.177647282913
56 0.177415935295
53 0.177261653457
52 0.177052080709
48 0.176716992362
41 0.176363351337
45 0.176139566309
38 0.176084732693
36 0.176084172551
26 0.175952660929
216 0.175943482139
219 0.175937474342
39 0.175843596033
23 0.175802349386
18 0.175747935151
29 0.175658343478
19 0.17563366601
14 0.175618570546
20 0.175601964293
17 0.175582719329
11 0.175484621041
8 0.175441969293
214 0.175396986659
10 0.175374613578
9 0.175316342011
7 0.175151900405
218 0.175139188882
5 0.174673511588
221 0.174493839041
1 0.173953759521
2 0.173945262498
3 0.173916443092
211 0.173332012784
204 0.172248565612
205 0.172193361613
206 0.172160899399
201 0.171473962496
207 0.171163690745
208 0.170972131574
197 0.17054359368
200 0.170263473911
198 0.169932486465
192 0.169368833696
187 0.169337995154
183 0.168843371952
193 0.168813839931
180 0.16844502926
184 0.167891033851
172 0.167776828509
181 0.167740214101
171 0.167663877483
177 0.167524839573
175 0.167505136826
168 0.167112615083
162 0.166425078228
161 0.166307257561
160 0.166250216331
156 0.16570862031
154 0.165686942021
165 0.165649197704
145 0.164939142933
158 0.164815084728
155 0.164702646935
151 0.164605173847
157 0.164552438769
146 0.164540032676
153 0.164478262847
144 0.164453133097
150 0.164408592222
148 0.164082613442
147 0.163920765831
139 0.163915120478
142 0.163557647691
141 0.163375573514
137 0.162629429049
130 0.162336842377
131 0.162308156983
128 0.161864258262
129 0.161539048427
127 0.161465695064
126 0.161244743625
118 0.160957091907
122 0.160691689809
121 0.160626702969
117 0.160206792017
116 0.160201165986
113 0.160042225737
109 0.159994892959
112 0.159863837552
108 0.159862660462
111 0.159779791044
107 0.159578112271
105 0.15946691926
106 0.159386781694
104 0.159349966829
101 0.159097212542
100 0.159085357458
97 0.158789945063
98 0.158780227918
95 0.158694402064
90 0.158428667756
87 0.157905414441
84 0.157750609671
76 0.157572989562
82 0.157543234868
81 0.157519334923
79 0.157432136291
72 0.156994259905
69 0.15693598261
73 0.156807412442
67 0.156637791674
71 0.156621490708
70 0.156605211353
62 0.156434987843
57 0.156405992546
61 0.156399926173
58 0.156283579038
59 0.156200714921
55 0.156129456178
54 0.155935143327
50 0.15564167874
49 0.155632124387
51 0.155495130368
47 0.155086920951
46 0.155022624957
42 0.15500091097
35 0.154968140314
37 0.154966515175
13 0.154962245358
43 0.154952149893
34 0.154946539209
31 0.154939958166
44 0.154935641519
32 0.154924804383
40 0.15488700965
6 0.154869501084
33 0.154812616854
30 0.15477509489
27 0.154770327449
28 0.154755151062
21 0.154706500749
24 0.154704354485
25 0.154689576296
22 0.154670345491
16 0.154623569125
15 0.154621419749
12 0.154613955232
4 0.154480112369
0 0.154316095871
859 0.123059922732
860 0.12186967949
863 0.121086587887
855 0.120729237722
873 0.11517195084
877 0.114182557756
871 0.114100154081
875 0.11349266192
880 0.112268008675
879 0.112092566532
878 0.111710671785
887 0.111616073621
881 0.111409053935
885 0.111377728022
889 0.111327698082
882 0.111304808272
884 0.110992949098
891 0.110865215691
900 0.110239077071
892 0.110195033241
897 0.110011376244
893 0.109921670518
899 0.109713557932
901 0.109546915767
902 0.109523068276
906 0.108836521264
908 0.108774278893
909 0.108774278893
905 0.108725461957
912 0.108423737448
910 0.108396285874
913 0.108349097468
916 0.10825607854
914 0.108206319676
918 0.108188565749
920 0.10768713201
921 0.107302012224
927 0.10660984546
928 0.106608280152
929 0.106578217652
931 0.106388507078
932 0.10635569179
937 0.106306872597
935 0.10627373474
939 0.106071524497
940 0.106070357301
942 0.106022093719
941 0.105972997517
946 0.105933208701
948 0.105843427595
949 0.105828553336
950 0.105786446899
955 0.105648263679
952 0.105638299521
957 0.105600071514
958 0.105523655312
959 0.105502206073
960 0.105429144272
963 0.105298247234
964 0.105298122415
966 0.105212109989
967 0.105168653062
965 0.105165212685
969 0.105075587181
970 0.105044669056
971 0.105015181931
972 0.104973802938
976 0.104880881944
975 0.104854026646
977 0.104802293476
986 0.104432931857
980 0.104369294581
983 0.104292712881
994 0.104090293029
991 0.104070629245
993 0.103946956081
997 0.103931980441
998 0.10381298571
999 0.103760309111
1000 0.103709281853
1001 0.103661029596
1005 0.10361448403
1003 0.103587661471
1007 0.103547868819
1012 0.103472236253
1014 0.103395492088
1018 0.103351891011
1023 0.103269955419
1021 0.103269207817
1028 0.103138968912
1042 0.103038822676
1030 0.102966001758
1034 0.102930921603
1036 0.102859779863
1033 0.10282440636
1059 0.10276900285
1044 0.10272225452
1046 0.102718876364
1047 0.102715424469
1038 0.102699189057
1052 0.102593336582
1053 0.102592208804
1058 0.102457784949
1056 0.102386324088
1077 0.102354879846
1064 0.102337636881
1065 0.102332277362
1066 0.102287134859
1070 0.102222390236
1072 0.102188267816
1069 0.102173004998
1071 0.102142299905
1076 0.102134274668
1078 0.102112609587
1081 0.102110843683
1075 0.102105376018
1082 0.102096430034
1088 0.102074140816
1079 0.102053169089
1083 0.102017890724
1086 0.102015833802
