35 1.0
13 0.887001265831
27 0.886952483203
6 0.886773390581
30 0.885662516229
0 0.885507752408
25 0.885288501175
34 0.885164275531
33 0.884838609606
4 0.884470496253
16 0.884239529572
15 0.884006058952
44 0.883807821577
22 0.883402541732
12 0.883281512702
31 0.883066811339
24 0.882942783446
40 0.882708485906
46 0.881816719611
21 0.878067633884
28 0.877431881987
51 0.876956589994
32 0.876467748988
43 0.876318899165
37 0.87551649176
49 0.875498177766
50 0.875432592186
47 0.875242992651
42 0.875175389229
54 0.872089228334
55 0.86915746447
58 0.867583510692
62 0.866697508441
59 0.865828656983
70 0.865102475504
71 0.865019710336
61 0.864189701324
67 0.863985285178
57 0.86388149393
72 0.862380486923
73 0.861482315301
69 0.860092288091
79 0.858186878384
81 0.857926312975
82 0.857498840545
84 0.856425717149
76 0.856012225601
87 0.854626782372
90 0.85215267123
95 0.850888276438
98 0.849539435592
97 0.849105730244
100 0.848296591703
101 0.847753593598
106 0.84619126197
104 0.845957280557
105 0.845329731754
107 0.844680396417
111 0.843898343079
112 0.843596990881
108 0.843270882344
109 0.843094335634
113 0.842608207411
116 0.841916196382
117 0.84188106134
121 0.839831006091
122 0.83956410372
118 0.839556377546
126 0.83824423509
127 0.836377840645
129 0.836113323765
128 0.834711626822
130 0.833048404268
131 0.832971377532
137 0.831648722089
141 0.829406222856
142 0.828368268936
139 0.827577814529
147 0.827161194753
148 0.826649893983
150 0.826020019973
144 0.825627109603
153 0.825457142044
146 0.825374853636
157 0.825257516598
155 0.825180886988
151 0.825001363618
145 0.824628796666
158 0.824360846554
165 0.822259043857
154 0.822219479204
156 0.822160166326
160 0.820581161037
161 0.820386880233
162 0.82004911227
168 0.818356958209
175 0.817413370497
177 0.816908657225
171 0.816791158875
172 0.816367304447
181 0.8163204498
184 0.815940221335
180 0.814584984472
183 0.813752309068
193 0.813684121197
192 0.812693396993
187 0.812474788774
198 0.811072006156
200 0.810329465564
197 0.809911383592
208 0.808724496693
207 0.808515560068
201 0.808115671622
206 0.806560861264
204 0.806272602685
205 0.806095627614
211 0.803695834425
221 0.801121125018
218 0.799826975192
214 0.799553049702
219 0.798232394811
216 0.798039614899
225 0.638933594911
226 0.506919028522
227 0.275089583844
232 0.0426643289919
239 0.0421499157543
242 0.0417999135422
255 0.0415040585836
234 0.0414957199749
231 0.0408273839853
236 0.0407721271776
246 0.0404027247646
249 0.0403730866359
238 0.0401404289814
244 0.0399170060554
268 0.0393962430699
282 0.038986958565
259 0.0389749203783
293 0.038373903139
257 0.0383559127513
283 0.0381009156541
304 0.0380830938275
288 0.0380518966281
302 0.038041746335
327 0.0380398724107
262 0.0380260052171
264 0.0379844512967
291 0.0379479455126
285 0.0379294354535
284 0.0379252444819
301 0.0378703427609
263 0.0378460588048
274 0.0378040384913
306 0.0377795395472
286 0.0377451074531
266 0.0376870386377
279 0.0376804523387
320 0.0376414597425
278 0.0376407224578
281 0.0375873121484
261 0.0375615667485
272 0.03753827775
275 0.0375327868057
346 0.0375164588342
341 0.0374559885485
309 0.0374514947209
299 0.037441423841
289 0.037430477661
315 0.037415340751
253 0.0373987646095
267 0.0373826698308
237 0.0373527918832
318 0.0373432552822
324 0.0373316772221
240 0.0373132746308
277 0.0372836034412
256 0.0372625638663
317 0.0372438075495
307 0.0372427038474
294 0.0372022907429
303 0.0371966197487
260 0.0371929549561
354 0.0371800540203
312 0.0371485434332
251 0.0371440297688
325 0.0371219854724
258 0.0370969815525
355 0.0370548066336
350 0.037036124232
271 0.0370331218018
308 0.0369976298079
287 0.0369965513937
229 0.0369875673393
241 0.0369856077307
233 0.036979733933
235 0.0369718025415
269 0.036943905903
326 0.0369391965928
328 0.0369361613379
252 0.0369231408175
292 0.0369225687652
311 0.0369141211248
349 0.0369112451575
296 0.0369080837336
270 0.036907712572
336 0.036898955582
343 0.0368897801317
305 0.0368866492491
245 0.0368861777056
254 0.0368774973197
243 0.0368765948678
314 0.0368738059455
248 0.0368736381504
247 0.0368717112081
322 0.0368561409936
316 0.0368459778404
313 0.0368384897549
280 0.0368373578427
273 0.0368228982133
276 0.0368129844837
295 0.036795724336
329 0.0367956758439
337 0.0367847826451
334 0.03676839488
298 0.0367666937523
265 0.0367621320312
335 0.0367530508398
332 0.0367445719358
344 0.0367316403074
369 0.0367066911645
290 0.0366979771969
230 0.0366870508198
333 0.0366797718842
250 0.0366649503627
300 0.0366594144869
297 0.0366354707191
368 0.0366151863934
330 0.0365999490325
353 0.0365992662126
367 0.0365903917835
323 0.0365444576422
331 0.0365308331577
370 0.0365302196974
319 0.0365295958376
377 0.0365217807428
351 0.0365163089845
378 0.0365026251672
371 0.0365002420291
387 0.036485130965
340 0.0364834558394
310 0.0364803059587
358 0.0364786851107
338 0.0364472405624
321 0.0364223336978
388 0.0364153900102
356 0.0364097797177
348 0.0364089016883
347 0.0364052086738
362 0.0363632835104
339 0.0363630036611
345 0.0363450407403
357 0.0363418886937
374 0.0363295662514
372 0.0363085375558
342 0.0363029640211
359 0.0362967680688
392 0.0362950164521
375 0.0362876892406
352 0.0362650434671
381 0.036251637314
361 0.0362220684785
360 0.0362212402775
366 0.036216292368
365 0.0361981487265
376 0.0361964213691
363 0.0361756389145
364 0.0361677864981
380 0.0361671468336
413 0.0361647825654
384 0.0361401752355
373 0.0361382414354
382 0.0361302454637
385 0.0361276772574
379 0.0361256765071
391 0.036117818282
386 0.0361118355886
389 0.0360827743909
410 0.0360806276241
394 0.0360783757747
403 0.0360676449966
405 0.0360487677063
404 0.0360302865521
397 0.0360137828334
396 0.0360048741752
414 0.0360043732181
402 0.0359958515977
407 0.0359905018433
412 0.0359876418305
401 0.0359755984245
390 0.0359602529231
409 0.0359479394342
398 0.0359338194113
415 0.0359284332672
428 0.0359207079257
443 0.0359205664038
399 0.0359200234221
426 0.0359178065761
408 0.035914357952
417 0.0359102061255
423 0.0358952635357
383 0.035893090715
395 0.0358871229468
418 0.0358856796034
430 0.0358464296738
416 0.0358418242869
434 0.0358296797621
411 0.035827470692
437 0.0358228379792
406 0.0358219424824
422 0.035819384789
393 0.0358144998601
400 0.0358130327565
420 0.0358064414026
431 0.0357965795313
432 0.0357962936669
441 0.035794433438
429 0.0357901959532
421 0.0357864745707
435 0.0357730707696
440 0.0357504443856
419 0.0357480283515
425 0.0357383788972
433 0.0357307762923
445 0.0356973464725
439 0.0356752125943
436 0.0356744121754
424 0.0356708575524
457 0.0356454022969
470 0.0356429382767
442 0.035636209034
452 0.0356339997115
451 0.0356327763946
450 0.0356322397394
438 0.0356294932475
444 0.0356139451291
456 0.0356127959992
459 0.0356055515216
427 0.0356010942559
448 0.0355954428532
449 0.0355884209689
453 0.0355824852151
462 0.0355807570769
463 0.0355744408006
471 0.0355673458375
446 0.0355508812676
468 0.0355402990499
454 0.0355397474828
458 0.0355395937192
455 0.0355287154015
447 0.0355125592953
461 0.0355056300593
469 0.0355051503791
466 0.0354954102178
477 0.0354913890502
478 0.0354831036538
465 0.0354817872257
491 0.0354769343355
460 0.0354766880602
464 0.0354742106258
467 0.0354739380884
490 0.0354570915851
472 0.0354548469854
475 0.0354428169293
474 0.0354421876623
484 0.0354334907899
476 0.035431437646
492 0.035427633295
485 0.0354250423501
486 0.035424767024
498 0.0354062250856
481 0.0353963122583
482 0.0353950993035
480 0.0353919286009
489 0.0353767384483
473 0.0353714911161
502 0.0353713987427
501 0.035371118983
493 0.0353686862361
483 0.0353489823226
487 0.035336635023
500 0.035333554519
494 0.0353322442966
505 0.0353270114844
499 0.0353210228675
488 0.0353042565935
479 0.0353025632683
496 0.0352723004836
506 0.0352598021512
504 0.0352567954925
509 0.0352562916998
503 0.0352539304584
512 0.0352522166729
507 0.0352447646857
497 0.0352285687141
495 0.0352283897381
515 0.0352106137188
523 0.0352049307007
511 0.0351981479293
510 0.0351965417863
513 0.0351961714362
518 0.0351932568442
508 0.0351891067449
514 0.0351872694788
529 0.0351704950015
517 0.0351672147401
522 0.0351658756693
521 0.0351592710593
528 0.035158147887
525 0.0351530744082
526 0.0351413232372
532 0.0351310248271
524 0.03512367643
516 0.0351131357418
534 0.0351077895298
520 0.0351054090949
536 0.0351032150668
535 0.0350940542438
531 0.0350900185212
519 0.035078294304
527 0.0350647585725
533 0.03504212349
530 0.0350414215587
537 0.0350354507616
538 0.0350021822455
541 0.0349780623257
547 0.0349780188538
545 0.0349768710889
543 0.0349723390612
542 0.034965040931
539 0.0349561551156
540 0.0349537003113
556 0.03494177805
546 0.0349393960293
554 0.0349329875292
548 0.034932263506
551 0.0349297207852
557 0.034926598665
544 0.0349199891598
550 0.0349189478804
549 0.0349127301469
555 0.0349019538132
558 0.0348962499933
552 0.0348887885526
553 0.034868595585
559 0.0348672690848
560 0.0348564609249
561 0.0348443388072
564 0.0348402281559
563 0.0348358082749
566 0.0348275117384
562 0.0348243822608
565 0.0348191957439
577 0.0348105364461
570 0.0348094274675
569 0.0348065658533
582 0.0347974362432
573 0.0347949364299
586 0.0347879667185
572 0.0347863661177
575 0.0347853843639
578 0.0347848661826
567 0.0347818011715
571 0.0347778499278
576 0.034775821413
579 0.0347750089706
581 0.0347603584888
568 0.0347599318833
585 0.0347567536432
580 0.0347542123848
584 0.0347504976366
574 0.0347473798524
589 0.0347451877689
583 0.0347439298084
599 0.0347330916515
597 0.0347308026233
587 0.034726280229
592 0.0347227344376
591 0.0347183425405
593 0.0347171497597
590 0.0347150953595
606 0.0347118806478
601 0.0347107058714
595 0.0347103148079
605 0.0347069071739
596 0.0347060287813
588 0.0347053916748
608 0.0346873838459
600 0.034683838943
604 0.0346827613742
598 0.0346785649597
594 0.0346638896374
609 0.0346601406336
617 0.0346536517596
621 0.0346517844859
615 0.0346509954897
603 0.0346491647235
614 0.0346481700452
612 0.0346400439451
629 0.0346331310235
616 0.0346314569943
607 0.0346273674207
618 0.0346238495947
602 0.0346213340877
611 0.0346201145875
626 0.0346175811957
622 0.0346126596388
627 0.0346121898197
613 0.0346115661658
634 0.0346083170675
624 0.034606328948
619 0.0346054581734
623 0.0345980466995
610 0.0345942633644
638 0.0345915506354
620 0.0345864301314
630 0.0345851233736
631 0.0345846047
632 0.0345839664523
633 0.0345732315649
635 0.0345696616483
642 0.0345647449193
625 0.0345620357462
628 0.0345584645906
641 0.034556772162
647 0.0345366193076
646 0.034536442387
644 0.0345315239672
649 0.0345242034347
653 0.0345201656731
648 0.034517463704
650 0.0345169652472
637 0.0345104167014
639 0.0345043652235
640 0.0345040104237
636 0.0345025584631
651 0.0345009464669
654 0.0344992438256
643 0.0344987034665
659 0.0344949297482
656 0.0344944906335
652 0.0344906414413
655 0.0344884673207
660 0.0344815223266
645 0.0344785744482
661 0.034472134982
662 0.0344666722691
665 0.0344642996887
658 0.0344634426323
663 0.0344619865501
664 0.0344553641415
670 0.0344500568481
657 0.0344408487588
669 0.034434686097
675 0.0344343282072
676 0.0344329781565
667 0.034431349599
668 0.0344261571656
673 0.0344174014934
678 0.0344165939619
672 0.0344137226454
666 0.0344003507239
671 0.0343813472911
684 0.0343789019627
677 0.0343762423742
686 0.0343714911218
680 0.0343714471481
679 0.0343689416327
682 0.0343683782516
683 0.0343615270003
674 0.0343586126596
688 0.034349918649
685 0.0343454360554
693 0.0343399055137
687 0.034336642728
681 0.0343358566242
689 0.0343356274673
704 0.034327863189
228 0.0343250592233
705 0.034321841034
696 0.0343189420526
697 0.0343177833748
690 0.034311759586
702 0.0343098521103
695 0.0343047477686
706 0.0343030160285
694 0.0342960647608
709 0.0342921416454
692 0.0342913315151
708 0.0342888550694
707 0.0342858713508
701 0.0342849132858
698 0.0342812920488
714 0.0342793914823
717 0.0342787803471
703 0.0342761680653
710 0.0342726095664
691 0.034272507783
711 0.0342675127847
699 0.034264283975
700 0.0342578237242
713 0.0342569850987
712 0.0342543993261
715 0.034251103766
724 0.0342233796168
716 0.0342224030094
718 0.0342103003498
723 0.0342062600708
719 0.0342048006802
721 0.0342039009911
725 0.0342028445266
720 0.0341978686736
739 0.0341975909324
731 0.0341962162724
733 0.0341943420475
729 0.0341921733669
722 0.0341863982984
728 0.0341859365706
732 0.0341833914109
726 0.0341800726816
727 0.0341798958602
742 0.0341781464891
735 0.0341732675842
730 0.0341708939839
738 0.0341663833131
741 0.034160362079
737 0.0341536239925
734 0.0341501313037
736 0.0341458267758
744 0.0341434634474
740 0.0341408007216
753 0.0341396628368
745 0.0341278832747
756 0.0341261147563
749 0.0341247543485
743 0.0341187133939
759 0.0341141680547
746 0.0341097917603
751 0.0341061824101
747 0.0341012587106
764 0.0341007067935
763 0.0341003294689
748 0.0340988914018
757 0.0340969828973
754 0.0340957654962
758 0.0340955386185
752 0.0340906999781
755 0.0340904947539
760 0.0340880215893
750 0.0340794385808
767 0.0340706275244
761 0.0340623302442
765 0.0340614964408
769 0.0340598339393
772 0.0340517804471
773 0.0340462150376
768 0.0340460923076
771 0.0340439405037
762 0.0340356249041
778 0.0340267617727
779 0.0340237208955
770 0.0340222331013
775 0.0340214664045
777 0.034014931093
790 0.0340053905219
796 0.0339991233517
766 0.0339910919715
811 0.0339896989539
774 0.033987295024
813 0.0339865040717
818 0.0339832499023
794 0.0339824599153
814 0.0339809769093
801 0.0339793070192
795 0.0339787328635
797 0.0339780954958
785 0.0339773397863
787 0.0339768007624
783 0.0339757673612
806 0.0339730052811
826 0.0339712045517
827 0.0339707737436
809 0.0339707653948
776 0.0339701847136
789 0.0339701669391
799 0.0339688855326
793 0.0339661022678
788 0.0339630376098
803 0.033959948929
781 0.0339597825466
815 0.0339584312721
807 0.0339536788984
786 0.033953612196
782 0.0339530470824
819 0.0339521227841
804 0.0339501125847
816 0.0339480420479
780 0.0339402135398
800 0.0339388714719
802 0.0339383732317
825 0.0339270839805
831 0.0339231630621
832 0.0339219702625
824 0.0339121346551
830 0.0339111767167
792 0.0339087327485
835 0.0338975823917
784 0.0338975314253
791 0.0338934427283
808 0.0338878730729
812 0.0338841998622
834 0.0338835717638
840 0.0338822943341
823 0.0338778991307
842 0.0338720839925
821 0.0338715668825
839 0.0338644720479
810 0.033862797648
844 0.0338559870041
798 0.0338527355732
805 0.0338378900832
828 0.0338377214993
822 0.033832834054
838 0.0338314793853
829 0.0338262803969
843 0.03380956366
817 0.0337998258584
836 0.0337953541798
841 0.0337918160554
837 0.0337917417409
820 0.033776237145
845 0.0337660513367
833 0.033759432917
846 0.0337284036907
847 0.0337249228715
848 0.0337213740209
849 0.0335428202938
850 0.021873563834
851 0.0201650433176
852 0.0161482357647
854 0.0130941202342
858 0.0118650853398
856 0.0117916550088
861 0.0116823742907
864 0.0116031399958
857 0.0116013688746
865 0.011551359816
862 0.0115101187776
866 0.0115014183664
867 0.0114896997014
869 0.0113919037773
868 0.0113007841712
872 0.0112592548125
870 0.0112242379266
874 0.0112175834392
876 0.0110471227271
853 0.0108400667717
883 0.0107250279342
886 0.0106956255643
890 0.0106279067917
888 0.0105378861192
896 0.0104463100681
898 0.0104243168123
895 0.0103491747445
894 0.0103413895936
904 0.0102519168016
903 0.0101976078239
907 0.0101562196207
222 0.010058244113
220 0.0100567044932
217 0.0100259746145
911 0.0100183109351
224 0.0100080264794
919 0.0100025980235
223 0.00999596739045
915 0.00998278517946
917 0.00996003397704
923 0.00987778571038
922 0.00986285567563
925 0.00985220461854
924 0.0098512922231
212 0.00985116449162
926 0.00980705287391
215 0.00976911267961
210 0.00972943453135
933 0.00971469368837
930 0.00970723603148
213 0.0097048443591
936 0.00969422100246
934 0.00967623636908
938 0.00963287806226
943 0.00963124726471
944 0.00963120813793
209 0.00962927083994
945 0.00962766708648
203 0.00960857277108
947 0.00960596402702
194 0.00956168299334
202 0.00955842016183
199 0.00954681883232
953 0.00954051487924
195 0.00953609330977
189 0.00952802048744
196 0.00952718095945
954 0.00952040406319
951 0.0095145770417
956 0.00951150507487
190 0.00949520831933
191 0.00949046526346
186 0.00948593876942
185 0.00948279931625
188 0.0094812069648
182 0.00947691779719
178 0.00945101034072
173 0.00944781907692
179 0.00944698856472
174 0.0094380789106
961 0.00942568765056
176 0.0094154424837
962 0.00940445688126
170 0.00939417691667
166 0.00937519639629
167 0.00937178687184
968 0.00936898815759
169 0.00936844950097
163 0.00935451293223
164 0.00935022786771
974 0.00933500367939
973 0.00932188783614
159 0.00931123650171
978 0.00929743203456
979 0.00926835881155
152 0.00925788250992
981 0.00924960845838
982 0.0092437963216
985 0.00924238155364
149 0.00924048240945
984 0.00923843042585
988 0.00922809041819
987 0.00921883804828
989 0.0092149827927
990 0.00920286351818
992 0.00917932718408
996 0.00917413000309
995 0.00915786157448
143 0.00915204632317
1008 0.00913857735435
1011 0.00913389055496
1002 0.00913167999787
138 0.00912843496231
1004 0.00912773895712
1006 0.00912609587305
1013 0.00912447349563
1009 0.00912333526962
1015 0.00911710260431
1010 0.00910971054602
140 0.0091095930609
1016 0.00909842286459
1017 0.0090913967838
1020 0.00908748642663
1022 0.00908728495791
1019 0.00908436390556
135 0.0090789877756
136 0.00907794501867
1026 0.00907440337384
1027 0.00907170457025
1029 0.00907104976116
1024 0.00906412442803
1025 0.00906349663031
1035 0.00906173441618
1031 0.00906006458932
134 0.00905907169628
1032 0.00905816839545
1037 0.00905165282623
1043 0.0090490839832
1040 0.00904563751602
1045 0.00904519896152
1048 0.00904183432632
1039 0.00903991371023
1041 0.00903948734382
1050 0.0090372276064
1049 0.0090372276064
1054 0.00903489385087
1062 0.00903413216483
1055 0.00902767373795
1060 0.00902669132679
1051 0.00902651154618
1057 0.00902434557338
1061 0.00902251248989
1067 0.00901475939058
1063 0.00901427714259
1068 0.00901344329893
1084 0.00900966680726
1073 0.0090088930195
1074 0.00900763661139
1080 0.00900601664189
133 0.0090049786752
132 0.00900497850744
1085 0.00899338588319
1087 0.00897615175968
125 0.00895947248329
123 0.00893600521154
119 0.00892500764376
120 0.00890361603089
124 0.00887572388929
115 0.00886120723889
114 0.0088580988306
110 0.00878193966432
103 0.00877223754196
99 0.00875369536028
96 0.00872707028455
93 0.00872665807594
91 0.00872477173225
94 0.00871934289145
102 0.00871689941403
92 0.00871619336229
86 0.00868320709147
89 0.00868074486295
88 0.00867920687031
85 0.008675984595
83 0.00867588052444
80 0.00865719814884
78 0.00865602107751
77 0.00865063149809
75 0.00863624500202
74 0.00863461037262
68 0.0086128378316
66 0.00861201397168
64 0.00861038468882
65 0.00860862359136
63 0.00860327551131
60 0.00859397049637
56 0.0085770214186
53 0.00856547686726
52 0.00854998290275
48 0.0085252423543
41 0.00849915464919
45 0.00848262686782
38 0.00847856856332
36 0.00847852691892
26 0.00846883355454
39 0.00846079516499
23 0.00845772099959
18 0.00845371001697
29 0.00844710830631
19 0.00844527966199
14 0.00844416555068
20 0.00844293985291
17 0.00844151747466
11 0.00843428103661
8 0.0084311562685
10 0.00842616925604
9 0.00842188634488
7 0.008409782028
5 0.0083746313614
1 0.00832174055782
2 0.00832112673485
3 0.0083190098056
859 0.00627645380856
860 0.00619353547059
863 0.00613891873363
855 0.00611415154996
873 0.00572683461943
877 0.00565802721829
871 0.00565239749216
875 0.00560987065214
880 0.00552477454622
879 0.0055123701805
878 0.00548592152513
887 0.00547935645011
881 0.00546491058949
885 0.00546269768386
889 0.00545926325281
882 0.00545757944931
884 0.00543594608572
891 0.00542706828221
900 0.0053836103755
892 0.00538044611386
897 0.00536788325125
893 0.00536144495962
899 0.00534706046629
901 0.00533548147104
902 0.00533401685574
906 0.00528614884811
908 0.00528187752496
909 0.00528187752496
905 0.0052785080196
912 0.00525754907205
910 0.00525579753462
913 0.00525237864469
916 0.00524593864352
914 0.00524263497854
918 0.0052413302473
920 0.00520662764009
921 0.00518004931184
927 0.00513209679169
928 0.00513198339094
929 0.00512990900356
931 0.00511681139739
932 0.00511448786011
937 0.00511113783878
935 0.00510880844107
939 0.00509487892486
940 0.00509474931766
942 0.00509142996908
941 0.005088065937
946 0.00508532202581
948 0.00507911410472
949 0.00507808684481
950 0.00507515589644
955 0.00506563398074
952 0.00506492340498
957 0.00506230888546
958 0.00505704580023
959 0.00505556352314
960 0.00505048889024
963 0.00504145921367
964 0.00504145049642
966 0.00503555772303
967 0.00503252552708
965 0.00503228945872
969 0.005026106939
970 0.00502402372461
971 0.00502198729409
972 0.0050191041508
976 0.00501267648448
975 0.00501084950355
977 0.00500728381027
986 0.00498187871265
980 0.00497748788236
983 0.00497221400306
994 0.00495826932203
991 0.00495693398206
993 0.00494842487783
997 0.00494738380265
998 0.00493921089744
999 0.00493560127463
1000 0.00493209220845
1001 0.00492877355111
1005 0.00492555667966
1003 0.00492372348935
1007 0.00492098393557
1012 0.00491578805412
1014 0.0049105188366
1018 0.00490752011078
1023 0.00490188980059
1021 0.00490184505894
1028 0.00489289846003
1042 0.00488602518429
1030 0.00488103431216
1034 0.0048786190249
1036 0.00487373060288
1033 0.00487131376164
1059 0.00486750815088
1044 0.00486429980633
1046 0.00486406286847
1047 0.00486383393939
1038 0.00486271737448
1052 0.00485545237485
1053 0.00485537296536
1058 0.0048461546994
1056 0.00484125482788
1077 0.00483910665988
1064 0.0048379214505
1065 0.00483754850562
1066 0.00483445801052
1070 0.00483001644207
1072 0.00482767615585
1069 0.00482662973025
1071 0.00482452742541
1076 0.0048239751571
1078 0.00482248961462
1081 0.00482236962309
1075 0.00482199379428
1082 0.00482138342172
1088 0.00481985300153
1079 0.00481841714297
1083 0.00481599813323
1086 0.00481585760969
