5 1.0
2 0.641243915913
1 0.633225569898
3 0.577268330307
7 0.440508645198
8 0.409484261702
9 0.407711156738
10 0.383489458955
14 0.380684712381
11 0.377412421329
19 0.376885394206
18 0.375631564485
26 0.374236704955
29 0.373725209158
17 0.372666946274
20 0.372470831877
39 0.370706122942
23 0.370607173329
41 0.36681695835
36 0.366062648951
38 0.36606054831
45 0.364968408059
48 0.360102967983
52 0.355428217254
56 0.355323429613
53 0.354300717204
60 0.350516189094
63 0.349671796511
64 0.349557427182
65 0.349033072914
66 0.348635228713
68 0.348552478175
74 0.346817143553
75 0.346753825998
77 0.346112153666
78 0.3453309933
80 0.34527271703
83 0.344889209704
85 0.344203564464
88 0.344008106724
86 0.343957556017
89 0.343915146408
91 0.342089863923
92 0.342069310077
94 0.341854209683
102 0.34178911698
93 0.341621990597
96 0.341495992926
99 0.340407756103
103 0.339571266657
110 0.339168627459
114 0.336199500074
115 0.336136433858
124 0.335839043709
120 0.334351156791
119 0.333812744742
123 0.333478188396
125 0.332697826937
132 0.331345183285
133 0.331345181129
134 0.329512053209
135 0.328924645294
136 0.328860069196
140 0.327931974565
138 0.327426312455
143 0.326753571367
149 0.324822426196
152 0.323981214783
159 0.322686001378
163 0.322214439402
164 0.321761218492
169 0.321441828555
166 0.321421761025
167 0.321140650305
170 0.320638099209
176 0.320302787384
174 0.319827821797
173 0.319768016033
179 0.319758046483
178 0.319452902822
182 0.319280766264
185 0.319102375652
186 0.319035667384
188 0.319017179469
191 0.318829307272
190 0.318681787018
189 0.318435286914
196 0.318411414721
195 0.318352442323
199 0.31810502677
194 0.317925594536
202 0.317861641608
203 0.317265045943
209 0.316899593545
213 0.316027577574
210 0.315724901706
215 0.315188271635
212 0.314362350914
223 0.312448563361
224 0.312417669946
217 0.312269054531
220 0.311943244994
222 0.311778153686
228 0.0388669497399
230 0.00971226162466
243 0.0095068147054
232 0.00930914132918
265 0.00889335330109
236 0.00885160916584
239 0.00881294445049
234 0.00880754496276
270 0.00878837433037
235 0.00875023163304
276 0.00867252877368
257 0.00865501832831
269 0.00863830176437
252 0.0086065467483
250 0.00859032199006
240 0.00858561377896
290 0.00854808344163
247 0.00852731883676
297 0.0085233407523
296 0.00850598987011
300 0.00850253554132
259 0.0084001476049
256 0.00839161118369
310 0.00838953195281
302 0.00837873684869
260 0.00837736254706
261 0.00836081144984
267 0.00833776408746
264 0.00833502959917
266 0.00833163769087
283 0.0083098219405
323 0.00830122666903
294 0.0082801936236
285 0.00826933956706
292 0.00826648383448
272 0.00826280579935
271 0.00823963614536
279 0.00823772413859
291 0.00823240001308
301 0.0082264890655
287 0.00822492532985
342 0.00821277424818
299 0.0082089220543
324 0.0082043265742
286 0.0081925975972
313 0.00817965029367
242 0.0081771692837
321 0.00817293910276
305 0.00817212603269
307 0.00816778380505
298 0.00816376129741
306 0.00816162607508
255 0.00815670019538
303 0.00815607790984
314 0.00815371930199
244 0.00814917688039
315 0.00814717746548
338 0.00812318819427
348 0.00811939348315
337 0.00811772438854
360 0.00811301269048
334 0.00810137610972
268 0.00810118662691
249 0.00809674463165
363 0.00809087467559
345 0.00808647514393
258 0.00807110448303
352 0.00806158149069
330 0.00805183967266
335 0.00805124644222
353 0.00804850619573
229 0.00804120944863
332 0.00804050093058
233 0.00803914538969
325 0.00803609720521
238 0.00803545095424
241 0.00803438527481
253 0.00803294642647
282 0.00802748787833
339 0.0080272845871
262 0.00801996067695
248 0.00801537510136
340 0.00801076336598
368 0.00800353900408
273 0.00800063409466
336 0.00799510390397
331 0.00798772450958
246 0.00798507981348
373 0.00798357034188
274 0.00798275868548
365 0.00797979868458
288 0.00797616748731
284 0.00797595394
281 0.00797331388464
362 0.00797322417267
237 0.00797293805275
278 0.00797213171926
280 0.00796837306064
251 0.00796588655808
245 0.00796517682212
263 0.00796407469433
293 0.00796285320536
277 0.00796215734735
380 0.00796122106023
275 0.00795944045202
254 0.00795744439509
295 0.00795367515289
304 0.00795209438217
316 0.00795128200658
349 0.00794832882696
231 0.00794704269104
289 0.00794436516637
371 0.00794283014643
361 0.00794168422222
370 0.00793840611639
308 0.00793600205108
309 0.00793453383438
359 0.0079342643489
318 0.00793373631397
327 0.00792995195872
312 0.0079279099143
382 0.00792467348049
385 0.00792274796379
364 0.00791772881855
397 0.00791572684609
322 0.00791567881787
357 0.00791514286855
386 0.00791503319885
333 0.00791501694139
320 0.0079145450235
311 0.00791152373313
319 0.00790948952868
376 0.00790908630792
329 0.00790716497032
379 0.00790695429999
317 0.00790564836363
369 0.00790356288731
341 0.00790123174412
326 0.00789441057021
372 0.00788677080557
346 0.00788571450267
374 0.00788328835888
377 0.00788199184
347 0.00788030805691
378 0.00787854726307
391 0.00787665595676
344 0.00787313295004
396 0.00787246584135
381 0.00787098619604
328 0.00787041692572
351 0.00786636122367
384 0.00786461220877
367 0.00786043323816
354 0.0078585836872
411 0.00785794989209
401 0.00785586333974
350 0.00785583857918
355 0.00785511798278
358 0.00785218241354
390 0.00784950292517
343 0.00784769324127
356 0.00784256172735
366 0.00783209214198
392 0.00782950651804
394 0.00782903877171
420 0.00782253530542
408 0.00782143518097
375 0.00782049886121
393 0.00781253970561
407 0.00781192612553
412 0.00781104660356
387 0.00780787007036
398 0.00780783917033
405 0.00780038949751
422 0.00779738171294
417 0.00778969548887
399 0.00778945215157
402 0.00778459181599
419 0.00778100766833
421 0.00777294596718
388 0.00776524771862
389 0.00776512659018
409 0.00776426004925
400 0.00776183358001
406 0.00776135348372
404 0.00775870928142
403 0.00775209355994
395 0.00774630552605
435 0.00774371216201
383 0.00774283226506
448 0.00773774368388
414 0.00773376934495
432 0.00773340084726
413 0.00773287762699
415 0.00772948912476
429 0.00772215305302
410 0.00772182710364
433 0.00771492336216
437 0.00770922915847
431 0.0077072723439
416 0.00770685954357
450 0.00769787080914
454 0.00769403695533
456 0.00769389136999
440 0.00769303812826
457 0.00769096655606
447 0.00768863304159
428 0.00768726474279
427 0.00768366953857
423 0.00768065751581
441 0.00767976455726
430 0.00767805247856
443 0.00767686438295
418 0.00767640195206
439 0.00767508959773
425 0.00767376681735
466 0.00767132693301
426 0.00766709412077
424 0.00766483241792
449 0.00766422812949
434 0.00765577438117
476 0.00765238029574
444 0.00765212931943
445 0.00765170343646
477 0.00765149316079
438 0.00765129485647
453 0.00765009042135
442 0.00764588112104
446 0.00764570769694
451 0.00764357239309
436 0.00764127416083
458 0.00763916023423
461 0.00763774866182
472 0.00763706895948
459 0.007636570571
452 0.00763407932316
485 0.00763124043695
486 0.00763098958173
487 0.00762968125824
460 0.00762541096114
478 0.00762355927941
462 0.00762245959905
455 0.00762219590092
470 0.00762109731316
480 0.00761905308089
469 0.00761859716519
473 0.00761781453703
464 0.00761726832035
463 0.00761362318947
494 0.00761260688648
465 0.00760984883461
468 0.0076096452316
496 0.00760943764174
475 0.00760889116464
467 0.00760867911051
484 0.00760607825059
471 0.0076051457637
497 0.00760372103619
489 0.00760354516475
506 0.00760242940872
479 0.00760169898853
493 0.00760119293906
483 0.00759598626519
488 0.0075958703814
509 0.00759457489237
474 0.00759381345396
481 0.00759279595205
500 0.00759177790131
482 0.00759129622844
495 0.00758913026003
502 0.00758662045586
492 0.00758572325318
490 0.00758323566987
491 0.00758117518998
507 0.00757834393881
499 0.00757781226262
505 0.00757593165101
504 0.00756771798436
501 0.00756702177174
515 0.00756634623762
514 0.00756536359908
510 0.007564098949
518 0.00756388643551
503 0.00756042797577
508 0.0075598297714
519 0.00755761834395
498 0.00755736271741
511 0.00755188970149
522 0.00755116709249
513 0.00755063247122
524 0.0075451125049
517 0.00754352257819
512 0.00754075864836
516 0.0075371702146
536 0.00753612574475
523 0.00753472424549
532 0.00753420103256
526 0.00753167756839
528 0.00753131600655
534 0.00752798989407
529 0.00752591659861
525 0.00752511869499
520 0.00752435043312
531 0.00752430554148
530 0.00751912016184
527 0.00751670699583
521 0.00751317468749
535 0.00750881015324
539 0.00750410291535
533 0.00750320348073
538 0.00750134738953
537 0.00749899708188
543 0.00749827186509
541 0.00749616011509
548 0.00749604887325
547 0.00749468162451
550 0.00748943574005
540 0.00748624254114
542 0.00748597691197
544 0.00748496053882
556 0.00748488364164
552 0.00748437860447
545 0.00748331732843
549 0.00748069915312
546 0.00748042669521
559 0.00748012998254
554 0.00747780161219
553 0.00747413402315
563 0.00747204957532
551 0.00747158839867
561 0.00746452693569
557 0.00746452056663
555 0.00745782583599
558 0.00745765058456
562 0.0074551794372
577 0.00745496161018
560 0.00745276193717
576 0.00745102636846
565 0.00744741546908
582 0.00744666323586
574 0.00744587094639
564 0.00744345637729
567 0.00744263610069
569 0.00744259880913
571 0.00744181383987
578 0.00743891204603
570 0.00743881437483
566 0.00743871057757
585 0.00743593518748
575 0.00743529482964
573 0.00743502377177
580 0.0074345241083
591 0.00743451995174
579 0.00742988608562
572 0.00742853302597
588 0.00742778986575
586 0.00742696998875
581 0.0074268147202
601 0.00742244899548
589 0.00742241271299
606 0.00742008302277
596 0.00741932703835
583 0.00741798935135
590 0.00741796650946
599 0.0074171852952
568 0.00741709576194
598 0.00741668826224
592 0.00741639677737
584 0.0074159107495
587 0.00741475075551
605 0.00741468067229
595 0.00741283110078
597 0.00741271358036
593 0.00741086105598
612 0.00740834339731
609 0.00740658324789
600 0.00740579362526
594 0.00740397536827
617 0.00740333861389
608 0.00740276278979
621 0.0074024012311
604 0.00740208226734
615 0.00740063510282
626 0.00739784979105
611 0.00739784932816
629 0.00739759845316
627 0.00739601088026
614 0.00739596453434
616 0.00739526288132
602 0.00739462460556
619 0.00739352099525
603 0.00739341749125
632 0.00739114018767
607 0.00739023465843
613 0.00738832732889
638 0.00738807902599
634 0.00738753430844
624 0.00738687837499
623 0.00738683784633
633 0.00738674621352
618 0.00738671044367
622 0.00738302035926
610 0.00738132948643
628 0.00737966915298
635 0.00737710564125
642 0.00737611168086
620 0.00737418912875
630 0.00737373663828
631 0.00737358209852
644 0.00736979854135
641 0.00736815760382
625 0.00736807046416
653 0.00736752658271
650 0.00736624948561
649 0.00736560282455
640 0.00736414301177
646 0.0073631639486
647 0.00736307676186
656 0.0073622498867
659 0.00736041433681
643 0.00736011544853
648 0.00735892129676
636 0.00735742576246
651 0.00735695758651
660 0.00735693908095
655 0.00735547410691
652 0.00735516743304
637 0.0073551211581
663 0.00735369034341
639 0.00735362391623
645 0.00735353672335
654 0.00735342660809
661 0.00735333866502
658 0.0073526226574
664 0.0073516528248
662 0.00735119776045
676 0.00735060367074
665 0.00734872112482
669 0.00734626695887
670 0.00734423128305
667 0.00734273305276
675 0.00734218762902
668 0.00734050176592
657 0.00733899089845
673 0.00733652843434
684 0.00733514500772
672 0.00733350499296
678 0.00733345054486
666 0.00733269451947
677 0.00732650762575
682 0.00732498829058
679 0.00732440361863
686 0.00732232921554
680 0.00732214752665
671 0.00732189578245
683 0.00732145181782
696 0.00731728499824
688 0.00731639515234
693 0.00731633349676
674 0.00731530264774
704 0.00731438548073
687 0.00731362310614
685 0.00731209878347
681 0.00731162839397
689 0.007310167734
705 0.00730926165531
695 0.00730848924295
697 0.00730802540844
690 0.00730653157401
702 0.00730388784704
709 0.00730251643281
703 0.00730214684797
706 0.00730212048291
708 0.00730168488603
717 0.00730166031527
698 0.00730074849539
692 0.00730056764086
714 0.00730001776187
694 0.00729963103258
710 0.00729891814667
707 0.00729851761868
713 0.00729756839995
701 0.00729667729013
691 0.00729544758368
711 0.0072933782052
715 0.00729235823542
699 0.00729185663551
712 0.00729084519111
700 0.00729068448408
724 0.0072844470236
716 0.0072843416421
721 0.00727951521384
718 0.00727856972021
719 0.00727759075688
731 0.00727746753174
725 0.00727723229715
733 0.00727721044034
720 0.00727579515964
729 0.00727573792478
723 0.00727573043371
739 0.00727525774683
727 0.00727525212578
742 0.00727342900304
722 0.00727340251851
732 0.00727300301047
730 0.00727284781617
735 0.00727163675197
741 0.00727105830532
738 0.00727080602318
728 0.00727072608768
726 0.00726931423183
737 0.00726309213734
734 0.00726145815798
736 0.00726032253131
753 0.00725939157393
744 0.00725928874398
740 0.00725900752109
745 0.00725713851992
749 0.00725664227943
756 0.00725643740286
746 0.00725535755201
743 0.00725453653584
759 0.00725409825548
763 0.00725338336753
747 0.00725295716986
754 0.00725270209235
751 0.00725209370354
755 0.00725120648251
750 0.00725113398295
748 0.00724950191424
764 0.00724933669475
757 0.00724924422737
752 0.00724864133821
758 0.00724854749611
760 0.00724660500401
767 0.00724388943239
761 0.00723996765399
765 0.00723978742446
769 0.00723891476707
773 0.00723780033835
772 0.00723754145207
762 0.00723647018708
768 0.00723594324977
771 0.00723513811426
778 0.00723392055809
775 0.00723247459128
779 0.00723037171593
770 0.00722978691691
766 0.00722769376068
777 0.00722694830585
790 0.00722508343135
774 0.00722409503506
776 0.00722350098901
783 0.00722327177783
796 0.00722264980637
811 0.00722194703856
813 0.00722116798651
787 0.00721964442033
795 0.00721947746439
818 0.00721929973568
797 0.00721885706285
801 0.00721868518594
814 0.00721811534278
794 0.00721810340107
785 0.00721799211825
799 0.00721676982006
781 0.00721660615249
789 0.0072164132637
806 0.00721565972083
826 0.00721550362387
793 0.00721544782802
827 0.00721540778274
788 0.00721536308335
782 0.00721527969228
809 0.00721505971853
804 0.00721296398021
786 0.00721285926641
803 0.00721262062216
807 0.00721210400914
780 0.00721210083164
815 0.00721207948356
816 0.00721131628934
819 0.00721058994609
800 0.00720737492989
802 0.00720722128689
825 0.00720720331138
792 0.00720665933316
784 0.00720400408433
831 0.00720373681664
830 0.00720344565858
832 0.00720341742244
824 0.00720142885471
812 0.00720069783035
791 0.00720056408119
835 0.00719855608524
808 0.00719832847281
834 0.00719749071956
823 0.00719662992624
840 0.00719519660696
821 0.00719435086922
842 0.00719421499483
798 0.00719355068537
839 0.00719301218564
810 0.0071921632649
805 0.00719071591671
844 0.00718971084229
828 0.0071874605068
829 0.00718591179372
822 0.00718572912711
838 0.00718358092844
843 0.00718105620773
817 0.00718060270469
836 0.0071802083952
820 0.00717619001285
837 0.00717581293219
841 0.00717517796105
833 0.00716953740597
845 0.00716934769785
847 0.00716314958174
846 0.00716211751003
848 0.00716050667365
849 0.00712380436948
227 0.00622104401582
850 0.00452610195968
226 0.00422356550153
851 0.00414647325293
852 0.00325283757012
225 0.00319011250483
854 0.00257380523345
858 0.00230042324471
856 0.00228411730941
861 0.00225984687403
864 0.00224246448793
857 0.00224195815668
865 0.00223076465756
862 0.00222170022392
866 0.00221988442768
867 0.00221709534257
869 0.00219542953691
853 0.00219118162209
868 0.00217521351302
872 0.00216609298952
870 0.00215837332
874 0.00215679902558
876 0.00211913159386
883 0.00204778464873
886 0.00204134430677
890 0.002026325699
888 0.0020064885587
896 0.00198619645668
898 0.00198134541727
895 0.00196475651321
894 0.00196299647382
904 0.00194325763028
903 0.00193122082529
907 0.00192208741009
911 0.00189162973127
919 0.00188818803159
915 0.00188379154861
917 0.00187879199563
923 0.00186062551556
922 0.00185738335084
925 0.00185497986206
924 0.00185479506139
216 0.00184906775164
219 0.00184808228419
926 0.00184503258031
214 0.00183858514743
218 0.00183781255804
221 0.00182497704601
933 0.00182470159408
930 0.00182304253628
936 0.00182018970419
934 0.00181623250898
938 0.0018066700772
943 0.00180629488646
944 0.00180628618465
211 0.00180578205393
945 0.00180550468411
947 0.00180074899585
204 0.00178659285145
953 0.00178633960093
205 0.00178504001989
206 0.00178371103511
954 0.00178193079046
951 0.00178065632597
956 0.00177995872188
201 0.0017721310263
207 0.0017668623385
208 0.00176444760291
961 0.00176107247472
197 0.00175767086765
962 0.00175640959315
200 0.00175289199715
968 0.00174859566213
198 0.00174718244083
974 0.00174112664255
973 0.0017382383977
192 0.00173747521006
187 0.00173623586743
978 0.00173286222481
183 0.00172784809413
193 0.0017275219458
979 0.0017264759148
981 0.00172235192891
982 0.00172106870704
180 0.00172096228133
985 0.00172075796705
984 0.00171989757633
988 0.00171761673713
987 0.00171558377691
989 0.00171473664115
990 0.00171207492721
184 0.00171174994774
172 0.00170965998877
181 0.00170916031566
171 0.00170776262373
992 0.0017069036765
996 0.00170575896753
177 0.00170570779061
175 0.00170485396429
995 0.00170219011998
168 0.00169840917677
1008 0.00169794742948
1011 0.0016969183053
1002 0.00169643799974
1004 0.00169557119694
1006 0.00169521016259
1013 0.00169485112698
1009 0.00169460344465
1015 0.00169323238749
1010 0.00169161259599
1016 0.00168912921874
1017 0.0016875864729
1020 0.00168672753392
162 0.00168670256697
1022 0.00168668516064
1019 0.00168604512014
161 0.00168468149726
1026 0.00168385757345
160 0.00168371732059
1027 0.00168326487289
1029 0.00168312115126
1024 0.0016816010708
1025 0.00168146334619
1035 0.00168107448331
1031 0.00168071022492
1032 0.00168029241913
1037 0.00167886249407
1043 0.00167829873734
1040 0.00167754185795
1045 0.00167744556257
1048 0.0016767065683
1039 0.00167628588687
1041 0.00167619228288
1049 0.0016756958735
1050 0.0016756958735
1054 0.00167518383517
1062 0.00167501718906
156 0.0016745450966
154 0.00167418025008
165 0.00167389461495
1055 0.00167359972422
1060 0.0016733835413
1051 0.00167334439333
1057 0.00167286929288
1061 0.0016724666158
1067 0.00167076544381
1063 0.00167065988397
1068 0.00167047735526
1084 0.00166964894884
1073 0.00166947937551
1074 0.001669203647
1080 0.00166884854709
1085 0.00166607813727
1087 0.00166229800719
145 0.00166155404718
158 0.00165937779612
155 0.00165771988353
151 0.00165583227477
157 0.0016552010787
146 0.00165484654047
153 0.00165392448116
144 0.001653378988
150 0.00165262084605
148 0.00164720463553
147 0.00164445312559
139 0.00164431382627
142 0.0016383132948
141 0.00163518662023
137 0.00162263886968
130 0.00161769843935
131 0.00161723989816
128 0.00160975894933
129 0.00160425952723
127 0.0016030239674
126 0.00159937042913
118 0.00159455777971
122 0.00159002297857
121 0.00158892879404
117 0.00158190114873
116 0.00158180698388
113 0.00157914289221
109 0.00157837768272
108 0.00157613234849
112 0.00157613063681
111 0.00157474240989
107 0.00157134726384
105 0.00156949410795
106 0.00156817366524
104 0.00156753838842
101 0.00156332659322
100 0.00156314474787
97 0.00155817451211
98 0.0015580285577
95 0.0015566350096
90 0.00155216926972
87 0.00154340975986
84 0.00154082204116
76 0.00153787976622
82 0.00153737516495
81 0.00153698433377
79 0.00153552295889
72 0.00152821897136
69 0.00152726225976
73 0.00152512671574
67 0.0015222826225
71 0.00152202923358
70 0.00152175806903
62 0.00151890564751
57 0.00151843739383
61 0.00151833381901
58 0.001516387774
59 0.00151501896664
55 0.0015138209437
54 0.0015105931867
50 0.00150571333483
49 0.0015055538647
51 0.00150328612822
47 0.00149649952426
46 0.00149543401301
42 0.00149507601619
35 0.00149452502472
37 0.00149450340252
13 0.00149442419856
43 0.00149426030353
34 0.00149416626841
31 0.00149405610227
44 0.0014939861558
32 0.00149380854333
40 0.00149317926708
6 0.00149288364614
33 0.00149194297784
30 0.00149131965379
27 0.00149124003813
28 0.00149099278434
21 0.00149018463305
24 0.00149014589393
25 0.00148990046438
22 0.00148958164292
16 0.00148880478574
15 0.00148876901606
12 0.00148864558717
4 0.00148642534409
0 0.00148370233226
859 0.00119994937696
860 0.00118195453692
863 0.00117010063841
855 0.00116472936792
873 0.00108068879838
877 0.00106577849455
871 0.00106456618537
875 0.00105531405313
880 0.00103688463937
879 0.00103416387315
878 0.00102845033046
887 0.00102702990531
881 0.00102388985784
885 0.00102340658175
889 0.00102266949343
882 0.00102228941837
884 0.00101760937585
891 0.00101568703857
900 0.00100628109006
892 0.00100558024646
897 0.00100288903023
893 0.0010014642476
899 0.00099835983809
901 0.000995851299244
902 0.000995562214932
906 0.000985170233504
908 0.000984252403671
909 0.000984252403671
905 0.000983526293163
912 0.000978987176311
910 0.000978630413461
913 0.000977869486413
916 0.000976477893244
914 0.000975783998771
918 0.000975491555864
920 0.000967994464145
921 0.000962263302147
927 0.000951896516796
928 0.000951871398905
929 0.000951424104375
931 0.000948598995584
932 0.000948089673218
937 0.000947369868142
935 0.000946861498835
939 0.000943861382853
940 0.000943826424139
942 0.000943112261748
941 0.000942390300072
946 0.000941798538638
948 0.000940458407291
949 0.000940236777513
950 0.000939601171393
955 0.00093754985257
952 0.000937393384323
957 0.00093683290696
958 0.000935699205064
959 0.000935379278066
960 0.000934280580071
963 0.000932333878041
964 0.000932331983772
966 0.000931067175328
967 0.000930408744818
965 0.000930357990765
969 0.000929025052039
970 0.000928582871392
971 0.000928143516426
972 0.00092751798096
976 0.000926129768223
975 0.00092573948688
977 0.000924971166395
986 0.000919504419295
980 0.000918557623226
983 0.000917421877352
994 0.000914418200089
991 0.000914133264238
993 0.000912301872649
997 0.000912076284634
998 0.000910319278015
999 0.000909544413862
1000 0.000908789407168
1001 0.000908075299689
1005 0.000907380978044
1003 0.000906988136675
1007 0.000906398259247
1012 0.000905281056504
1014 0.000904148489274
1018 0.000903503259993
1023 0.000902292450896
1021 0.00090228375314
1028 0.000900360170799
1042 0.000898883212389
1030 0.000897811742856
1034 0.000897291683393
1036 0.000896240444675
1033 0.00089572261688
1059 0.000894904413759
1044 0.000894215023834
1046 0.000894163396208
1047 0.000894115311333
1038 0.00089387506723
1052 0.00089231393236
1053 0.000892296594741
1058 0.000890316795123
1056 0.000889264544004
1077 0.000888804308398
1064 0.000888549388597
1065 0.000888468541992
1066 0.000887805520692
1070 0.000886851381065
1072 0.000886348720941
1069 0.000886124012862
1071 0.000885672966194
1076 0.000885554083932
1078 0.000885235063688
1081 0.000885209446777
1075 0.000885128607432
1082 0.000884997946686
1088 0.000884668996412
1079 0.00088436093943
1083 0.000883841444223
1086 0.000883811337129
