649 0.1960852359824777 0.232104065371355 0.03398072012686384
762 0.1948088027939345 0.1974335179079242 0.014353709179031024
929 0.1240988981101066 0.2176335125227016 0.020848922060029678
1363 0.2431730758214979 0.3300491273810674 0.02538338491721764
1497 0.236364851052568 0.2877623278813613 0.023010379272621884
1597 0.2076865387592347 0.2242440775795727 0.026718195457160875
1669 0.1646065443850538 0.2009336418970086 0.020766267006941407
2156 0.230240104135962 0.2964528205686622 0.04583825871015549
2352 0.3072556422376106 0.3464007873588607 0.042398157957564096
2458 0.1372122589346559 0.1463261699994755 0.01070775777313658
2626 0.1971640793159991 0.3138972818014132 0.03273892928857857
3143 0.1142211685690916 0.1324127364111044 0.017855082660428526
3347 0.1477228571811397 0.1827197120937889 0.016386838312946482
3406 0.1415501808682844 0.1919536370024024 0.02266633869856188
3435 0.1591876098070472 0.2250445354360233 0.031093406751955696
3540 0.3450001641552419 0.3804667689107606 0.032874394110162235
3684 0.1345834372249376 0.2171508655141706 0.024853749584480837
3812 0.009265078547968579 0.03408731749654641 0.00631192931508603
3982 0.05505872668896407 0.210281915347214 0.027796408061125516
4029 0.01953472747401313 0.04403352808633658 0.002839458814212175
4048 0.101875760314113 0.119861591053802 0.018800787882255976
4062 0.2074436100885131 0.2495558404191252 0.017485802877663614
4473 0.02970858002701939 0.1555863298053583 0.020766293162184642
5182 0.1511475726584917 0.2265002545396632 0.019836322143417313
5622 0.1464158262181438 0.1530311177785159 0.021147300536921727
5658 0.08935238552678623 0.107686478156706 0.007856921474975971
5727 0.1601643395516894 0.1827267306243762 0.015021215892741017
5772 0.2504519414168955 0.2834849734684104 0.025984044398307034
5953 0.2728884423039165 0.272895875209053 0.017799824135577753
5991 0.2092527694086785 0.3087539824250116 0.03015667034283549
6091 0.3473500499027815 0.4304017374621276 0.03400241055008233
6619 0.3917190243860502 0.4654993795533843 0.03822893717331162
6773 0.2080924353024644 0.270296586975415 0.024265382552652873
7031 0.21522812695556 0.274610629025095 0.014806473494235126
7292 0.2440258998077075 0.2496283665022396 0.021694570818765444
7354 0.23700012662246 0.277270766476988 0.05045056793222062
7603 0.125997642649818 0.1464067735493934 0.015465445614173354
7683 0.1337707391696918 0.1499122747742954 0.01624814893848138
7815 0.3221221176801097 0.3244969133149564 0.022366079270433922
8009 0.16882613208271 0.1911902695140634 0.017306478600080052
8040 0.2845835911530883 0.3127677954836515 0.028637466600786678
8181 0.1306667844925641 0.1523029342553813 0.02383249152261111
8243 0.2914777368066294 0.3911118828064533 0.0292180148907528
8448 0.05414848294151305 0.1208874949550742 0.027658130867123903
8656 0.2125512441281342 0.2923709324272731 0.029891403270274956
8903 0.1300461754941106 0.1524877550829043 0.019665000999418147
8904 0.1137304551291556 0.1299516326646748 0.0119861413466848
9117 0.003313813448126328 0.04265247682185073 0.014428015249848387
9144 0.2389422768446611 0.3557190065282149 0.040064133682554494
9401 0.1730657588788061 0.206053889439284 0.01659364700619481
10254 0.1465220425384405 0.2073490429402697 0.02255704347075216
10578 0.1772644238271861 0.2373436125384608 0.02638540990485158
10886 0.2136460868904326 0.3181444875464754 0.02819357220907171
11187 0.3636095176074575 0.3777253379956262 0.02727474699491691
11230 0.06003009398627054 0.1599734467205861 0.021415955857141233
12046 0.2262849887293968 0.2652486342050599 0.02902546905744969
12047 0.2265850030653791 0.3221008789665479 0.03667705507269074
12072 0.08574346453730681 0.1780868649366617 0.019632332089126295
12235 0.2681060692597362 0.281864287624544 0.03298817323548748
12464 0.4264442955750103 0.4911366839201082 0.03652736172188649
12925 0.07459216008161956 0.126627233568551 0.016560035266277685
13143 0.2688246243821755 0.3288871299117082 0.028059563022483393
13555 0.1418051328068107 0.2124202226689215 0.028959287169914333
13597 0.1147475043875252 0.2992893971327022 0.03485161720501212
14067 0.2725052185462205 0.299886656799847 0.035808362077351844
14790 0.3063245554927382 0.3389608699352873 0.030412349712903915
15011 0.1473800317567033 0.1793620768843652 0.01752074508826329
15236 0.1756425366177385 0.2058095461770432 0.01771821675332038
15453 0.3041387184940116 0.3669453313742576 0.027233982760017494
15981 0.2112600120228003 0.2228834752313649 0.015388233300726311
16105 0.241786154155184 0.2954859129253657 0.028660744539134315
16345 0.1473959911254092 0.1721939084073738 0.014791281005962562
16844 0.1612521287799196 0.1782379257871328 0.019137914450314444
17135 0.08127133105477199 0.1995835019967635 0.027381963684754682
17316 0.2787899617544086 0.2910257956527361 0.029648830526306288
17435 0.2367682481084069 0.6078399533995787 0.05422140198512799
17551 0.2056810309223808 0.2425284234519753 0.01899263840439072
17723 0.1537650480446363 0.1878461959783441 0.009483325252470087
17754 0.2418463225097152 0.439810952105303 0.0535238301606178
17851 0.3190822378915431 0.4643222145535377 0.027197672969411137
18232 0.1455969224442512 0.3109151912972634 0.03599639890114199
18546 0.1411977551682656 0.2552411581544725 0.02832429640406593
18798 0.2670328472604593 0.3548120375433173 0.03429468601790663
18846 0.2612470823825643 0.2926103290988102 0.022338125155543034
18940 0.1522526941590021 0.1760744073817642 0.018964822558456624
18960 0.3936666530116758 0.3941359245425878 0.025570411092345677
19347 0.1345149946739552 0.1816279267787235 0.02384903516642667
19719 0.1319311697486319 0.1626901319249056 0.020918855791204637
19835 0.1709789157807984 0.2353225820728678 0.019448433857399788
20177 0.1894474618173751 0.2649576607387069 0.036079493169919555
20549 0.30885276291637 0.3423947954750077 0.02846478532868093
21046 0.2702761279528828 0.2766994998829559 0.04581812376503923
21147 0.1370955265444073 0.1495020255518257 0.011000108745895252
21303 0.4707924430862603 0.5399057579815434 0.03920140974780322
21695 0.2029732542880069 0.2489514362202525 0.013154952966880169
21810 0.1977643525061132 0.2811933038016565 0.03584250697130221
22022 0.08376077786653365 0.2518057737661306 0.042375732510624035
22373 0.1757012253990646 0.2516507044878703 0.024748209017305883
22813 0.2180582269211307 0.3418314368477445 0.030191989090240158
23198 0.3173243069765114 0.3456661941294003 0.022790559846169976
23760 0.1408017875805818 0.1410717495674544 0.018258421427133062
23849 0.4670424248723493 0.4759205601775259 0.038057472953906525
23896 0.165482301603038 0.3615388215423546 0.037296723420316334
23967 0.1834634230974604 0.3145180801132804 0.01841340009392198
24055 0.1745493698306001 0.2203604894371192 0.026484374923929053
24379 0.2170987250785963 0.23645448935358 0.03383336923790127
24699 0.1872449949756151 0.1927704635208274 0.023788651417070154
24775 0.2327249973387932 0.3097647159870221 0.024233862384458047
25368 0.2176413519496169 0.3864019946360689 0.03444366778179901
25496 0.2562809806340293 0.2928437147746897 0.034828954846918246
25759 0.2091483325010605 0.5293805818152723 0.048978131284546214
26061 0.07893571590802404 0.1194286004945135 0.010516169136951007
26220 0.1463620674418406 0.3105097550901253 0.032570245282786264
26230 0.1224061277543796 0.1343388482314874 0.013029252210178156
26258 0.176327188610664 0.2277194475309822 0.018089544919474496
26452 0.08537184228127818 0.1128399647624184 0.020036652681969195
26667 0.271461408800015 0.3318814310960749 0.022183714824699077
26815 0.2021114753852395 0.546297813603315 0.05347361939233132
27136 0.3014225512960694 0.3122180704386257 0.049271015049814355
27548 0.09626478598274296 0.1501186562885046 0.018281681740071595
27697 0.3520184439010098 0.5248648502320652 0.03865373679447107
28082 0.1763403024705354 0.214562050678931 0.02145843305860838
28658 0.1455669309093159 0.2286367279846827 0.024442747781522584
28904 0.02290663052223934 0.06968216075436245 0.011404979846840808
30025 0.1568853253882644 0.165420964915776 0.01721005749934797
30132 0.2102052585213327 0.2858967196913536 0.02005791883957981
30245 0.2959845045601891 0.3319329172180174 0.021543967544006892
30265 0.1459615379369007 0.2147695401569767 0.021688928555278306
30552 0.121983069279085 0.1591535346557591 0.01786354900414851
30758 0.3321761298559144 0.459277860127515 0.04525463295347649
31543 0.1759529394081546 0.2990117108553348 0.027496015317205677
31844 0.08761583894531211 0.1536539906887224 0.02108719454296535
31903 0.2049470424487708 0.2391417629626766 0.01590578393631605
32118 0.1485237858588642 0.2016525226518478 0.013664594537081102
32393 0.1873379878136245 0.3405132736791347 0.04100364236753165
32501 0.4824988793354688 0.5037817131413439 0.05136455332678069
32544 0.1456286326440825 0.1991814780817518 0.0131266065199081
32617 0.1794944098566394 0.1938965446477039 0.016799007447889553
32912 0.2679608010951598 0.2733969265204813 0.03775915989125639
33122 0.06248376511449229 0.1014989845936711 0.015095755105780656
33282 0.2165705970153459 0.2309181413023565 0.0247019403130354
33382 0.1236808127872654 0.1412300896995281 0.012370325132970136
33456 0.1489782573363991 0.1693387352018535 0.029392845075635787
33565 0.1659122065530482 0.3009218486623753 0.028720287100488424
33580 0.1315281939807678 0.1938224845926369 0.018789878053597997
33780 0.1270373580497049 0.2165700055206426 0.021333180513910848
33817 0.2963961191870264 0.3345397288198628 0.05269410677873553
34097 0.2153990662082114 0.2515749757802901 0.025265898144306388
34551 0.1278004236223574 0.1465095344410778 0.023598426383080805
34991 0.1299486063602986 0.1485305237803966 0.01932672452391726
35376 0.2210648727777689 0.285053709415233 0.027044218265647558
35400 0.2087207675050741 0.2551382909868846 0.027305168588293332
35686 0.1326445688986425 0.1977930009850759 0.01792461632447585
36258 0.2341060352949428 0.2526946242809905 0.0400497355319846
36882 0.1877941194668156 0.2166442960958464 0.018186040250921544
37199 0.2414342524167601 0.3530697007937075 0.017796747805552873
38450 0.1954000293118829 0.243644949876959 0.03049575546366147
39268 0.3934303100368349 0.3977152359763869 0.015070024431566763
40211 0.188061495353867 0.3471349476908662 0.0388054877522361
40567 0.06809316767065951 0.3375791840998934 0.04656255963660127
40874 0.09385779940025918 0.114835263410805 0.016161592338728204
40892 0.1442006559253705 0.1761531235691413 0.03499757477723904
41403 0.4356054860478603 0.4388498170521432 0.04619793372312609
41858 0.3520449525865307 0.3621227272544208 0.036405656298662464
42502 0.2601487060455274 0.2937143164742212 0.04025118396882089
42644 0.1549197074727063 0.1827051817468588 0.015008265773427865
43033 0.2126431443661599 0.2812467558704254 0.02667360764679949
43090 0.09009681999173328 0.1515583119644522 0.02674547904905008
43143 0.08614365361241657 0.137228974365396 0.018256731020326194
43150 0.117311802831842 0.2161885194922851 0.022037936147217555
43157 0.03404071165044568 0.1035064246311442 0.02574423517693851
43240 0.1071016051777536 0.1760286180998008 0.020815255081490992
43835 0.2660958399853833 0.3448899358248914 0.03807429574325299
44193 0.1258591113053348 0.2394342726254271 0.028605261813680154
44325 0.1446640931042885 0.2911795660411875 0.035936431506935027
44501 0.2385766867559156 0.2932821998198979 0.02295913191091191
44752 0.3779801694052435 0.4190943708975919 0.026547889955521143
44792 0.2656310780846982 0.3069872497508702 0.03381732013758707
44888 0.1663524142076483 0.2324347846588411 0.02213711030438409
45223 0.1045932672656499 0.1370784119443212 0.014789667759918568
45352 0.1905706267422282 0.2970380503229284 0.02189367737781309
45705 0.1767133886187319 0.2616217239689982 0.03809107023096013
46211 0.3553506232914004 0.3611808410523822 0.023132384525650536
46256 0.1935452572832331 0.2235243810548699 0.02838802065856214
46715 0.3176264325486011 0.3857606463328674 0.02784125184554091
46789 0.1216586027831671 0.1941169255863601 0.027024083800553978
46864 0.2750467731308432 0.3423656244590079 0.05057030434236028
47009 0.1647977169386536 0.2526996790357809 0.016151697454331163
47317 0.1986555663813573 0.2259977098495564 0.025798532068123603
47444 0.1665949889495479 0.2189458208593221 0.0276993702234613
47692 0.07566418705714674 0.1287028266328676 0.008442673328729418
48412 0.2475448396292415 0.2492692767345865 0.018784433178232505
48444 0.1738224403585617 0.2167824546736595 0.023550780813478823
48509 0.2792470410752087 0.3901667643077944 0.03091931062292362
48905 0.1257467027268104 0.1404131344686084 0.021792361666212734
48941 0.3977131669707719 0.5037817131413439 0.0350811244693045
48984 0.1334654792274819 0.2944352840433456 0.03583819447940116
49034 0.1620267761977682 0.2813671764314735 0.03687245015855478
49077 0.1243824094571441 0.2272938066684882 0.01193593197567485
49203 0.2407710773211857 0.3038599415961143 0.05380237105855681
49465 0.2364557473730597 0.3024004571687415 0.028889431606857946
50054 0.06606826372351283 0.1184915287360954 0.0143246601278556
50541 0.1862814000518282 0.2428723317380378 0.02919483553013856
50706 0.2812836072654773 0.4458167817198232 0.038414539420446044
50744 0.1792252161606784 0.1849550830056396 0.014104208354191398
51163 0.1242958925574863 0.1272301875576895 0.011477705743901173
51220 0.1765898903910116 0.2343765788831831 0.02948714119162945
51555 0.2629234962079347 0.2811741270141337 0.020031036548761583
52526 0.2476009408196975 0.5242141209017409 0.04772051814423913
53007 0.1924452417575857 0.2992682371188987 0.020130623660766633
53107 0.06477830762960757 0.07996306466676487 0.01204270781267005
53217 0.1970061925198716 0.2134960000216 0.023799923209816137
53262 0.192207881335169 0.2975830867335578 0.02306385733685103
53266 0.1849270631896602 0.3365630255029235 0.0397569273357913
53405 0.2100845261960867 0.2257651672961412 0.02151430450026292
53658 0.102494527965671 0.126905166465632 0.023675285317053995
54101 0.125822409258776 0.1925053861460042 0.02932519622339959
54309 0.08710216604216611 0.1678352288044868 0.02062690802344576
54579 0.2695854215060774 0.3013968293962903 0.027211105737564998
54703 0.1381306959514185 0.2882169953479292 0.02318502681458669
55059 0.1334848691605049 0.1817068806997173 0.018593254398442897
55132 0.1644843102785662 0.1930266808157723 0.020849155335220405
55145 0.1372819953995741 0.2229956426327962 0.02304957470966135
55457 0.1628864789484507 0.1669736033277975 0.015386588967629677
55696 0.1995680671681054 0.7026275315308728 0.07109572324656452
56115 0.2423824541441583 0.2863581210912648 0.030379593198995553
56213 0.3290511296218811 0.5057453966602751 0.04588341613387821
56349 0.1728531936369451 0.4218364101511237 0.03992084047492307
56969 0.3205706377038818 0.3873983726341462 0.04256950588151375
56991 0.1634717459398337 0.1755058261203616 0.01763189939606878
57294 0.2282252997309308 0.2572902015817734 0.01727378772112066
58152 0.07872019072265019 0.1555524318512553 0.018266878326642068
58188 0.3095904749620249 0.3787121682959555 0.03958132911366787
58192 0.3519999902012729 0.3541406780350142 0.022750153278354678
58765 0.1301390405164366 0.1440976908481292 0.014488685395444997
58890 0.2125194217405383 0.21718268305181 0.019339440736260864
59154 0.1993144164411648 0.2154412013341645 0.02675279600337047
60021 0.2677065336418311 0.3272477294679922 0.04013013241276359
60028 0.1002251461461356 0.1463569648604099 0.009375362386766187
60230 0.0561385413142818 0.07891618592192204 0.011967770869395891
60485 0.3346288341057256 0.3963518875505897 0.031817361868552885
60527 0.2355915613774814 0.3001956533194419 0.025019432791518095
60549 0.1914154806535433 0.2655029950494509 0.028951994544715212
60603 0.2138319350994621 0.2243858785554408 0.02488084141674514
60835 0.3379714204389153 0.356330658417643 0.03796654687348076
61151 0.1079640604980074 0.1595634050315837 0.01888496364111549
61335 0.1843828487531502 0.2203585409329285 0.02560677046789893
61342 0.1287607985333765 0.1294145177261459 0.014514623212988981
61699 0.2847905585872484 0.3701870900166048 0.045488924443731614
62196 0.1914283429977234 0.3140915175990407 0.030152266276530025
62477 0.1692572699956108 0.2264651807942766 0.02663979358439233
62983 0.05235362301024322 0.06018561032445127 0.00979564165268966
63132 0.35746883012108 0.3643902241517692 0.040651681263130145
63223 0.2340838025015023 0.2746500826176526 0.0283177481410267
63227 0.1796040941299456 0.180690576332113 0.025234265643512197
63414 0.1039850513627234 0.2391907378846082 0.03452035503690732
63783 0.1635654234529473 0.2705751793098038 0.031890105697911966
64016 0.1773625681730956 0.2659113348271319 0.03483462726709301
64281 0.234463102691622 0.2576205719271742 0.025094088700303403
64581 0.196755076174557 0.2773125530560222 0.029520045437434143
64634 0.0385000483973129 0.1215420448063585 0.020954909550267055
64760 0.1054196605097837 0.2226246327904751 0.03131376506778966
64843 0.2381818751829809 0.2764009666932802 0.03472985526577932
64961 0.1547536878208664 0.2345903507313133 0.012790557830189741
65082 0.3163398909754536 0.3176183370847806 0.02083616123494437
65124 0.278881079232923 0.4044865010134198 0.031538228219144905
65201 0.3755758783114572 0.4229312974688487 0.020848452550385217
65723 0.1646985085906898 0.3345759621746173 0.014316453166118369
66062 0.07058402900924101 0.1130863054283615 0.018616449499928578
66848 0.22487044184755 0.2568248081587368 0.030880240992279782
66935 0.1793886383179954 0.1798819966347904 0.009642906626774852
67006 0.3176741687995062 0.3251288130221063 0.03378465432262591
67096 0.3763708802125615 0.3783216689353111 0.04143087660002248
67271 0.1263587103722436 0.1794344779188401 0.017459235318438942
67278 0.2898235933860528 0.3120694575416069 0.0355985403023583
67571 0.2959356505155925 0.3950236387101757 0.032594316134866165
67926 0.3673872638133405 0.3750858394281029 0.031525530675728955
68209 0.1655272568420329 0.1947803079524967 0.02624674986720135
68466 0.3268487267174533 0.3377827245337164 0.037039732390138205
68887 0.05544623165663641 0.06628974086253019 0.015589157255898406
68899 0.1145333997347721 0.1887958778711701 0.01953084552525271
69068 0.2791765139668775 0.2853811532546179 0.03193854281894774
69152 0.2656248605990861 0.2661014820616376 0.019711773851652504
69271 0.1664293222802082 0.2584836436488018 0.028736412236993573
69274 0.0417475840768422 0.1271666643266758 0.014450613084666783
69469 0.2809261868969025 0.4554559136451798 0.043373953528078484
69687 0.1802081038919728 0.2835971681888087 0.02203236433871725
69738 0.2003863219770027 0.2194043980276034 0.029878444158736524
70211 0.1661291808052691 0.2056646056038202 0.023570324811499455
70311 0.2649890700748065 0.4746533581183953 0.0448748305762898
70488 0.1998012374425994 0.5359325294380884 0.06471812927004561
70675 0.2825659054489467 0.3362316570637671 0.02902224064429665
70780 0.08882174531558441 0.1133429820215902 0.01077265441531838
71020 0.259059952078219 0.3045573944358137 0.015397146464041948
71064 0.1904775984627341 0.354054737760188 0.03339131269359347
71174 0.2198581572905285 0.2321654829821388 0.020471230986509503
72053 0.07496151326731327 0.1979627672354037 0.02176995089061262
72289 0.346414255467627 0.3914315453818701 0.031968986999460526
72642 0.1771972686550188 0.2083839793355253 0.00837807837702333
72644 0.2462906421920719 0.2862145691476789 0.029192414778709805
72784 0.1330457578941991 0.3181931510810085 0.04352506130160614
72791 0.1288231325843287 0.130316018018348 0.018388690174798942
72852 0.364176959608053 0.4372196180343034 0.0667393663079342
73197 0.166145611291625 0.4610294159193324 0.044130812202404515
73265 0.2601372934499464 0.2927677523787638 0.02457460065552021
73290 0.3872268096027775 0.449472033918601 0.02347205357847565
73957 0.1317062232659024 0.1347258589313333 0.02002047483126015
74113 0.08600619241004613 0.0923643281882898 0.014346372147945548
74129 0.1379546681401621 0.1957374930481794 0.02970252767503976
74238 0.3721867844744385 0.7447178942516892 0.06527294948607286
75171 0.1147500005895323 0.2598579579837547 0.016602706782746456
75199 0.184855275872211 0.2552978736163998 0.024114365822758475
75953 0.2958413892116877 0.3654007067116691 0.026515164972204314
76169 0.216465412713464 0.2521276190555717 0.02925516955911584
76571 0.1870140666761427 0.2174159530807005 0.020363739272088822
76572 0.2202852294965992 0.2765991707451702 0.0247554505303243
77205 0.2939236403330944 0.3722338285350505 0.035002607124230846
77220 0.4486299370275292 0.6177303201643414 0.0595491755225667
77242 0.3208590013494365 0.368092729771179 0.03918049677360302
77321 0.212333741718539 0.2313834584018659 0.017049565418184615
77333 0.120522871188411 0.1509334150075212 0.02369627528769562
77463 0.141413106455557 0.3960295759719551 0.04059567857025195
77915 0.1908484225915711 0.2876611782796442 0.0391737155437407
78067 0.14289583485384 0.1533585620862009 0.0124912893882429
78143 0.259631245308335 0.3376223177382529 0.017688038433053027
78914 0.3086763930993523 0.533400260398355 0.04288790873277256
78918 0.09487468376484719 0.1102604340526808 0.013048782939871406
79238 0.1087054620201752 0.1206825876262736 0.007510885045700468
79267 0.0738461280637847 0.2316983671671826 0.022260374672959507
79816 0.3131448022955639 0.3531027539117063 0.03927735579551214
79843 0.1308205431487835 0.2268775954536849 0.019293508929859825
80094 0.3680638960605908 0.4043164490014223 0.027971643115816323
80192 0.2136748352279451 0.2555873193395574 0.015061058677017375
80424 0.2448963725858662 0.2856465027235232 0.025228958277658427
80487 0.2040913254018957 0.2698073779453138 0.02619868474054027
80672 0.2414255295937876 0.2958098009492426 0.023580400743288373
80719 0.2322989938050866 0.3402140924466302 0.02865698931806364
80793 0.2102097532258176 0.2817295157175702 0.041486825007172864
80884 0.3835894925054111 0.6177303201643414 0.06572854494536993
80982 0.1437671015825397 0.6132587609101868 0.06280699457743956
81526 0.1712933139100832 0.2387552883147633 0.025221773494646764
81547 0.0738158956391719 0.1188192025392114 0.01276309365336265
82063 0.1404064751566565 0.1578100203025917 0.02274683359473218
82275 0.2179136826592316 0.2354125084671343 0.02022782244395634
82533 0.2073088699235291 0.3664052474756081 0.04121626216530207
82560 0.1293338557866735 0.204282382835944 0.027329148355026686
82727 0.2135834321600269 0.2943797885146433 0.032793780880244455
82856 0.1981704681406613 0.3383524631250129 0.02751707613940253
83073 0.2294061986245607 0.3640579979710323 0.03894178255429453
83521 0.1572985588001474 0.219448076525137 0.014526562043223536
83560 0.1033806272406771 0.1453870739015813 0.015821969002005852
83578 0.2686764765219411 0.3108153037033547 0.01858236827359695
84232 0.2959771820728697 0.4179591932521459 0.040192701402330125
84622 0.07755418657912809 0.2127900269628728 0.018244550307815733
84679 0.3883983233968196 0.4062260617359491 0.02952517113346607
84810 0.253300280999114 0.3349648797767693 0.018261505291253567
85214 0.2451874402685968 0.2814936193660408 0.02755347608870865
85320 0.2620485596959365 0.2892951548280795 0.029543294861079608
85323 0.1747984679527657 0.1778287251050474 0.01518428626674334
85435 0.314735759847397 0.4450909850239595 0.06164390556434039
85501 0.3909984518852095 0.5182390246793974 0.032289152455544076
85886 0.1718155780970752 0.3129623892023436 0.01551516884448956
85962 0.1988660140533285 0.2729654089738085 0.018519969468951635
86375 0.176233940443142 0.2988626164084368 0.02516509079608477
86491 0.3788311784367108 0.4231177569182342 0.04497873267217985
87040 0.1568155416553371 0.1876756906665128 0.017155237785434953
87127 0.1499484282830505 0.1572764518279316 0.023082597821581466
87159 0.3281723002888813 0.3780365345917153 0.03842130112287968
87168 0.08794346436155769 0.1454688161575079 0.01869333153843263
87172 0.1307606796147865 0.1610996922080053 0.02164743956561692
87312 0.1793285204867273 0.1948613333774305 0.023403512844753425
87469 0.2201088224817913 0.2717283637841017 0.027691457142723253
87634 0.1416901180437182 0.3368123406143437 0.04970144156247311
87915 0.1717948399230267 0.3536669542981692 0.040043624003163115
88070 0.2242458217931391 0.3144931663403622 0.027663373745148736
88082 0.2170720240361656 0.3841614622785393 0.02261863519689888
88358 0.2202192525855238 0.531559409721915 0.04161988026185148
88904 0.1673770031775996 0.2264594112142933 0.02054900577571
89031 0.3880884162198795 0.4406904897182328 0.031219571923615234
89289 0.2389262363560951 0.3110715361275251 0.0360975856008723
89524 0.2692773104450009 0.3419911451676551 0.024460371364617282
89844 0.1406220213892598 0.3923305539959459 0.05718664989390713
90192 0.1110387163944889 0.165081640092467 0.015618083771606624
90506 0.05946432420700612 0.1854051628443267 0.030117423308357053
90549 0.2404644081619984 0.3164304612476618 0.04285026509667941
90584 0.1809740145343259 0.1970241901267514 0.013142025200917572
90875 0.2784960505371138 0.4158314129709225 0.04189325295296088
91026 0.2211726218098508 0.2391232831327829 0.016565443536992585
91213 0.1335314586012633 0.2256468526409758 0.019162782777661085
91520 0.2811614828678353 0.3704002442331406 0.03150383681915685
91583 0.04386371845054583 0.1053978101114811 0.010252698366904026
91837 0.4015128943770884 0.6446031051474208 0.02246432809242598
91856 0.3169021709646634 0.5050169969576118 0.051449005334131395
92304 0.06685801447065233 0.07866917975481064 0.012157553961062835
92484 0.1138237569546612 0.1837214424963374 0.02186237836096534
92510 0.1127027710808372 0.1303623395407565 0.014065994686548228
92568 0.1499067812742747 0.3080123474532665 0.02605588258202051
92648 0.3478783756192518 0.4111319263598794 0.019979328642944882
92766 0.2852142886054621 0.3021896777315877 0.011262104084449985
92858 0.125523838339846 0.1515694417657736 0.021330046114585628
93518 0.09925125645758294 0.134362465096225 0.025429347177585354
93658 0.2580800381165787 0.3181233022772976 0.029216320567623893
94012 0.293964389981012 0.4903263651506639 0.04506277527722417
94115 0.2432426477121201 0.2506456509255457 0.02558521837179231
94118 0.1089029499524537 0.1302650169568085 0.010153515957085694
94290 0.1467445778145394 0.2507543907779325 0.02257562365725129
94560 0.1029352395697966 0.1097593498908023 0.02236720116850399
95098 0.08797452549118005 0.09243589157773908 0.019124028996517686
95230 0.1705516557522893 0.2019007281127953 0.02200216441161466
95270 0.3002430014855494 0.3964494126703586 0.04277803753326044
95726 0.178521263469364 0.3224249929576311 0.03466671925114264
95734 0.1746418944853837 0.1840074428939898 0.014867984258251876
95950 0.08079938743690608 0.106289029056133 0.018377433078318763
96731 0.4926846053887199 0.6542821247235666 0.022500395066133466
96735 0.1533929617259189 0.1650509835837655 0.016700328839316072
96811 0.1738586951453366 0.2007737895667957 0.01933018950955356
97129 0.0882507959354787 0.198109250449848 0.02591498675146932
97413 0.2170085904207832 0.2426573666088729 0.014344965462777177
97512 0.2409127044175286 0.2732029457305984 0.03647436314159344
97597 0.199679744343414 0.2802238869195801 0.02642570222388853
97994 0.1734150347610022 0.5574035492076718 0.058897636030907245
98456 0.06389237216437844 0.1329741233029285 0.018430622076275615
98766 0.2069879864119193 0.3171598879979108 0.027642165027154046
99030 0.2995687263422506 0.326371404606992 0.04050357298858906
99314 0.190154608825885 0.2487265407320271 0.028192287047173168
99400 0.251275856130482 0.2518380135688506 0.02087932057106945
99522 0.1560418065876901 0.2117195169139285 0.0176110331435233
99545 0.2458579911054744 0.2983071277237243 0.026519469853128315
99741 0.2608975938905687 0.4778073298472257 0.0423368261561442
99846 0.1970496120612084 0.2347234564598077 0.028539797936742207
100048 0.20495708100474 0.2075142405040149 0.04308150016711855
100090 0.1846816217756355 0.3402696184948633 0.02534776333385818
100222 0.1066244986816468 0.1670329078427064 0.023746579637396657
100623 0.2002818972717295 0.2867351041882304 0.043192945766119095
100790 0.1216408475339758 0.190114972343819 0.020591535722305328
100879 0.214828760582789 0.2568304370435075 0.03348295578985589
101234 0.121834589601454 0.2216720118106471 0.021193056518576375
101610 0.1176989283007641 0.1383981443337386 0.014410056786249625
101635 0.2104623026460652 0.2699635705274565 0.012474325892343992
101821 0.2520788130201465 0.293233435022164 0.021133641279776797
102258 0.08840474358328485 0.105895737343093 0.0141176019718863
102407 0.1541053628216485 0.2319573494865845 0.013034583069591703
102463 0.2653850964601477 0.2904701075496007 0.05004665662133768
103203 0.1239606334867414 0.1727541589759533 0.028990455894454287
103245 0.1945786835258552 0.240708966490616 0.045626019999657215
103269 0.1476037676586382 0.4093575627175662 0.037648382549261485
103527 0.2751818406252477 0.4014063063061848 0.03315661158263956
103591 0.3414140528087349 0.3439966068480424 0.026851106808572563
104240 0.2157651388684933 0.2220943135663393 0.022386817402700456
104874 0.1762068332590398 0.2107295702593763 0.025042630825110372
105221 0.1640105259030418 0.1725208545030594 0.025389748380279922
105226 0.2756423332581709 0.3473993658913066 0.032347432542407115
105270 0.1980247155488649 0.2477176572101394 0.04225102156880445
105422 0.04709355380377625 0.175821417212417 0.023180989797575383
105831 0.2437630717659461 0.290175687901047 0.038994092080673524
106012 0.2807372416252566 0.3065906835937106 0.03037686227622337
106330 0.4244370723610836 0.5326395897100414 0.0660751456248509
106503 0.165023610578548 0.2240829973250527 0.023172667098889276
106693 0.2122313096632943 0.6542821247235666 0.02730767790158927
106695 0.2041737333185654 0.246513689085118 0.028417814948455463
106964 0.3151542253440511 0.323605922217261 0.024515482575978256
107136 0.2472558158740372 0.3714100595148838 0.034910592309804235
107341 0.144227882541189 0.2425352861011741 0.03143668754485798
107392 0.1555182002207286 0.1686716010035389 0.012236556747441459
107564 0.1707553033578241 0.2575579946486084 0.03212271510963773
107707 0.1318276543567645 0.1514359435366931 0.011715996967307107
107813 0.1887605344017726 0.2816598210402179 0.032477445682303686
107972 0.3404478957853447 0.4197260850732712 0.04042258237845386
108128 0.3224126683183108 0.425746542153764 0.05065767329699783
108249 0.3375527315255028 0.42754408318778 0.06149747081933138
108349 0.1543180174251653 0.2214522560555928 0.026868758067218345
108356 0.09525085141827985 0.3031444619936515 0.04135806180901112
108457 0.319654229770337 0.3882723713674524 0.048746506451006026
108504 0.1364171294522106 0.1385503711371377 0.01530670372442632
108622 0.3268801448157741 0.3593677886137328 0.03416220838909953
108838 0.2086669824664722 0.2296296790268593 0.019089973461218913
109389 0.06937604145944721 0.2067773553469694 0.019184646567797656
109844 0.1352570107554712 0.1584822428745455 0.03388120660523317
109928 0.1044311029027725 0.2154530062230849 0.026357466260778083
109939 0.2193810297029928 0.2869056675181695 0.02529841829447105
110495 0.1155176331824808 0.1748056470563134 0.0201091100985156
110524 0.2407782508298132 0.2719109964960749 0.010569815712428099
110704 0.1911458868677374 0.225147664474166 0.02332106402394838
111023 0.1451869048724276 0.2116838858462719 0.02936199394990174
111235 0.1909291089337979 0.3916494032443025 0.03690329394725167
111311 0.1162514114211925 0.1508651415067783 0.029553161113281136
111709 0.09226030450260503 0.1048650781604525 0.012130091148670495
111820 0.323933609242401 0.4345548607223696 0.034772159252959026
111838 0.1988787580143975 0.2223736618439014 0.018493111872887824
112115 0.1837193302303444 0.2292428558105468 0.010796614074728487
112332 0.2794995298612457 0.4002555076498285 0.03959671872925689
112339 0.1669560110195979 0.187098094848116 0.012265202722955426
112354 0.2755091699744957 0.4277822564072494 0.03681842057069863
112505 0.1272050183607531 0.1653098896572191 0.0233319837282078
112709 0.2365736252872189 0.2960059951170263 0.03243752147679645
112810 0.1784309857021258 0.1997707246240668 0.017967894989248816
112825 0.1802687865758766 0.2690427599659299 0.04533376323203029
112876 0.01300080380880362 0.07004368461435537 0.01118035990200246
112979 0.1585951449887101 0.2407468229072314 0.032530546171226395
113444 0.2390514505143274 0.2877724351710257 0.025305444321948603
113673 0.1914402814717769 0.282490151230457 0.02892697852711932
114019 0.2887039020237801 0.3038585589932488 0.028521086845015465
114319 0.1460529408095117 0.2015883915148025 0.02267855186414848
114462 0.2311537423502321 0.3489842666813386 0.03534687173106369
114505 0.1664743145191959 0.3737367397230919 0.03616755395225876
115165 0.1307838688941895 0.2087208636502074 0.032153755941241265
115246 0.1877439381837138 0.2741351779675853 0.02688101811258776
115892 0.2573478795302165 0.373199229048581 0.014063892674375491
116056 0.1758706868273967 0.2368295743166396 0.026681323847620692
116063 0.1564288888455115 0.3136990183577703 0.03304035710213912
116107 0.1490901120602429 0.152899483622101 0.013532428078317912
116184 0.3390709002053951 0.4708109174164322 0.04894686796497488
116262 0.1399445695971 0.1610954621310554 0.014347486540396004
116578 0.248753115998695 0.3546718394313516 0.014752025435261067
117134 0.2438375048334085 0.4687608422659949 0.05421373045769418
117891 0.1377801847806073 0.163112320572011 0.016372457919466992
117903 0.1965531687340682 0.2315884948188171 0.024090128179805482
117967 0.3900236496395315 0.394646743556813 0.04773136295272297
118377 0.2080714552324465 0.2486075088632297 0.01788120215716153
118473 0.2574797863939226 0.2759216554314056 0.019170605212599823
118560 0.1516004466204449 0.1581447401482829 0.010234783860582209
118755 0.191027051851606 0.2997615098541848 0.0289829806662327
119038 0.4323867397586658 0.5098353385752477 0.02841658693876858
119062 0.2093890048615263 0.2580602155796572 0.0352376095691469
119266 0.1610819163837087 0.2361929551432806 0.012596955652821424
119268 0.1575632812282211 0.1823299652394291 0.017747724613821004
119700 0.09394898416478094 0.09907198232743566 0.010232420427972382
120099 0.1506118102896219 0.2289073858727781 0.022584748247403422
120284 0.122641194752745 0.2448229307841007 0.028127007168876225
120806 0.2095677572868639 0.2557083453664518 0.0391447353575033
120922 0.0328768817863943 0.05039466719464635 0.006791883856407216
120938 0.2315130891386913 0.2921501257472799 0.029691914653483083
121299 0.2805223753490784 0.4379443372732569 0.03686873169757216
121302 0.1657175216536961 0.2306088821975132 0.024713852579262702
121375 0.2701033471691473 0.3115571187395404 0.017487767104993012
121872 0.2935653963313872 0.3731977731330091 0.03467764456561701
121895 0.1619313255754404 0.2266567416285939 0.016271866453286633
121956 0.03698766695402794 0.1051393443351509 0.011960069716987952
122028 0.2047115793457757 0.3600409281835475 0.04935252629440433
122136 0.2723716316697262 0.3541406780350142 0.00994872253279869
122363 0.2192975550626781 0.365711928658012 0.04474297002308938
122666 0.1471944760917138 0.2445804975569457 0.034283200715024165
122806 0.1481244420687452 0.339469437918207 0.04870512961625557
123246 0.2071392092659878 0.2859970775955871 0.029216737759724016
123275 0.2422599007404415 0.2583226551412424 0.02911851284497576
123599 0.02149621881720159 0.08969813922587049 0.013763195941839966
123855 0.2361742026175619 0.3456909221778759 0.032696576740074666
123953 0.1732387781465939 0.4329611602929673 0.04753917440608285
124138 0.1470137701154637 0.1625612905002359 0.029000864487972778
124160 0.2492272309022436 0.3229918549000911 0.01964034364930977
124426 0.1414624377413071 0.2215555586195203 0.02985637973573933
124430 0.1611242684325042 0.2170564692003558 0.036789921222463856
124510 0.1364764597547087 0.1658566554015794 0.014736253274905003
124567 0.3129897548407014 0.3349374918735115 0.03288390418758613
124686 0.1037268481573465 0.1744369229233327 0.029500773985863933
124846 0.1001865601068049 0.1465005698755009 0.021007946428288946
124908 0.1710827478164413 0.2872245527247031 0.0547233449188933
124926 0.1535561078598258 0.2560693044726267 0.03132681821812908
124964 0.1497277148573688 0.1811808108732468 0.02032817555691158
125159 0.3304354623321379 0.5932869698832623 0.05230909208708733
125300 0.2194090227902736 0.5779142187726399 0.047495866693222165
125401 0.1867624261865287 0.2746432409850223 0.022193819738324332
125663 0.2004889598012493 0.2697805587810126 0.02125973499856824
125687 0.3254570779841234 0.3362986443125628 0.030960069296915107
125809 0.06734255073391613 0.07284710518945857 0.016005325080297644
125995 0.09251835434929065 0.1484083334067269 0.025327806730022325
126279 0.254923453249366 0.3312531813366013 0.034805341156965416
126584 0.3643390961740536 0.4555019538891062 0.037391052007163174
126633 0.3844568292710641 0.9034177278251811 0.049010421518201966
126752 0.62949961078702 0.7345284945881975 0.04022071930661714
127146 0.1978633969290823 0.2217930573098682 0.02136256198559713
127243 0.1547031585912291 0.1824003336455453 0.020952835597451983
127618 0.2160728324397437 0.2753155716993887 0.02619245050011201
127964 0.2513361936998742 0.2636640725489841 0.03342066466707366
128146 0.1555738983240454 0.3865192790280955 0.05126005181174407
128381 0.1876847471789673 0.193694141303969 0.02778499151631176
128520 0.2694754820319641 0.3154514798872803 0.032103666681671805
128524 0.303686352026055 0.4021079636955891 0.04200550050676003
128635 0.3309004212853715 0.8910425906246575 0.07388851223438891
128643 0.3190323977813711 0.347135486491167 0.03193022342236105
128828 0.1102684967004137 0.1588110843647599 0.022728922024313314
128916 0.1766583789110235 0.1942977417900006 0.02367577644229687
128968 0.196316434969741 0.2546151923317619 0.031339235856518904
129163 0.1346694934049793 0.187852078708314 0.02285214895596825
129166 0.4396550554504569 0.4535055577035941 0.03082276713620084
129611 0.332533538906706 0.4868024175922212 0.03723132870115159
129780 0.1018088412764861 0.1846184282904834 0.02669395933054488
129941 0.2785612657930097 0.3719516520195233 0.022781708822782028
130614 0.1565707700205652 0.1995591872329006 0.01872068535913243
130631 0.4872746413686265 0.5442757909112123 0.03941088114230275
130907 0.2683346205577137 0.3333111273397171 0.04161091594810469
131010 0.2571432718759021 0.3265279990038509 0.03943057716259413
131024 0.1681938836315805 0.300005415395383 0.036955393542527935
131061 0.2899228672643223 0.3315799125470014 0.041274548582903
131395 0.09696389479016068 0.1082680768093887 0.014828542853021525
131466 0.1848933746940037 0.2372593095963975 0.016715665975422903
131648 0.1349033484321686 0.2949694568160784 0.04061945552327568
131943 0.08181773362197886 0.09249494319022106 0.016874256793222634
132046 0.1246071246624941 0.1807865014650038 0.019003605906429792
132055 0.3105801825933584 0.4144386128418393 0.032967919303608845
132126 0.1304356681990589 0.1884982536274238 0.04060015640028128
132564 0.1271804402066978 0.1921389924175441 0.023514843550215693
132628 0.3884960127935687 0.3982155351881311 0.032929546439075086
132701 0.1465297765979337 0.2317816893613708 0.0222681392692649
133184 0.07422737435189197 0.08155829941016084 0.013516546503851966
133311 0.1430796880898282 0.3220838916054307 0.030047025344495826
133336 0.1378546466086637 0.2006334362603897 0.023516233309907784
133533 0.04981039559287221 0.08146204972454099 0.015324559056077689
133544 0.1766509150718189 0.207406078202198 0.009672794587682892
133555 0.2167584610794378 0.2472555207337582 0.02324796199775628
133739 0.2365248920863559 0.306351019454571 0.03065577194373051
134775 0.3820843201261467 0.4442232778772912 0.03216966114622347
134870 0.05430193659621378 0.1022996307643304 0.015057476243346397
134968 0.1679269806848192 0.3317899942777316 0.03567354075231736
135241 0.3050064890789456 0.4206399631601139 0.047205416235275514
135274 0.1820268331349131 0.2222134667165079 0.026805665580264502
136303 0.1881165162134957 0.2018268093664064 0.021666530664954605
136472 0.3929886902282078 0.491196682409371 0.04106770747308065
136534 0.3848260228641029 0.4199478399573408 0.047027423346027074
136560 0.1509045291975361 0.2609434552408946 0.026953506146273648
136849 0.1946985771750341 0.2355751024705718 0.018420407731606723
137241 0.2044990142988877 0.208242419027133 0.024661274878270526
137341 0.08314506139197663 0.09699363764498645 0.013955483837604515
137348 0.3781818592044456 0.4296903553326918 0.05843991754527155
137436 0.2393360598655276 0.2410523129216853 0.009173537922676625
137954 0.4763748914081628 0.9034177278251811 0.07026120705850103
137963 0.2673830486223851 0.3244316725778537 0.03715841422856378
138416 0.2651441816057958 0.4066488951387797 0.01520997095023037
138802 0.3832115218841107 0.4974978713491413 0.03008608489192273
139089 0.1835393811708123 0.1864688404640715 0.009579740664749812
139352 0.2644369426400194 0.2763909228929584 0.02778517120977992
139438 0.1930286604494037 0.2841143493562801 0.03743708799176011
139461 0.1434760200036355 0.1565557745300976 0.017778266205693248
139465 0.1197859852981919 0.193498161684599 0.024552459419054543
139724 0.5156462030440867 0.5420892633688644 0.0341747741133221
139978 0.2692930710858972 0.3451142272352299 0.025824300852160514
140137 0.2072639987083518 0.2198796678954617 0.01840982591320823
140282 0.06571607469377188 0.09684901066725479 0.014718374512320439
140362 0.2070189127871137 0.2563254623545898 0.0200840448618077
140370 0.1764251317186971 0.242346783135008 0.04064141501266073
140474 0.2177336130919808 0.8823663946753688 0.07015584233152877
140499 0.1912995806649392 0.2217933691680277 0.02105963831715944
140569 0.1605478724970378 0.1998013712700607 0.030001124737628445
140995 0.1492845823573778 0.3320722776660965 0.03596610429586834
141044 0.1782936168767131 0.2017202433431767 0.022993857308750844
141156 0.2136645109988263 0.3401170129792448 0.02826233308375004
141216 0.01806755592625591 0.1540963503854024 0.019417496472372824
141553 0.2795234146767649 0.2853863528759944 0.02006953950959836
141577 0.05110469334699419 0.06229741844396174 0.011519041537231876
141759 0.08284141737771244 0.3389775116219402 0.04033298610597115
142131 0.2299797702820116 0.3383182497523574 0.03552090959639091
142138 0.1706377166785855 0.1921516966580089 0.017769820486975393
142395 0.07617532781822971 0.09167321702080605 0.014000720902630088
142466 0.1723127816805326 0.2606366983584696 0.03551886692917234
142560 0.1449424065796258 0.1965858780330747 0.02337095352781689
142833 0.3928496407515995 0.46910551530335 0.044962932870362696
142859 0.2162878588254723 0.2967751570668675 0.026584202456793514
142876 0.09100566491324245 0.1478207116384293 0.01523749102069717
142913 0.3762839276959619 0.4207237879423218 0.038972505697664125
142973 0.1680672236294792 0.3440988266150773 0.031092982293643753
143015 0.2656810336586169 0.3284242039288722 0.021768398139250772
143161 0.313444084431123 0.3200173428081116 0.02640284762342201
143346 0.211272998563528 0.2420833118383183 0.02580294660956437
143445 0.1263776200960379 0.1823804695512974 0.02099345523227289
143590 0.1043440980000184 0.146099088085954 0.02117241226761164
143861 0.1656611632448908 0.2076563716347257 0.020543929857592194
144217 0.1186417744106924 0.1481071750777433 0.013111656832228813
144255 0.1995339189171193 0.2010947239457282 0.017793983668579948
144317 0.2827539408575939 0.3020113489423284 0.024290743905824672
144786 0.2369080165743915 0.2851909537857521 0.03877533540432974
144902 0.1361606279103187 0.1706390909187871 0.01500694064787087
144981 0.1147714169196074 0.1712440725397394 0.02701407930137306
145140 0.1076526477493526 0.1421848546285873 0.014544150391353256
145487 0.1873105950441944 0.2393893023590278 0.018767194707885296
145600 0.1152194959690531 0.2199075052474804 0.01742905574276036
145684 0.1887660709626302 0.2258065564335152 0.018483331349715342
146179 0.1263498079635949 0.2544783510856166 0.028465339650827755
146296 0.1716050364913649 0.2449984482757184 0.018782627075010667
146651 0.2091758705892123 0.2683070273325106 0.019131250190240538
146653 0.1773665408311422 0.1972915596450509 0.013292010281758035
147284 0.1574919110240609 0.1998545209841108 0.025025695156529748
147396 0.08957725471347344 0.1300289124185579 0.0191552862152943
147591 0.07737926352138085 0.09014526162447958 0.01921766363536612
148215 0.2104948114031438 0.2627007016436867 0.022779751546016004
148557 0.1971173801153299 0.2156738974321734 0.016856333022502147
148641 0.1277155331435187 0.1300571393198513 0.012292547350451056
149167 0.1860747844227335 0.2456536919600981 0.02078112768163155
149440 0.4733510866783309 0.5098353385752477 0.023586719787953774
149537 0.2284332989700843 0.3074987326885499 0.028218546108983535
150195 0.3976974116343245 0.5071169213841094 0.02716662144212314
150230 0.2344276437184816 0.2380839730634279 0.015651847212305874
150292 0.2773128245059682 0.3347684997560631 0.028041062249363834
150406 0.2164395490257758 0.3163858662178089 0.02792166849319637
150478 0.118697730228432 0.2111393191511673 0.020644519151294165
150715 0.1144752458698342 0.2583429193163768 0.03633970938494275
151038 0.2033087198195789 0.2682129599373083 0.03213608438910122
151126 0.2402737213289328 0.4395317690236339 0.05591744853493072
151253 0.107159420811876 0.1216630885327754 0.024148229089766833
151423 0.1158469746772951 0.1645335514121709 0.027194144872304343
151600 0.271115798508069 0.2842256748297085 0.024346973435751703
151617 0.1916445547350838 0.2697320445263711 0.022035077498920922
151825 0.2377254710370952 0.2642229762056647 0.01789614839129291
151828 0.1860266213721592 0.2052618231096277 0.020436807773065023
152209 0.08791473664030562 0.1564382484097146 0.020579388118834575
152772 0.1225966717206078 0.1488560102965732 0.022651724581567924
152842 0.1338228525350328 0.268589189089152 0.037733254822184495
152952 0.1846464822993338 0.1956674253695024 0.01852272211634667
153030 0.09546267363230232 0.1254365291490957 0.021594258937480314
153197 0.1030720406501574 0.1329861869378244 0.02069469035642239
153547 0.1123709800746982 0.1293819096089222 0.010293736166504098
153723 0.2429647352140322 0.2854945599981569 0.03459474801819805
153748 0.2449901607732289 0.3219556399610229 0.019870395846704296
153753 0.195017047647914 0.2925740746742542 0.032893481914442226
153785 0.2133230412947585 0.2627051084803645 0.02536186283991428
153814 0.1661132740452578 0.2002934675986046 0.008369144237343168
154155 0.1640828912962715 0.2634728673529837 0.01899385600834385
154469 0.1467849098365795 0.1518029659308064 0.018882056071372548
154944 0.1697352092499873 0.2147064110331146 0.024802390615309772
155597 0.179301744761437 0.3959268816769532 0.04348283217030278
155694 0.2165031681242444 0.218927155932629 0.025581636362596184
156268 0.1009156388286866 0.1477113550565798 0.011794544812518227
156302 0.1337921275080348 0.2082698195082266 0.02496380498658698
156370 0.2769456147902513 0.387341010605351 0.039391817848361856
156673 0.1210300876251018 0.175991701567789 0.011943565719765748
156836 0.2245777138185213 0.2416219111060333 0.017037593396152156
157106 0.3204631880059183 0.4057283249290503 0.024223551229502947
157378 0.3699788909381903 0.3970754598362952 0.030131261669650387
157585 0.08935137681419067 0.1297544399775493 0.016159092332397398
157700 0.1952747905604199 0.2205984098047611 0.014515083413032856
157710 0.1362439748525173 0.1919770075488136 0.013876892513721227
158080 0.228899837719252 0.2779280904324599 0.024088398530534284
158247 0.3105263374339906 0.5050169969576118 0.04022564825311893
158405 0.0269513587429439 0.2159140860200567 0.040706715853294405
158977 0.07791056438085348 0.08119193403503645 0.011219446920993224
159033 0.1274535470760035 0.2001523942404454 0.019547727624268794
159435 0.1001920507490903 0.2393149183387444 0.02314567515522689
159803 0.141611546327016 0.1815393812427243 0.01931573947443747
160045 0.280072941106132 0.518706398232641 0.03830887373087943
160648 0.07419143005947858 0.1062421370253346 0.011298289687666567
160899 0.1763778065847002 0.211991860680293 0.02557257597778212
161221 0.3078845256370762 0.3202541585703142 0.04429292469485794
161242 0.183078547430716 0.2946082882292172 0.03481693052616046
161581 0.5041008423773955 0.623475832630552 0.0775512545331837
161687 0.2654483426570325 0.3875160283751448 0.05419694334671987
161993 0.1739901345139393 0.1873585382302745 0.025794482380470874
162210 0.2947143757358914 0.3000462016924338 0.019594298720250997
162461 0.1279287799949988 0.2231247575501116 0.024519383181221488
162767 0.1176075525404732 0.2093192767703163 0.01788600667675715
162831 0.2230976433759576 0.3102215463013661 0.020985047217111745
162904 0.06582399838720536 0.07099422964546621 0.015957459464176406
163359 0.1521102868494717 0.2494920566549612 0.029378933763804186
163523 0.09879215121900906 0.2052216422475298 0.012174528356490735
163707 0.1761370467742397 0.5531063999197242 0.06598222466473043
163751 0.1300463570577219 0.1410614070937717 0.01925228674273418
164012 0.3629366570945211 0.4597104466832821 0.023610483030630673
164344 0.4690674879663144 0.5645276933312474 0.04311894923768846
164349 0.1397089035476287 0.1508715669867983 0.013650483238012528
164498 0.1689372969553177 0.1819224849138859 0.01535616886661721
164522 0.04840577804784374 0.08279388397361342 0.014854885328737757
164811 0.1944528091038739 0.416522001519046 0.029297820260165478
164943 0.1814506663791392 0.3154183617755044 0.02785678445714622
164996 0.1248872727035411 0.1360971622580372 0.021912020853385634
165108 0.1912547765043938 0.4430792698145076 0.05502182550873499
165780 0.3312809177422012 0.3333667583094038 0.025031440085422664
166126 0.1553771555014457 0.1686126562200007 0.013823040336940996
166314 0.0647057914511194 0.2018314667116749 0.01727591572310682
166702 0.1413906369620391 0.2018978884566481 0.018812679201176692
166831 0.08312899834122054 0.1447365080321703 0.01992204940884519
167277 0.1739243745213927 0.1843232260380452 0.02013172799367965
167414 0.2303917518352035 0.2456424271764358 0.021546672663348566
167473 0.2625692376922992 0.369937355434633 0.038345312333477016
167838 0.08831257393272812 0.1123893010343255 0.011571202648265366
167899 0.2556540465064032 0.2705016409984777 0.015694532118827313
167928 0.1628079035973773 0.2274201643025872 0.0215241681233505
168296 0.1936944291300665 0.2122698991467651 0.024488504442351216
168310 0.2201904553260037 0.253717939888433 0.027391677850823578
168345 0.2417359881776918 0.2476571369294945 0.021459538556192103
168462 0.2378545627694113 0.243755018301814 0.02535881840408833
168547 0.1909605439489507 0.275877486683857 0.022009878492936463
168998 0.379373157505169 0.4305251717036017 0.02403920792303772
169226 0.2655131128245182 0.2709975906399587 0.025459390897494025
169318 0.2546852839136455 0.286614767941545 0.03959214276068106
169366 0.09818825752190301 0.1232812767340535 0.01991878529371353
169384 0.1117394662975872 0.1211911292144243 0.01949226252819936
169522 0.3043570326893249 0.3519025996308987 0.020760050263612724
169627 0.2095010787159996 0.3508513850763507 0.04047247869505105
169764 0.25222386935922 0.2645244093159433 0.01767302788537458
170084 0.2738928080446755 0.279691170547123 0.0282417031459807
170255 0.12606221710248 0.1484500415606959 0.01196908465083277
170439 0.3738162468966085 0.5007285120820719 0.037773608617653685
170672 0.1022560439442846 0.1342588157633265 0.025034781589561194
170761 0.1497237982115334 0.2501558993887349 0.02935726421731699
171060 0.1356880394105766 0.1983215402951984 0.014546080779177527
171155 0.09635667221061851 0.2895416697075108 0.023652730672134834
171269 0.3719980547390292 0.5778297842948444 0.05411795505339444
171343 0.1463511232014246 0.2033513342676512 0.033007158054896346
171724 0.06261743973652822 0.1063329368501525 0.014156162113198225
171968 0.1970506573186111 0.296353250494254 0.02724830739861823
172026 0.1818648466195516 0.2650166209353259 0.030758023724858377
172290 0.08992647836660471 0.1278912776409791 0.024604892592169535
172436 0.1943880873056415 0.2462304346917965 0.007487906901671627
172457 0.08348182060779208 0.1117040214362343 0.018968025191534607
172835 0.1397874446279846 0.2347871175837778 0.021923799007548372
173157 0.231435396655368 0.2996552317443401 0.026546564086425722
173355 0.0625352056765891 0.07747655995430691 0.011532208536919027
173715 0.1666804992048635 0.195040045049937 0.028924517092899445
173869 0.2135520041532877 0.3357000287236543 0.03464060311349316
174110 0.30256519438907 0.3686581034036371 0.025051855368356198
174336 0.01898905421370268 0.05114852563739644 0.007800817511608247
174493 0.1588032172609561 0.2363308523114642 0.029762714829860492
174558 0.2690095642196331 0.3350452473698802 0.019333489497832052
175100 0.06797497799757235 0.224423794738093 0.02153722760026125
175121 0.1571595377644506 0.1880822026417661 0.01252284959204485
175383 0.0896765873765017 0.1174016225893617 0.014504198740070149
175445 0.3553842549735694 0.4016353151966566 0.028771693041265933
175602 0.3867467978614958 0.4015472557401138 0.060571473407141155
175808 0.1119129268446647 0.1251509899814589 0.01913159745416682
175809 0.2532123304356964 0.294723114398837 0.02768370627985975
176000 0.1768026112277765 0.1806948269590518 0.02043706920584783
176182 0.2489583550708542 0.3142333672282985 0.03619066358326547
176679 0.2233601834558605 0.3085363884515449 0.030739698901446722
176681 0.1710922427787044 0.1960802099562623 0.02433714088210793
177031 0.1824542719710173 0.1973726828441842 0.01600074409889143
177049 0.2780078914229522 0.3025764755698648 0.020544154384969447
177486 0.1055367085145391 0.4084785412011752 0.05783669926267288
177852 0.1602710445092883 0.2766086653983667 0.020646613544494413
177891 0.10586061063936 0.1726421924297218 0.0200456196934381
178251 0.2253718869870335 0.2527418142336448 0.019026613703433615
178587 0.1219739884373707 0.1233296648505911 0.015313398189903592
178624 0.2459231911292798 0.3622680158557269 0.024691186320811586
178856 0.1663276369736763 0.2290928322765125 0.018081391389878833
178893 0.211361631055648 0.2257681454785354 0.03341668311653454
179030 0.1454740444230845 0.1734623972015502 0.015680029958174628
179140 0.01923164926416929 0.04170376290726986 0.011469932729546637
179145 0.1860421558397162 0.1870667420371954 0.021452926120883075
179424 0.1184807261633213 0.1856168316003478 0.014404202986218972
179497 0.1599951531317087 0.1722182664658191 0.024870940979128217
179522 0.1780385503943571 0.2031794591902253 0.0409444999660247
179734 0.2157212456362585 0.2745886892420471 0.029997189176861817
179742 0.24364781246267 0.3025749465590686 0.019725981450577183
180042 0.07250497702325189 0.2035138699612917 0.032886702473338456
180716 0.1330805611489552 0.2289499758121455 0.0232493402103304
180855 0.1207621551052904 0.3221700656775494 0.031194814138408168
180865 0.1535633287598883 0.4531591089945257 0.039507215080068214
180878 0.3983724708108413 0.4623348757651503 0.0346427498935034
180988 0.2714206791083159 0.2813003423557576 0.03428231388754689
181158 0.1715462908621486 0.3914212814353951 0.05515319074176178
181384 0.2553963013006973 0.3085138580775851 0.029939178464004776
181534 0.1380438042571723 0.1519635811569699 0.010567681211263974
181603 0.2230596499208056 0.248038542938881 0.024427559289748515
181654 0.3763783707052676 0.4960211382405467 0.03719942947161507
181726 0.07704849372051871 0.3151100579291458 0.04064552690507991
181912 0.1386947061251385 0.4033044444549337 0.04986996599752154
181916 0.1265144849930447 0.4265830674201899 0.04804275864546982
181952 0.03434172163948453 0.1516323294399204 0.023206985387860715
182327 0.228761791723848 0.3348354879403242 0.033159790646912365
182867 0.2026282005112418 0.473489573105006 0.05966320306110283
183210 0.2675381072344355 0.3073267378524529 0.025295115230149313
183237 0.2610488587931559 0.4043164490014223 0.04048040239295197
183267 0.1354914797116223 0.1444809864721187 0.01915580745077694
183681 0.1417054979550182 0.360414664500479 0.029657202465480918
183700 0.237898520174953 0.3417521146680447 0.047507518511525654
183952 0.03632614545662225 0.1120972989889056 0.010129881262396901
184046 0.09801253508321516 0.1528546136131846 0.02768259547272677
184111 0.2989974174339764 0.3502625420077832 0.02911237011904264
184141 0.1912609217059181 0.26987911510468 0.03062597975778825
184207 0.2649404826311065 0.2861581283898964 0.028133559998993685
184891 0.3224963840881126 0.3502792180286644 0.04052316485888318
184978 0.1465932444930709 0.1967332478035551 0.027731388257534663
185698 0.3708818030853968 0.391377822418148 0.03605819579301766
185724 0.2029929947555366 0.2133805364499804 0.01517032744256284
185847 0.2812475832363221 0.4268171767945648 0.03139500439268678
185878 0.1331524339514798 0.150096380493974 0.012189289202091294
185938 0.2339686671198573 0.3287784482372213 0.019678462421587887
185967 0.2464877010620782 0.2796335004765609 0.030612045451257622
186192 0.16144182928968 0.1905979724873059 0.018268796416306066
186196 0.1199495078968145 0.1244637061472456 0.015331466678887209
186508 0.1599848789500542 0.235765953287659 0.025713176996048952
186666 0.2152918963700974 0.2162144189133078 0.011609926342525844
186888 0.1286407280573982 0.1331922770414656 0.015028042933278023
187397 0.03695265301549879 0.05662382303728402 0.008289161009975666
187417 0.2003858021073078 0.273444098012111 0.0198604169080513
187493 0.1232592287007908 0.1757151141955426 0.021462443268780673
188697 0.2434933764709716 0.3122385570161538 0.020393089554363645
189097 0.1796507904092677 0.2973012018550472 0.032315133419520636
189784 0.1839380634387619 0.2114124759029495 0.022238102742587258
189841 0.4533351384269794 0.7345284945881975 0.03523754932049593
190744 0.1092807053014235 0.2546635124541637 0.02842241201033845
190800 0.1438733473102643 0.2753627184085241 0.02916707352575748
191018 0.1644931208081041 0.1852326386534614 0.028284935482108482
191416 0.2050573743496042 0.2533312393897828 0.02364226966196176
191429 0.2540131161239061 0.6687101639267322 0.05445277724518235
191514 0.08661365277929885 0.1198171175156385 0.02334414067324574
191612 0.2671565087491356 0.291820458810475 0.04967866446188338
191645 0.08112875453596413 0.1288058495275061 0.010989671072496867
191722 0.2490849777235818 0.2575394264391692 0.025765310955380052
192120 0.1466581673708862 0.2060738918319425 0.02948891527056072
192162 0.2562747562426718 0.4522256838184019 0.051234520679714304
192444 0.1179372391476046 0.13797509877025 0.011409721358589767
192496 0.2133188962278562 0.2171523450054051 0.015472897439541658
192683 0.1665375370857095 0.169532453341695 0.0133255270059035
193228 0.2690601877212535 0.2947891798136428 0.02932137766707782
193245 0.1804637228374951 0.2653687016412456 0.04426865913529623
193673 0.1706092596311137 0.1886593988213343 0.023816152034937876
193684 0.1400286731529162 0.2232119820725361 0.03439980002560445
193707 0.251914935000995 0.2622937354511358 0.03651633225723386
193731 0.3073844383071015 0.3766010002299215 0.05848470261263438
193739 0.1840068618470227 0.1985040384216556 0.018781896907755072
193979 0.1489019861165694 0.195760915793318 0.026984355166094966
194064 0.1432791007738977 0.214921136715442 0.025965381475290816
194189 0.2885823238119496 0.4939925297301127 0.041781142870876344
194227 0.3995654211545094 0.5013653547582947 0.030050053853653093
194580 0.192634126687933 0.3266180656948592 0.022415944829723665
195076 0.2048333751435295 0.2639396358224543 0.024037072580531907
195176 0.2360658994681967 0.2872094933052313 0.03397839118432417
195462 0.1719010551345775 0.2141625512276206 0.04302411039424904
195646 0.152711970079717 0.2054117362770428 0.006607649735893739
195866 0.2076478893011632 0.527037275276695 0.05744767725174284
195884 0.1868209675491512 0.2335250343025692 0.015659118109277385
196103 0.1297658953996944 0.1704766250375252 0.011379524832144603
196813 0.1980759864338121 0.2441198589367286 0.020970676678221677
197310 0.1869923717897743 0.4905164383562203 0.060644564277772484
197382 0.3698677740469629 0.4049309679146965 0.03670505172606079
197424 0.2738227745071775 0.2934653125216148 0.020467292053771437
197505 0.2572151673555441 0.2910886415068369 0.021723520523430875
197516 0.239265738302707 0.386867265883754 0.03381618496457199
197672 0.2374573586292637 0.4533706305842729 0.04698348224229943
197870 0.379119758056008 0.3929860178565618 0.03348498198794206
197989 0.1783346835580454 0.2246085099793811 0.02472396348079546
198099 0.2684686816072341 0.311905203274542 0.025694783014670375
198227 0.199157912179371 0.2193682496976625 0.022427465675842393
198289 0.321287746476557 0.3674926951813089 0.0310852174872467
198348 0.2320646431232505 0.2558033452850839 0.0171519219858138
198488 0.2146564199378495 0.2730342937579198 0.029118590031820924
198626 0.1599196164511688 0.1683786187349082 0.029135760376827146
198774 0.1462644100252039 0.1864320079261223 0.024429727899893033
199180 0.06867316887555707 0.07818379173384772 0.00758976845407389
199198 0.1567974523854116 0.2409264604058393 0.030992117763604454
199327 0.1989274689541473 0.2457365751993343 0.037532544729946465
199420 0.1720539375529848 0.2261083121227997 0.027504528428908902
199479 0.2912765016602151 0.3453012531459904 0.029079363088418922
199660 0.1812128837499734 0.2282039633551282 0.020496486658624254
199689 0.2134088526962234 0.2807526409673485 0.02273297082508195
199786 0.3053486040993487 0.3634643092672501 0.02393645400413465
199932 0.341909339414736 0.3730641557279776 0.02576884642736858
199947 0.03678549182519744 0.195508758009268 0.026461653782826722
199956 0.2557773567227911 0.4331729301392682 0.0480244337729659
199982 0.2947790339662766 0.6679051081884695 0.040205595484801585
200647 0.1562870876279946 0.2799345447276603 0.021328267609752274
200868 0.1151006621939902 0.1393396931205078 0.020351561069540135
201747 0.2377669439529643 0.4055758566747269 0.04827066691275371
201803 0.2692264288281449 0.5155116341871305 0.04552473269433664
202045 0.2609053692907546 0.274042354255691 0.0323746031689701
202326 0.2419771786280274 0.2728506340993574 0.020136892747789133
202503 0.4083827771446064 0.4103013578314189 0.052879725268187336
202590 0.331361203515257 0.3431981569626765 0.031636906462307955
202696 0.2841379805546824 0.3440864006916168 0.031334544094489596
203046 0.3762129333997286 0.4062260617359491 0.02523226012584261
203364 0.09279903013008549 0.1850547726864133 0.015253918864569336
204143 0.2201147207386808 0.3160000071181932 0.02199136081971198
204208 0.2062392185758048 0.2836823211457213 0.03132809987049241
204601 0.1169782643048106 0.2046548563895928 0.022951259993329476
205007 0.2604605464296526 0.2890457557597135 0.03357259684913138
205316 0.3823922934850808 0.4360209842225263 0.02533172501757901
205416 0.1969478074016489 0.218415517486134 0.021921530850024514
205710 0.3003783712872467 0.3537669495798227 0.03194939687350555
205853 0.1250300113913851 0.1286590072609051 0.026275611409405538
206015 0.3905277447696368 0.4350506351570808 0.038010288903915064
206526 0.04420474791013653 0.08382063473778531 0.007163226468473813
206692 0.2737314806448531 0.3024624775629912 0.03220283819906579
207120 0.2100560947000193 0.5622411437866198 0.06073489623065452
207271 0.189571033437736 0.3369029757235483 0.03628848789467333
207276 0.1813362577007349 0.2504299468853078 0.0327097583559661
207805 0.1664857529699451 0.262528503220894 0.04095992831216456
208613 0.1875411081190614 0.2330005845924661 0.024146048480216117
208687 0.2480046427960942 0.3416801982781294 0.028403459624819733
208889 0.2776790854608958 0.3109637209362537 0.011227843709242114
209557 0.115541159093327 0.2300092315943642 0.03365800843062447
209908 0.2930586317040343 0.4113873948180238 0.03624036359035767
210268 0.2284673487675187 0.2710670558533058 0.025664665794692634
210356 0.09403823104922421 0.1387341159470289 0.011200839105149499
210387 0.2184495965483825 0.4340076449072921 0.025860410149645865
210481 0.2147978164441186 0.2391054108489554 0.02499860236642684
210664 0.1056806933700715 0.1910314193279143 0.03169867279353157
210670 0.08130080074669322 0.09366101772301905 0.011800539480016125
210676 0.1966156072425962 0.2694297707898546 0.020098932777629783
210950 0.2193411488163809 0.3146177239139292 0.036434602729651516
211592 0.2030665098471442 0.2985735030555182 0.022925052155437244
212189 0.2601092243363086 0.3713588474212372 0.03630278728151988
212289 0.07668448741335752 0.112190742599728 0.018013407338302544
212960 0.2073107646926603 0.2615045853677688 0.012952658407022666
213116 0.1182973808437876 0.1327233405887685 0.022665049985641804
213169 0.3238547758326381 0.4023141481425499 0.0463808523759893
213320 0.09535387311012228 0.1825586568195684 0.028652662072297524
213760 0.2782382460286441 0.3647980141697339 0.03527747027765399
213882 0.09548501571685231 0.166532904770765 0.023308395584343843
213951 0.2422498489392683 0.3084522193021664 0.021623725635020335
214073 0.1767670974094362 0.4163699237774129 0.058189596837746146
214494 0.3542048975441192 0.3717507206833997 0.01803053210325823
214980 0.3324771605909593 0.3802625161930061 0.04143640335336289
215064 0.1799636266067669 0.2254157959967621 0.02193373881255311
215287 0.1636400065567442 0.2961903348290263 0.027111304029423543
215305 0.1464792049310967 0.3002136016611668 0.050649973806243156
215739 0.1588895600599791 0.1837813207860989 0.01403812828440052
215778 0.31344533979293 0.3791078565103803 0.03454733315179386
215822 0.1656595020385144 0.1871704120633411 0.021752457203624807
216232 0.1612973961364005 0.394023436994898 0.03743356148579666
216397 0.2416618928692421 0.4039170969560775 0.0345786773512357
216840 0.08862989141484458 0.1306125123168936 0.01513225113166732
216917 0.1322966021500921 0.2086337139240884 0.019561591257989855
217062 0.2450069476486534 0.3331652311545057 0.022998384537781507
217186 0.2101404617827261 0.227102160653988 0.016282621784706523
217306 0.3783586798807861 0.5416084657586889 0.028562705483571673
217314 0.09119429888100471 0.1475874985721521 0.01857798961601479
217458 0.3293694751356851 0.5302087003127088 0.03522985247469803
217581 0.4770011292293823 0.5326395897100414 0.06953869782764628
217777 0.05376457476792859 0.107942703614668 0.013030534879774352
217891 0.1403204976205545 0.1892251950533856 0.029716730900032736
218525 0.2386581278317691 0.2883061950847544 0.05641188776802607
218634 0.1456186573824939 0.1633130848113015 0.01482027714900322
218666 0.300422587585056 0.3585659699572731 0.02884061881406572
218685 0.241019261946692 0.374335779757569 0.0448637753119789
218783 0.3098558717313089 0.4364145025492157 0.039415952801700155
219135 0.2593395351531959 0.3269996445994351 0.040928759612086474
219187 0.2479446901275374 0.3351278080263545 0.03751251234649866
219400 0.1449321870899716 0.1736179110525788 0.0170341133255237
219567 0.207064809091817 0.2199670361473916 0.026719429997757248
219593 0.1400043869680565 0.1555187502531082 0.014164541404812027
219649 0.2322168534071032 0.4137746629186611 0.045649985460294286
219736 0.2028096642030561 0.3155222847227675 0.03242178740105375
219778 0.3175573361474707 0.3593603951643342 0.029438104086784857
219958 0.1371205952088741 0.1686821447604408 0.02251102527382717
219960 0.2971677828726561 0.3139417419942924 0.022651248245358923
220011 0.2164255248316005 0.2286853992513479 0.024662666634867325
220059 0.04526188039291612 0.0669992447001296 0.015638586096195665
220236 0.1801228658159666 0.2693445092352158 0.032391509918583604
220309 0.06342545246382418 0.1004148974316934 0.014515245105801527
220566 0.06055905958186274 0.111659262627541 0.017933997052981713
220574 0.1791667476437112 0.1813644598690555 0.016324492354604172
220845 0.2160083853808167 0.2188236294534157 0.028527532998032692
220869 0.1299127765743567 0.1525002951030117 0.012319692340356826
221048 0.1258910898035708 0.203197012055241 0.023821193841048225
221141 0.2485130695659461 0.2550662736752083 0.024602086644790692
221501 0.3505782302439569 0.4325892372175832 0.043484819418042914
221513 0.1585749809241077 0.188384720209293 0.014000019533312043
221690 0.1916475164875667 0.2239843518769991 0.020050904633154988
221693 0.3911836330808129 0.391377822418148 0.040031939398941035
222641 0.1341537538097142 0.2041460023018684 0.01608121873205917
222702 0.1228788839875957 0.2328081006051072 0.025516754846513487
223138 0.1378560363541614 0.2537952936081481 0.016292299435673507
223335 0.3539507315472418 0.3562313775264406 0.03531079442114885
223617 0.1475062859256946 0.202957348403757 0.02455198620421841
223645 0.1667132698928126 0.3272920175974063 0.02946526245196787
223962 0.09048366007166834 0.1445893112703496 0.014407441555035939
223979 0.02135323281338838 0.08629102300294177 0.0113326892827747
224033 0.2030011418448941 0.4444999851925072 0.042005863762447956
224055 0.3244429958686351 0.4154425856205892 0.04301831177989215
224124 0.3083030680097285 0.377348576635518 0.012920024630494983
224129 0.1607527471410845 0.2458255797141537 0.03200757484261599
224412 0.03880011988445186 0.04348723221023272 0.00858813910461789
225298 0.2373396894915623 0.3086871568303303 0.025391225254763682
225403 0.2151477459911924 0.2383733455712222 0.02921371617441491
225839 0.1773288719054044 0.1884983837889123 0.02498749860389961
225982 0.1157583936863991 0.3673286695670778 0.049776302482178264
226024 0.2749534098617336 0.5129756851852119 0.04172443365330686
226054 0.1868359186776026 0.207341416654885 0.033446555943777496
226126 0.174655341847535 0.1952266166618863 0.0154007791293901
226226 0.2309135239606903 0.2718420551987371 0.028104239527763242
226397 0.1992583640673848 0.2987944252414614 0.032698008394234805
226652 0.2337626286115742 0.2688609017944541 0.02895175009787306
226747 0.2734225215692929 0.3197948238753705 0.031129254681727274
227080 0.2621957433923785 0.2827588314261467 0.0314853310630446
227746 0.1560381344229861 0.2036319143195202 0.01670558584213995
227903 0.3219748359185549 0.3247669196931293 0.035102832778260463
227921 0.245418636302528 0.2577811314779674 0.026288844413577095
228517 0.1515971177870816 0.1855504269849537 0.018421455242571237
229329 0.2293904308992356 0.283176939573611 0.025154514793821036
229378 0.1722035443183976 0.1989198666677997 0.016097868116958562
229399 0.1732600240488677 0.1939270084735187 0.03359775430873525
229649 0.1123739158504247 0.1904344723925711 0.031114446203409446
229679 0.1268140525116394 0.2187157650089043 0.028054415638457883
229733 0.3549674505807863 0.4137629148841572 0.02112131481135239
230191 0.2813014188409621 0.2836195524666527 0.034561941261325835
230321 0.09787817009757088 0.1391753317594653 0.023754262144911296
230553 0.2777098001944233 0.3100145812473595 0.03643705553090214
230558 0.06209769521103885 0.0686752480503337 0.011160280446323343
230714 0.3881797193450451 0.3972990432116986 0.03334041096434303
230837 0.2595429917171655 0.444511396852108 0.04314393482508723
230874 0.1653727732242205 0.1723050816239152 0.019096940172744607
230953 0.1327174975910595 0.1424817781922402 0.021791959164626524
231118 0.1704813168274955 0.1856689593918312 0.015583155542210169
231267 0.1488813588734391 0.1632531796059661 0.01867353436741895
231629 0.3099725844087458 0.4694545737797283 0.030353579869354413
231681 0.1298212883234965 0.1753535796972702 0.018506810207551534
232276 0.1850153818775668 0.2670205706371473 0.024596283475628068
232301 0.1156982338805733 0.3340468050862899 0.03682201533967842
232315 0.1579474467583953 0.1627622118387533 0.01800524224538466
232430 0.200904064545273 0.2104162677612046 0.0204814620969482
232489 0.1716744030296225 0.2631456333637377 0.01873441116939192
232570 0.2778402831184863 0.3060610517987353 0.03387779319806625
232744 0.2507637330746694 0.2632738877940244 0.04156260909035941
232826 0.2488753170508223 0.2611966453010795 0.024424854507151685
232872 0.270974153604369 0.3616293555672881 0.03479745476016289
233183 0.1935724018157815 0.2112772787273622 0.020062079232147447
233231 0.2737994252397003 0.6398543381039703 0.02898141066124153
233562 0.1188637829652084 0.1543460545281936 0.016148516206851562
233606 0.2668031875547821 0.3486839745616846 0.03785700260689234
234236 0.112419622826988 0.151098336076122 0.01786140107189225
234429 0.07334331737668363 0.09240183176530038 0.01545685035217139
234499 0.4323919480506105 0.4356551930851408 0.026805193600453064
234538 0.1565959845764967 0.2763165375444745 0.037304797529470815
234658 0.2724569811764771 0.2889786101838189 0.023314845481675398
234815 0.09593109150700478 0.1920286281448705 0.017647511856787746
235064 0.1811382157848674 0.4045354243875098 0.03765917148426829
235273 0.1369078664242831 0.2120289310140103 0.023799437127577556
235400 0.1549283335579864 0.2306724482601838 0.024318284459572685
235574 0.3872416167792396 0.4791413930274923 0.03547572747029132
236068 0.1779262379328187 0.2274044713333474 0.02412374617099444
236106 0.1022812238993575 0.1373556704342536 0.0175761747828387
236243 0.1725474211904923 0.2696101007896943 0.03207988549297482
236252 0.2445864149653061 0.3689788932533687 0.036794755056393735
236393 0.2423864006706425 0.2964853284504438 0.038941056711626815
236995 0.2224327297770376 0.3520958939081602 0.03661444428923679
237111 0.2447551083287252 0.3295871892206629 0.041425602649203426
237278 0.07271185923134796 0.3023412741975086 0.04218855219370185
237335 0.1010600320866956 0.1241508307942409 0.011211280312762422
237450 0.110367587047955 0.142108516340214 0.022371040193745587
237508 0.1568440684038624 0.1627098373227993 0.022376775375850803
237528 0.2365566635014158 0.254734845081287 0.02007360296084087
237570 0.1948726280701875 0.2727590232690271 0.0322025910273111
