929 0.09898722800709691 0.1561101190176259 0.012661394525485105
1363 0.2367364016229081 0.2496853888725247 0.015022604132104066
2156 0.1931127480912109 0.1956857295838409 0.028376974933601945
2626 0.1771844676193408 0.2535700781775376 0.021001369374933913
3406 0.1205494206866137 0.1360361590320007 0.012942945755253813
3684 0.1128582872747243 0.1478094212223084 0.014472299030117427
3812 0.004847044950188149 0.01935336232549654 0.0033434905578938307
3982 0.03566792555939014 0.1415545374084326 0.017193808007159854
4029 0.01033144141493437 0.02525648297342182 0.0015698348247502145
4473 0.01614497255731086 0.09645287870480036 0.011708923432265232
5182 0.1382916857348417 0.1642444860469125 0.012090468296012877
5658 0.05631502373582459 0.06561705768446048 0.004311814691439378
5991 0.1878400059265155 0.2180838480297011 0.017936814477504632
6619 0.383843585685416 0.4178887005672535 0.023966699380811893
7683 0.08824205776676529 0.1029174853068758 0.00935593874576114
8243 0.2591212429140224 0.3253229984894535 0.017741416971374702
8448 0.0312367623293915 0.06794965964464729 0.015506076705577078
8656 0.203709708234395 0.2098068622894544 0.01817442242020748
8903 0.1037063549681602 0.1109627337676694 0.011091369604597404
9117 0.001685164107720022 0.02607229057797537 0.008387705422462326
9144 0.1902293838668444 0.2383905558603493 0.024733786091091996
10254 0.1037146775402079 0.1504762152306337 0.01315369160093253
10886 0.205758372443161 0.2077854070351395 0.01638738535149274
11230 0.03719920618570228 0.08832412369381556 0.011793296462483302
12047 0.2072177678893183 0.2623909136915521 0.023351495564235315
12072 0.05456942632725064 0.1154824498792671 0.011518028363482948
12925 0.06756567839505434 0.0913914320353783 0.009681655914407504
13143 0.253833833714214 0.2607369022650016 0.016764593022062128
13555 0.09438583085046738 0.1449502479325785 0.01793518735887032
13597 0.08395408805155057 0.2290274869666664 0.021900956832862237
17135 0.05109966622123488 0.1334680573310658 0.015773280536864446
17435 0.2248904705538731 0.5081951053971344 0.03474193004857753
17723 0.09527520311495996 0.1171665587768222 0.0053221464648477955
17754 0.2343954513941052 0.3438118562392587 0.03466132239759028
17851 0.3063156205640931 0.4238901726267701 0.017689540332450154
18232 0.1093003185903208 0.2115158427427583 0.021394383916108286
18546 0.09068405114876652 0.1940353535496312 0.018023095977200698
19347 0.1136939460010426 0.1138126405281795 0.01404573890829798
20177 0.1559794171753348 0.171719200377622 0.02052925886233931
22022 0.05169435830375641 0.1645636505100753 0.026020758914394912
22813 0.2140739647940047 0.2772030365773959 0.018036063722260548
23896 0.1518471149439081 0.2539466681818162 0.0236918843675885
23967 0.1694649883206275 0.2477333011407764 0.01101601432668118
24055 0.1678430595937615 0.174152925787147 0.015491599028895148
24775 0.1813095066571223 0.2238578027574571 0.014228880644112173
25368 0.193082156871779 0.2913489885769763 0.02070988718876857
25759 0.1976640261110405 0.3824224067891339 0.03220824744519304
26061 0.04955843159796713 0.07462932078625228 0.005813251649223808
26220 0.1280341935696504 0.2122994975337934 0.018958769026727617
26452 0.06554900760929388 0.07558495508556129 0.011789791521504741
26815 0.1815676932641076 0.4890307001750389 0.03530032153436534
27548 0.08581439317200457 0.1058638949599048 0.010191372466678998
27697 0.3145299476542597 0.4787428844733973 0.024873984119635453
28658 0.1009911151936918 0.1565906357787389 0.0148022291563472
28904 0.01187472730251615 0.0455314786858949 0.006431553703961751
30132 0.1814185008344556 0.1992572454940735 0.011997851045273216
30245 0.2105007532481119 0.2213795738656325 0.012424444512585285
30265 0.1389295971669874 0.1601493126437307 0.012808202029848021
30758 0.3310275756676005 0.3898405533456433 0.02969826056377027
31543 0.1570691128957215 0.2127874997740361 0.016384344535252587
31844 0.06327321085056495 0.09354927671990097 0.011881674029789175
32393 0.1243073261954257 0.2377196888141335 0.025046817191143225
32617 0.1264888822546732 0.1304337397903898 0.009723672392853093
33122 0.03738931120979662 0.05777724985677678 0.008185994890352275
33382 0.08296157324251194 0.09035406810056595 0.0071571684885023985
33565 0.100416580903188 0.1953484201937528 0.017647774675549243
33580 0.1032983759625772 0.1347719677529367 0.010961435716879539
33780 0.1119354021482205 0.1524223439701057 0.012561852863203563
35376 0.2199197442854545 0.2213103037932417 0.01615216945621624
35686 0.1168850187540714 0.1424095728486378 0.010690189157620395
37199 0.2095508065313483 0.2622315115729378 0.009860659071654891
40211 0.1776459612020306 0.2837340349175162 0.025882830037481125
40567 0.05053277058799329 0.2544008167984607 0.0289625889551549
40874 0.06084481328168683 0.07095706381659053 0.009034282214666393
43033 0.2038807126831475 0.2199405854120341 0.015422742518224605
43090 0.06819310912294445 0.08089607527856434 0.015008738972643706
43143 0.07639197797115191 0.0817324179476891 0.010299118376028007
43150 0.1105629200364172 0.1331871568320622 0.012519508348080237
43157 0.01982025380152565 0.05879468109244453 0.014408096822064412
43240 0.08349903816134026 0.112356532051005 0.011664642592032185
44193 0.1092520828819135 0.1659585179388359 0.016363096986367544
44325 0.1334495081927185 0.204864479461926 0.02163593621335424
44888 0.1440557126387831 0.1482197358943218 0.012447831214440808
45223 0.07682193060286097 0.09085449712098265 0.008053985890450668
45352 0.166962267946418 0.1837519099651504 0.012234717440092064
45705 0.1316685871897127 0.1663531141355621 0.022533282188561436
46715 0.3038542121987753 0.3208633697131827 0.015909483035035917
46789 0.0964414588301997 0.1326749415982002 0.016105091490154058
47009 0.1402078599531182 0.1734552738285529 0.008948553600698083
47444 0.153945031305807 0.1684286229480748 0.016490688254861306
47692 0.06094127175536197 0.07769028307235744 0.004613862557910095
48444 0.1356522902182867 0.1452185739176932 0.01387190067104222
48509 0.2730665437176356 0.275846839315958 0.019522017829397033
48905 0.08436836771270889 0.09295374790323756 0.012682309350252005
48984 0.1272360556343011 0.2091148191292248 0.020531020490434166
49034 0.1378462767027948 0.2030513573981348 0.021945718986989424
49077 0.0909499547538065 0.142504620235799 0.00660156177449978
50054 0.0443501518194754 0.0720063085003516 0.008262261694052784
50541 0.1457051778715323 0.1580283535847003 0.017847618055708482
50706 0.2609270202785349 0.2947763875456481 0.023288429926828263
52526 0.1996919422313036 0.428405870995127 0.030050289491600452
53007 0.1854604304870719 0.2321012397071443 0.011590430950734679
53107 0.03819177308703121 0.0501202605647845 0.006731171000527152
53262 0.1850108450023692 0.2295719757814856 0.014046501562809127
53266 0.1719785368080107 0.2464028984238416 0.025490855657632136
54101 0.1120240662786315 0.1267523322386634 0.01676282099964019
54309 0.0507441758161693 0.1043297990038471 0.011892803688154404
54703 0.08808198062171967 0.2147570841946902 0.014019557895351144
55059 0.1245811252596072 0.1270990111703579 0.011030181499230088
55145 0.08318145646643844 0.1478804376241693 0.013156681021975073
55696 0.1661258412374707 0.5981759024862119 0.04593339481516558
56213 0.3249083707096288 0.3832820205612269 0.028190873951095607
56349 0.1667129313715293 0.3377992351911876 0.024439351977075013
58152 0.06521917877743756 0.1104234140216303 0.010540368943561093
58765 0.09215641665043096 0.09626042771266882 0.008985269824946893
60028 0.08028857689891346 0.09464731433689122 0.005232501972561404
60230 0.03835121622228586 0.04953266326502991 0.006572636935127406
60549 0.15741459087288 0.1776765467925604 0.017105515461437733
60835 0.2652973399949394 0.2718592432409314 0.023358435701993197
61151 0.0867714184937966 0.10740717523997 0.011060405554747703
61699 0.2561813944982523 0.2965337817129591 0.029490367806332126
62196 0.186200275441698 0.2413203107644859 0.018810680936930325
62983 0.03079369300403631 0.03385130410722662 0.005349278894041684
63414 0.07576561613404916 0.1556302588084566 0.020373882320811883
63783 0.156416757887639 0.2009171258917035 0.020464191840043604
64016 0.1327528503537754 0.178119297927869 0.02043234291008263
64581 0.1558877411881726 0.1832901662348664 0.01780397639103882
64634 0.0214215951916291 0.07249789306422764 0.012044636449636615
64760 0.0718417780227776 0.1554468025946262 0.01880417689404786
64961 0.1444334295827946 0.1687513038111412 0.00745079181452743
65124 0.2406528253060252 0.2772673233081195 0.019008584111705334
65723 0.1405565061320321 0.2454295765718036 0.008075053037255945
66062 0.04555229403813965 0.06540633282864435 0.010322227361006133
67271 0.1010048770738199 0.1218361168882449 0.010020673971271633
67571 0.2747193943370217 0.3354911488733242 0.021437882637865512
68899 0.1009977860325193 0.1174513937834373 0.0108091795377163
69271 0.153466898577882 0.1869471584754754 0.017008320046064035
69274 0.02248711156063155 0.08299205705312183 0.008145665618273346
69469 0.2763185390499285 0.3851759649711728 0.02662441889760177
69687 0.1518861101435814 0.1976535499084289 0.013491197990638882
69738 0.1455829438752593 0.1532251965662032 0.017858281222178373
70211 0.142320583997861 0.142359712378789 0.013985681138074666
70311 0.2478112408953566 0.3417584832465089 0.028987627882984875
70488 0.1599213187653397 0.3978957953288077 0.04196724264022133
70780 0.06425988405795254 0.06737035847695003 0.005972542905754034
71020 0.2371663835964393 0.2440566748821421 0.008730518523115523
71064 0.1565172922192037 0.2576099718519298 0.020118065124668218
72053 0.04317780727775506 0.1284943452984818 0.012215594776311232
72784 0.1132925423160527 0.2262606815597415 0.02719701485116084
73189 0.1303785808398218 0.1315844807513093 0.012988437528369765
73197 0.1254662404940458 0.348639487472362 0.028436700256465792
74129 0.09152767720822746 0.1248566141865405 0.017523242109265227
74238 0.3638277510381021 0.7173249430714634 0.04321145362753081
75171 0.09427306042470433 0.1711283320889168 0.009371582446185172
75199 0.1610454427594622 0.1843020653325892 0.01414352736152693
75953 0.2665853681438957 0.3128751427930283 0.016537364379228415
76572 0.1646617256011622 0.1921572536492316 0.014697018754640957
77220 0.4083064075999032 0.4869685556835921 0.039664587202524915
77333 0.07128289562330688 0.09196479956030627 0.014081247804452912
77463 0.09632112692749345 0.297346866665126 0.02558906341572754
77915 0.1441443730533274 0.186499532402279 0.02420423718233023
78143 0.2194647515724031 0.2239047673520056 0.009988387924756644
78914 0.2877187181322918 0.4441214277607944 0.02918906261338991
79267 0.04572580878132503 0.1675488998074509 0.013391052773612177
79843 0.1077529824575188 0.1498477583338177 0.01130409272170628
80094 0.3106463486610586 0.3141234139662776 0.016348697014396014
80487 0.1796054315263372 0.1896509226524162 0.014834194069987474
80672 0.2091699111366173 0.2362855473757254 0.013943985356710938
80719 0.2170968198226641 0.2475737859260056 0.016581093639308153
80793 0.1580035854764366 0.2015188102487047 0.02466050914931015
80884 0.368585656642769 0.4869685556835921 0.04283782464027349
80982 0.1062351824344886 0.4990746671319291 0.04151770987926271
81526 0.1626615074759329 0.1639560104381603 0.014685056065691787
81547 0.06310295456007943 0.08251415191404188 0.007027542796855645
82533 0.1962280217701703 0.2754546390437138 0.02641096773572309
82560 0.08434670700074096 0.1299042076982412 0.016073060809014775
82856 0.1790341878542872 0.2408871806399377 0.01593165247740059
83073 0.2088414027026221 0.3075552551479382 0.025041673560516016
83521 0.1504220592056213 0.1623164728526222 0.008556442139588135
83560 0.06020980042287993 0.0914317592770992 0.00888441534558199
84232 0.2668838610814222 0.3243485548947154 0.025492984960160104
84622 0.04622831534457899 0.1365926340540862 0.01045976083558735
84810 0.2045089610539938 0.2604818275146357 0.010568682472759479
85435 0.2981912826673385 0.3493471583357546 0.03877159128019803
85501 0.3825296552131808 0.4695989372885032 0.020490501168413756
85886 0.1386454795723308 0.2098785294962867 0.008757190193100114
85962 0.1799584079554043 0.2186289216923206 0.01115292344540812
86375 0.1465902326073258 0.2143916486185265 0.014872845957121553
87168 0.05618473619574335 0.0908126221292008 0.010611341839549478
87312 0.1177876737673506 0.1283970094475865 0.013884727402713792
87634 0.1194563447730371 0.2507481974072329 0.03145679023418047
87915 0.1444170553166384 0.2576682406226793 0.023550245918777267
88070 0.2071656804954345 0.2090559122840102 0.01611140622419982
88082 0.1922283013987215 0.2870742090412929 0.013358862767552646
88358 0.196808431624422 0.4465417216334735 0.026464347891847942
88904 0.1017490396923805 0.1444167217863962 0.011871690353204468
89289 0.228848658299045 0.2346180231696857 0.022391532281762855
89524 0.2613149970237957 0.2676502904858259 0.014882817067999295
89844 0.1063018378348634 0.2858987994698164 0.035700679099776
90192 0.08854948289525382 0.09623950014148772 0.008441923012071605
90506 0.03770646144286894 0.1239478982678939 0.018431039007454506
90549 0.18816895029391 0.2261069514515962 0.02720598129087012
90875 0.2284934081142327 0.3026747878937028 0.02631849512597256
91213 0.1002415257911903 0.1404601293477151 0.010790094725673013
91520 0.2767645992715334 0.3008866768653565 0.019565216020382806
91583 0.02435485650038077 0.06706951660928423 0.005710540303097609
91837 0.345670618235341 0.4821490627403049 0.013430412011120456
91856 0.3021603465946871 0.398327170142626 0.03274348615569153
92304 0.04993001110841904 0.05115091320923921 0.006698278838217405
92484 0.09459821215948339 0.1204329088004894 0.012556432435814831
92568 0.1204699721342494 0.2090280951729114 0.015226570844009487
92858 0.1007583783816959 0.1044670326654702 0.012210049124713329
93518 0.07122302426698917 0.0935306178327038 0.014902856331872103
94012 0.2430121164506175 0.3855251820687806 0.028381327794746076
94290 0.1230144895936006 0.1768878349864155 0.01298737982403306
95726 0.1613186596357222 0.2265560895186666 0.021741515849254378
95950 0.04762798358329689 0.06052324479571613 0.010291663164499025
96731 0.4277860631473483 0.4899190067483125 0.013457841417574804
97129 0.07097234541132567 0.1326792516705251 0.015220798642849283
97994 0.1312141100800227 0.4319003285910704 0.037504372945305404
98456 0.04478491304952566 0.08746044506904195 0.010389933330139505
98766 0.1845192026842926 0.2120890220027812 0.01621226798200901
99522 0.1366665772202599 0.1434419310003659 0.010503915538982755
99741 0.2402071818988343 0.3992434842417266 0.02617990465015264
100090 0.1152317025892962 0.2115264845810555 0.014043818722555999
100222 0.08894279210767849 0.1189812347721759 0.014447006073949902
100623 0.1670927591051332 0.1859052361765204 0.02554169908728365
100790 0.09992874891825671 0.1126927989829292 0.011723334274058165
101234 0.09161117056445841 0.1524071972052305 0.012203115544325616
101610 0.07051783552072619 0.0892300164534784 0.008196256261119642
101821 0.2261674730649625 0.2363019244918015 0.013398995114328745
102407 0.1217298166142974 0.1551471929411641 0.007148960087994435
103203 0.09066133085478394 0.1031209099071518 0.018262861246138132
103269 0.09372026655998013 0.3033467961146926 0.023698169076136307
103527 0.2654037836274378 0.3146329321025773 0.01982945333160548
105226 0.2417565037151662 0.271469387932995 0.019471885355205464
105270 0.1634074607215247 0.1862723524230974 0.027110698560076432
105422 0.02571562873230294 0.1171908378408895 0.01393191302926385
106330 0.3895421362904689 0.4886918655529368 0.0429278281277498
106693 0.1864315903167106 0.4899190067483125 0.016094506366243735
107136 0.2445786192102326 0.3037960790796429 0.022797007875720147
107341 0.1301944236895449 0.1765639173709635 0.01918648957915033
107564 0.1298200033444675 0.1860078929789189 0.020192137808042375
107813 0.1618595065661926 0.1843384137151252 0.018586496500772397
108249 0.3170540983208231 0.3221302122682814 0.03841820956359745
108349 0.1355157580191548 0.1488023520443568 0.015810949817763903
108356 0.06575251708765498 0.2202855751808901 0.025715632041385734
109389 0.04341935254522425 0.1265595270515991 0.01085297842637149
109928 0.07076156842756763 0.1429010222843764 0.015555000767767597
109939 0.1803605375250358 0.2138092507771407 0.015248823379989687
110495 0.08470162795135676 0.115476679484071 0.011484944597606298
111023 0.0976738290187385 0.138391134657774 0.016990216136882473
111235 0.1826553908760606 0.2849865381622117 0.02307392423666362
111820 0.2964345907341616 0.3290126627591837 0.020975464182648732
112332 0.2476206803754148 0.2969996150995829 0.025551206168747
112339 0.1146923023852456 0.1273802154485673 0.007025659180201715
112354 0.2660260012234682 0.3108489785660156 0.022207936625679506
112505 0.1028968613275726 0.1114879206939475 0.013661381095108074
112709 0.2079248438803399 0.220904364870542 0.018852579116986536
112825 0.1473047269504957 0.1783948648626791 0.02703670670003578
112876 0.006803846653932312 0.04231223436843144 0.00621188423722358
112979 0.1104955743214161 0.1528750462737715 0.019084999499686933
113673 0.1339152510835223 0.1607703613895564 0.01659013399820864
114462 0.194609268226968 0.2406146281162781 0.020387380796092865
114505 0.1264006580884587 0.2811477931064952 0.022528217292708635
115165 0.09773575309308627 0.1485944432824487 0.018917539359933306
115246 0.1769871796267152 0.1799220853353728 0.015520002205460804
115892 0.2107860612524798 0.2773192387807761 0.008064093813723803
116056 0.1703131820178639 0.1878320787388858 0.016988719744672965
116063 0.1474238342147024 0.2170114608095646 0.019527003046400312
116184 0.3075937698702963 0.3374341666875561 0.03176929034795647
116262 0.09717654432003206 0.1093728843495363 0.007972762787571162
116578 0.2475197272847814 0.2557727865096653 0.008198398763798066
117134 0.2379824761216539 0.3796678851288428 0.034920516739792684
118755 0.1694582574671777 0.1984540218621537 0.016722590261347165
119266 0.1287639876492281 0.1515390292116656 0.006983889594597171
119268 0.1102150441350228 0.1275821340330762 0.010128339496864286
119700 0.0579152883065749 0.06068782234853845 0.005643264966701551
120099 0.1386530974433362 0.158470982517126 0.01328223931495372
120284 0.08528005512503767 0.168866288655868 0.016584462479627
120806 0.1705747424665834 0.1896521843015933 0.02362944309619904
120922 0.01939313452568324 0.03081096668481836 0.003670636492972491
120938 0.1937908008792667 0.2222609293228997 0.01789775279428134
121299 0.275537931735375 0.33673084881279 0.023215012419872342
121302 0.1195476530335427 0.1818010753176511 0.01459722946309315
121375 0.2564106734279417 0.2565635532372773 0.0097510085265722
121895 0.1459659088269372 0.1573240282952286 0.009453260574495049
121956 0.01955616307641554 0.06390507358048772 0.006981800310616106
122028 0.1733159017570779 0.283961201604747 0.030734341873717652
122363 0.2164589495595623 0.2896908543720963 0.027626767656588596
122666 0.1410971619455254 0.1710501629103893 0.02094282448910425
122806 0.1286017657818805 0.2463246857650629 0.03060300541523546
123599 0.01123694290797728 0.05261275267131371 0.0076599411764711875
123855 0.2239453984921294 0.239327165104002 0.019353689683355282
123953 0.1447848533794793 0.3511444383496828 0.029124923792207224
124160 0.2210614648089281 0.2373970118473748 0.011659263382420716
124426 0.1181468013369867 0.1426162295848118 0.01726544253309046
124430 0.1520542748841751 0.1639128451059152 0.021978717060379873
124686 0.07284045488507425 0.1143193567562868 0.016931482989398183
124846 0.08772024403872153 0.09505010166694783 0.012134313454259872
124908 0.1499633612132088 0.2104132682914287 0.03418987787391852
124926 0.1438573902141013 0.1739080627208993 0.017831575967134434
125159 0.3275945435786713 0.4677938794088762 0.034439556028678694
125300 0.1733931729122718 0.4676810779485146 0.03018399427621476
125401 0.1613452962482313 0.1990319947536997 0.013570586767511536
125663 0.1569127189734656 0.1869636501388692 0.01199781356432848
125995 0.06026741366543916 0.09894414389773508 0.015382155772087104
126279 0.2311981393133751 0.2693845724103472 0.022448737477931014
126633 0.3704536703045596 0.84495110719042 0.0322181260246146
126752 0.5979456887725977 0.5989613517895183 0.026197770873301725
128146 0.1073093532995133 0.3063529807888637 0.03324035971758122
128524 0.2791475278390205 0.3152857614908594 0.02660468068010858
128635 0.3285110167075051 0.8383243150010931 0.04989653739494716
128828 0.08593830340609834 0.0939077356623665 0.012759449622911851
129163 0.1069400681298004 0.1246976020699711 0.01401460906077982
129611 0.3317381638877362 0.3873625518038371 0.02420927901441475
129780 0.08319553263515168 0.1234249856295887 0.015791159174772723
129941 0.2266818484875601 0.2463423232238175 0.013129794896682076
130614 0.1331643673409598 0.1380185589880567 0.010711315532603242
131010 0.2482896040620703 0.2533038115547868 0.023608163293072807
131024 0.1453211993613031 0.2096971817435589 0.021888194086182613
131648 0.1213406957396561 0.2083216543401729 0.023788355424911516
131943 0.05574523651928755 0.05774380379293838 0.009681014451033068
132046 0.1169699407826206 0.124975638730149 0.010691767337529166
132055 0.3005389061772194 0.3466492504363623 0.020056930383476952
132126 0.08820098506114106 0.1294322114398307 0.02577942510143961
132564 0.08760833701680332 0.1216535102935772 0.01355835622260479
132701 0.1097977819180595 0.1635899804700843 0.013001937231333648
133311 0.118058298350611 0.2443972530515053 0.01879163149909003
133336 0.1251859327174779 0.1381380042973189 0.013802137197886217
133533 0.03397638418060021 0.04921578486775641 0.008584771651008107
133544 0.1164826756481511 0.1232676761387134 0.0053936034516640545
134870 0.03617080954624846 0.05917062182291426 0.00846944446125447
134968 0.1261097283790376 0.2481105134541687 0.022111334381755353
135241 0.2269401525416466 0.29560214404688 0.029656035719901393
135274 0.1670278972284755 0.1744959564700973 0.016086255710908326
136560 0.1291448534120902 0.1835262332686848 0.015818983767828858
137954 0.4550134812596662 0.84495110719042 0.04683925656515251
138416 0.2474422172054971 0.2872999590847332 0.008916987762238697
138802 0.3682020330133699 0.3778515511426051 0.018080562561291647
139352 0.2246344311862754 0.2275032482384925 0.01688649549661902
139438 0.1722064280387881 0.2000881123385718 0.021550817410188484
139465 0.08931927516763461 0.114719473712902 0.013841570729672577
139978 0.2035148432877984 0.2635127944903621 0.01607594416889251
140282 0.03659952369670526 0.05639946220080724 0.00820503736392205
140362 0.1937691445381963 0.2041175989673697 0.012503732623937804
140474 0.1938180134290345 0.7849191662461249 0.0458339123076508
140569 0.1548708236878721 0.1623145361975191 0.017236594159619104
140995 0.1269140685762539 0.2558240513076728 0.022268120587387294
141156 0.2057661581378598 0.2297419274339885 0.015960570388915445
141216 0.01012113088749478 0.1061145036895037 0.011732318623089544
141759 0.05133837488249334 0.2326633266122716 0.024745062018864165
142131 0.196228143095711 0.248571810935508 0.02204590104938023
142395 0.04897673821963228 0.052865933822947 0.00797484654133239
142466 0.1637890041709151 0.1809610080924393 0.021466476866376153
142876 0.06297546429618076 0.09787327972193484 0.009282820704495081
142973 0.1563036783013614 0.2497490222451214 0.019357223993000702
143445 0.1024786253525519 0.1198129297209512 0.012099019237818094
143590 0.09325604507819909 0.09922947610708686 0.011578629149474502
143861 0.1259081342971353 0.1403137105051387 0.01174976735604444
144217 0.08670637908300072 0.09628896213685206 0.007492257001228361
144902 0.1007040111625297 0.115251108980271 0.008395663191179448
144981 0.08373466640519686 0.1027018642653476 0.015076942489481967
145487 0.1511496843704993 0.1591513629033804 0.01058598117170688
145600 0.1056747516947148 0.1360109659321486 0.009466322931578796
146179 0.08848624462781531 0.1766442609882613 0.01721715929287177
146296 0.1411164304713582 0.173398744205314 0.010912602295158917
147396 0.08218865534803191 0.09321846641277506 0.01085796396332494
148215 0.1615166353734681 0.1727811268762952 0.012992118963011208
149167 0.148543901039563 0.1669601368317349 0.012096391909747239
149537 0.199879548736524 0.2301410280552827 0.017006552661574675
150195 0.395440189770575 0.449294035394478 0.01677581824738737
150406 0.2109910852122432 0.238031963130122 0.016334274412804734
150478 0.09415331854777399 0.1439896951998123 0.011982690644164969
150715 0.1064712574753675 0.1854760142625323 0.022424589263585197
151038 0.1832984962425709 0.1838117998912655 0.019170958637251254
151126 0.2313296224431925 0.3513243361647305 0.0359055121126056
151423 0.08653175324640324 0.1095534560463484 0.01618491368636274
151617 0.1558261553405371 0.1858983819998371 0.012351966588575942
152209 0.07293128969182642 0.1188181894005422 0.011750716595861686
152772 0.09251308758804422 0.09840232187201342 0.01324657388942194
152842 0.10981156180664 0.1997497036644712 0.023784430090734596
153748 0.2163301212281702 0.2461243915326022 0.012045964702242697
153753 0.1902787431694223 0.2116595191424709 0.02000319522503687
153814 0.1421938044977526 0.1506645372581238 0.004670886963113952
154155 0.1495000443395675 0.1735065102969521 0.010653980425020302
155597 0.1523637100976069 0.2947610751323127 0.027050219033698537
156268 0.06541327451830707 0.09815913398223532 0.006876737654767613
156302 0.1194549474055411 0.1433821501557193 0.014510713926366655
156370 0.2369262616390537 0.2657762636461489 0.022887750660457586
156673 0.08726471559592254 0.1193366291756901 0.006765779387289208
157585 0.07037960665543404 0.08430030594715422 0.009237420594659384
157700 0.1385547830412157 0.1504850816207383 0.008249985074170218
157710 0.117899762384316 0.1427098094256473 0.008063409026665714
158247 0.2915479646544161 0.3746527275502238 0.02492959347825097
158405 0.01429804680374784 0.142699000893364 0.025266777401788273
159033 0.1172382709537106 0.1303853997549226 0.011113381843543458
159435 0.06486751743725522 0.1553751928027979 0.013463787712939972
160045 0.2746548852579263 0.3789849245399933 0.023357777503383546
160648 0.05075398000932641 0.06466426733530423 0.006127008959936639
161242 0.1556621884579244 0.2011389473426786 0.02070485119789848
161687 0.2541981316473334 0.3027301990951351 0.03556586991488712
162461 0.1045256248480961 0.1622019115249575 0.014537383148360864
162767 0.07754603674792893 0.1342563623860967 0.010530121623740988
162831 0.2024090750020592 0.255524666685809 0.012753444132762219
163359 0.1037797820290896 0.172936663597396 0.01697622690961033
163523 0.06618508472120417 0.1398211955398398 0.006964321828439373
163707 0.1333053007593357 0.4443564792922274 0.0430407622725713
164012 0.3367349550883767 0.3535137159033137 0.014501738970759367
164344 0.4445937967134652 0.465064950146585 0.026845179418314585
164522 0.03161689911366545 0.05109446753577665 0.008385968093675464
164811 0.1393958048223526 0.3443950032204051 0.01894715629891105
164943 0.1718856248359484 0.2386855757136232 0.016090788737445256
165108 0.1832768782869881 0.3623738584469298 0.035048575560260045
166314 0.03726851152737881 0.1427304785529737 0.010462770186079528
166702 0.124152904199113 0.1461932204854453 0.011248287646233427
166831 0.04712383367074643 0.09411170811750572 0.011219209766588717
167838 0.06220826647013039 0.0702351538279736 0.0064189822257757325
167928 0.1477768329250857 0.1670976472792294 0.013103820391969516
168547 0.1684394098683532 0.1929636347684917 0.01235471692546398
168998 0.3613444544241695 0.3719314108567184 0.014887257714662505
169522 0.2890990563154852 0.3068904726365424 0.012005603592444875
169627 0.18568834204831 0.2719302690135803 0.02515014586162688
169764 0.2029196574083706 0.2116168631564711 0.01110322872454777
170439 0.3510105006815398 0.3547579329560608 0.022263828542255244
170672 0.07480095208160887 0.08944062405548105 0.01462459660353167
170761 0.145816597053386 0.1948974152511783 0.01738059840822821
171060 0.1214478029850756 0.1342004727407972 0.008247117668938308
171155 0.06797946604394149 0.2292017151276308 0.015289808727599868
171269 0.3634707628401411 0.4428824997037431 0.034623172665689504
171724 0.04207492750975879 0.06978365903769913 0.007923580429781168
171968 0.1771587520500563 0.2224398718354777 0.017055395905085133
172026 0.1684175564778306 0.17972504805693 0.0172273726851402
172457 0.05694452194376788 0.06581533111684736 0.010730761392040739
172835 0.09003026414471668 0.1769831054676984 0.014115975480805414
173355 0.04485505453652648 0.04618504949274532 0.006324833481761821
173869 0.1953186766647193 0.2416902697230515 0.019785242202301784
174110 0.2859653567219371 0.3381636278444932 0.015393739078816974
174336 0.009967721097626066 0.03091513632832203 0.004278084927125035
174493 0.1516513158266495 0.1660117757301921 0.017483288764536746
174558 0.2541753995009489 0.2674582133380328 0.011224720145035266
175100 0.04071424189303854 0.1552653295035009 0.013399288516197448
175383 0.06335819794493057 0.07796230216638177 0.008020335017702666
175445 0.2523490218352767 0.2590733318506261 0.01633126471857497
176679 0.1605191424105628 0.2221700388969925 0.018765049363327582
177486 0.07461717931782575 0.2832934722759506 0.03671949411140711
177852 0.1325256525375465 0.2008823940337999 0.011565704155418714
177891 0.1010864811443978 0.1233111949684221 0.011979933042964016
178624 0.2419866162304435 0.2753977244475164 0.015091657331545006
178856 0.142869089732056 0.1525714426525526 0.010264827386183025
179140 0.01052310562263657 0.0227918472736182 0.006172251038107748
179424 0.106670571455555 0.147160953338211 0.008406498478764415
179497 0.1174177272888743 0.1242226063658738 0.014282008642321641
179742 0.1797433999506538 0.2184059586856422 0.011314669023795125
180042 0.05730265638479023 0.1407479366904473 0.020008045924099955
180716 0.1077470140282964 0.1710279819655498 0.013710067428217908
180855 0.07137089749523612 0.2261445153643801 0.018804404297593714
180865 0.1425854485830493 0.3860507772955527 0.02465105015847593
181158 0.1519599932873737 0.2781167242534068 0.03387705262726876
181654 0.3561283038765579 0.4006463443178997 0.023253535182954317
181726 0.04358255247576264 0.2426433799062065 0.0267016050323938
181912 0.1233932597297193 0.2803268504056612 0.030204795471681218
181916 0.1031913496546484 0.3561837199898398 0.030794165050067317
181952 0.01926668889409935 0.09395191663487112 0.01344677545009853
182327 0.2216360564777359 0.2679833596362008 0.02089357679176716
182867 0.1707466706557013 0.3759216702648949 0.037600770841070406
183237 0.2403368473332506 0.3208633697131827 0.024582712304047488
183681 0.1117267483774019 0.2594441712283399 0.01779129715166926
183700 0.1748470349874874 0.2138050471458611 0.02756050983272034
183952 0.01967497171444423 0.06799922262581544 0.005678295817440666
184046 0.07487445597653557 0.09633634691528518 0.016065748667620533
184978 0.1202091382081123 0.1275480922360963 0.01537598896508921
185847 0.2447374200797739 0.3393143376374071 0.01987023282797351
185878 0.09526104707690993 0.09963036843462425 0.006930043382256339
185938 0.2198919558851148 0.2607123405405572 0.011457236585582549
186196 0.08021470905418139 0.0818907963259721 0.009241253273291693
186508 0.1445419515543157 0.153799429251915 0.014274521096864076
187397 0.02166153799541608 0.03309051438622062 0.004483256098325035
187417 0.1703770439884445 0.1906982132322404 0.011470531305829992
189097 0.1630600724576628 0.1971001073794088 0.01899968086853117
189841 0.3680884710305379 0.5989613517895183 0.02281397751985293
190744 0.1020510707570435 0.1696986572936345 0.01605462814848697
190800 0.1351178616360137 0.1980171354459057 0.016993544161527045
191416 0.1743795025637032 0.1788810251888835 0.013718437621459217
191429 0.1814607023504813 0.5488379637464013 0.035777420065667274
191514 0.0569563645900143 0.07383424057427651 0.0134079496702166
191645 0.05769384072258815 0.08574365219526985 0.006347037049476155
192120 0.1209068937550699 0.1384080221240427 0.017799360265051575
192162 0.196397576566769 0.3064757636541629 0.03193918134410765
193245 0.1540581374235441 0.2009730215706627 0.02783234809547436
193684 0.101158386178457 0.1573702913830812 0.020938088331582054
193979 0.1360040631543335 0.1380217092887118 0.01573787691437621
194064 0.1183224660067022 0.1305418663558661 0.015126133430565045
194189 0.2259317608728227 0.3592907570004699 0.025947839618580493
194227 0.3991325443280224 0.4443823359774144 0.018562939309829458
194580 0.1584053061295183 0.1861089854360266 0.012557334884240483
195076 0.1624486317756912 0.1801809859612411 0.013531125576457715
195646 0.1044092785696164 0.1239314531132405 0.0036196908758565184
195866 0.1949020602084739 0.4666216602224311 0.03737152014773709
196813 0.1788515092422677 0.1987852282097699 0.01232985514372718
197310 0.1430684300663241 0.3669098210631632 0.0387420275118393
197505 0.2341705819559709 0.2376459152708011 0.013202982609757824
197516 0.1938703942370178 0.3003794576773457 0.019962582557919075
197672 0.2073618676221108 0.3582932597090353 0.03022625108350262
198774 0.1334775233649808 0.1346771535610226 0.01427583236736108
199180 0.04044727516513628 0.04960377258284639 0.004324176506858467
199198 0.1302786158347614 0.1717311289112667 0.01936959868250858
199420 0.1405484240811647 0.1503276842229088 0.01669422694983935
199689 0.1948268345251171 0.2141648481530841 0.012950851166602053
199786 0.2819942726673952 0.2993277051980546 0.01382494288800423
199947 0.02005538903672791 0.1238425783679704 0.015001513544315268
199956 0.2032518892383394 0.3170569413074584 0.03032686277515712
199982 0.2722898159198099 0.5658906750069899 0.02556811717468296
200647 0.1407626077432843 0.2117324899553046 0.012992887685243593
201747 0.1899503378882586 0.2862194312763183 0.03050679226617819
201803 0.2280359942354263 0.4639458155420942 0.030571984598594133
203364 0.06926336759189664 0.1128051439743289 0.008515369925944906
204143 0.1966499687274255 0.2462796159850163 0.013275077492267992
204208 0.1745375116518215 0.1867836420487653 0.018199167522093693
204601 0.07996811117706212 0.147470522250818 0.014412072351461616
205316 0.3666782256771367 0.3687816430098211 0.015477992438842942
205710 0.2824778289833586 0.2860547316089651 0.019815173960456164
206526 0.0237410939594875 0.05605317760131529 0.003968229635861457
207120 0.1991777505255177 0.5081876750454343 0.04026274290900475
207271 0.1827832532847698 0.2451286073741355 0.022994626425978132
207276 0.1448537907648449 0.161094083633373 0.018324284180144392
207805 0.1426059206357247 0.1864612391512992 0.025073209505107028
208613 0.1530225161914095 0.1615415989037961 0.014103018725220295
209557 0.08160884344056527 0.1684238562944503 0.02012219815937518
209908 0.2692951132896039 0.3392393879805236 0.024207685884785328
210356 0.05966814667692255 0.08359215733581297 0.006364401755946768
210387 0.1978774000505963 0.3585040101277537 0.015904027214067765
210664 0.08759214764605858 0.1146526025194799 0.018414300398434294
210670 0.05292486389453092 0.05853212985820795 0.006652771755283493
210950 0.1955036066150284 0.2343927165248158 0.022254755344211508
211592 0.1763846515844104 0.2113222289935978 0.013433010858236885
212189 0.2396260964328009 0.2565774887439436 0.021137720152491588
212289 0.06321757148105028 0.07442080927742066 0.010587054587461862
213320 0.06999933896605853 0.1216876542593587 0.01720535968702176
213760 0.2712703940894291 0.277987598644389 0.022574332525421157
213882 0.06351788186592726 0.09788285707253297 0.01273714555556597
213951 0.1944774978544479 0.2441864041782139 0.013440237151807729
214073 0.1397696434729348 0.3335375140201312 0.037376600864235915
215287 0.1084373752423436 0.196099711329769 0.01630486894896249
215305 0.09002228392520649 0.2083477785670567 0.03247144163945251
216232 0.1125733730687537 0.2786832470014621 0.023386980244529728
216397 0.2338725192880854 0.2978460650412596 0.021115786687178277
216840 0.07156630010727522 0.0915848585380054 0.008835579263619454
216917 0.1164199967665416 0.1390393719178128 0.011085823183567758
217062 0.2402318990061633 0.2579125089652411 0.013781615344241766
217306 0.3593792361580872 0.4166391531955031 0.017234479943724047
217314 0.07320025525809462 0.09951973101814948 0.010783607010637472
217458 0.3255243343871079 0.4501467750014838 0.023084324506065654
217581 0.4567347955695815 0.4886918655529368 0.04607498272116697
217777 0.03154652208330874 0.06622667807315483 0.00746592673149383
217891 0.1211677658971825 0.1282501307295032 0.018104910306939417
218666 0.2578506484769896 0.2692061053682356 0.01668969904183043
218685 0.2068025661869823 0.2641408136644597 0.028541666973786867
218783 0.2901642730100836 0.3434164961493364 0.024202045885849535
219187 0.2317390029048038 0.2519522819374141 0.023083901123309904
219593 0.08631713550500378 0.098336583424301 0.008015688412647997
219649 0.1965290035526067 0.3024510653962227 0.028001028168019932
219736 0.1944264704412998 0.2423387982684293 0.019235428640254883
219958 0.1165920125591222 0.1205256195065479 0.013192005821773215
220059 0.02839962034374042 0.03994451087745893 0.008665401648119336
220236 0.1518366083975623 0.1922895441886465 0.02074753757762626
220309 0.03614266281739708 0.05617637073827034 0.00804839204037688
220566 0.04138592477347938 0.06942045383912955 0.010112824118899981
221048 0.106618712781529 0.1317359571479629 0.013533970368738513
221501 0.3442546984502662 0.3480600488934613 0.027475836430688922
221513 0.1322703715141751 0.1329143661773631 0.008041277056694407
221690 0.1684814510201293 0.1757425024184063 0.012156574749951203
222641 0.0967404206993617 0.1338167644070161 0.008907953782253997
222702 0.08878128853675705 0.1589631384454546 0.015064608058932448
223138 0.1154252046842461 0.1932444213811383 0.009373948701142444
223617 0.1170986475004513 0.1499024945456445 0.014845725046284475
223645 0.1437604507655602 0.2413748890210039 0.017601439324410426
223962 0.07084955235745962 0.0900861207584472 0.008155204647618068
223979 0.01165960941625856 0.05293956717029245 0.0061898505701636596
224033 0.1713143284925711 0.3836607310987441 0.028020549896587234
224124 0.2458827754773259 0.2827470202744325 0.007472654218692145
224129 0.1232789161925672 0.157858626320964 0.018713444839341536
225298 0.2262689731360233 0.2439557030576258 0.014946996371356592
225982 0.08933640099318387 0.2875876706666237 0.032200216799476385
226024 0.2649759341254036 0.4696100311625649 0.026383254719244426
226397 0.1598647560719161 0.2124653122677019 0.0197549247566951
228517 0.1181211423441247 0.1344194350826298 0.011286072111907162
229329 0.2013473931358675 0.2119491936521146 0.014918246705711064
229649 0.08153472644055653 0.1299382911005811 0.018925267673807405
229679 0.1065817082863538 0.1297364811337136 0.015422579157009416
230321 0.08764897975100219 0.09612469554989314 0.013909882917199044
230558 0.03744332538808719 0.03910077254234125 0.006038569345207651
230837 0.2378368380109985 0.3264381817852679 0.02743040517449668
231629 0.2900993596934368 0.3840099859325661 0.01833554469851408
231681 0.1052498182175622 0.1204280061580993 0.010397869014939307
232276 0.1592413256356409 0.1767422893407989 0.014115414791331611
232301 0.08504683983682544 0.2442532334608273 0.023597088385987564
232489 0.1311016893263422 0.1799803157417425 0.01060224010778902
232872 0.2577574694311424 0.2885962104046212 0.02007182926461522
233231 0.2256729255361301 0.5049262552879957 0.017436721517769406
233562 0.08134806500374073 0.08524132825748744 0.00874293577868597
234236 0.08502600335203294 0.09587862172219962 0.010383006580731874
234429 0.03919663305102887 0.05368798774274295 0.009025231730653303
234538 0.1235536865664197 0.203426616954792 0.023342360730618704
234815 0.08440032644645708 0.1240649464964325 0.009841251602836639
235064 0.1656609456290756 0.345254640100866 0.024648636719334302
235273 0.1170851396670985 0.1519050299009014 0.01414784568655057
235400 0.1350534997894671 0.1546114668872436 0.014209694141509577
236243 0.1642103492139104 0.1822709354459472 0.018902855736248156
236252 0.2394186042739029 0.2734364017356228 0.023331950277641476
236995 0.2004096177786232 0.2281337924909687 0.02182154693478898
237278 0.04574334525287491 0.2142720276207005 0.026805034040229613
237450 0.07762924766161287 0.0806892071258587 0.012370306160565019
237570 0.1597128484466717 0.1697676231848862 0.019347155592290156
